1	1	31	LT10	33	Weekly	1,2,3,4,5,6,7,8,9,10,11,12,13
2	1	31	LT10	34	Weekly	1,2,3,4,5,6,7,8,9,10,11,12,13
3	2	31	DSP	36	Weekly	1,2,3,4,5,6,7,8,9,10,11,12,13
4	2	31	DSP	37	Weekly	1,2,3,4,5,6,7,8,9,10,11,12,13
5	1	31	LT8	38	Weekly	1,2,3,4,5,6,7,8,9,10,11,12,13
6	3	3	LT10	59	Weekly	1,2,3,4,5,6,7,8,9,10,11,12,13
7	3	3	LT10	21	Weekly	1,2,3,4,5,6,7,8,9,10,11,12,13
8	4	21	TR11	3	Weekly	1,2,3,4,5,6,7,8,9,10,11,12,13
9	3	3	LT10	4	Weekly	1,2,3,4,5,6,7,8,9,10,11,12,13
10	5	21	ELE	15	Even	2,4,6,8,10,12
11	5	21	ELE	16	Even	2,4,6,8,10,12
12	6	3	LT10	58	Weekly	1,2,3,4,5,6,7,8,9,10,11,12,13
13	6	3	LT12	23	Weekly	1,2,3,4,5,6,7,8,9,10,11,12,13
14	6	3	LT10	44	Weekly	1,2,3,4,5,6,7,8,9,10,11,12,13
15	7	21	TR11	43	Weekly	1,2,3,4,5,6,7,8,9,10,11,12,13
16	8	21	CL1	62	Weekly	1,2,3,4,5,6,7,8,9,10,11,12,13
17	8	21	CL1	63	Weekly	1,2,3,4,5,6,7,8,9,10,11,12,13
18	9	3	LT8	60	Weekly	1,2,3,4,5,6,7,8,9,10,11,12,13
19	9	3	LT8	5	Weekly	1,2,3,4,5,6,7,8,9,10,11,12,13
20	9	3	LT10	31	Weekly	1,2,3,4,5,6,7,8,9,10,11,12,13
21	10	21	TR14	32	Weekly	1,2,3,4,5,6,7,8,9,10,11,12,13
22	11	15	DIG	59	Odd	1,3,5,7,9,11,13
23	11	15	DIG	60	Odd	1,3,5,7,9,11,13
24	12	3	LT2A	61	Weekly	1,2,3,4,5,6,7,8,9,10,11,12,13
25	13	15	TR13	6	Weekly	1,2,3,4,5,6,7,8,9,10,11,12,13
26	13	16	TR14	8	Weekly	1,2,3,4,5,6,7,8,9,10,11,12,13
27	13	12	TR12	16	Weekly	1,2,3,4,5,6,7,8,9,10,11,12,13
28	13	17	TR15	21	Weekly	1,2,3,4,5,6,7,8,9,10,11,12,13
29	11	14	DIG	45	Even	2,4,6,8,10,12
30	11	14	DIG	46	Even	2,4,6,8,10,12
31	13	14	TR12	32	Weekly	1,2,3,4,5,6,7,8,9,10,11,12,13
32	13	13	TR11	31	Weekly	1,2,3,4,5,6,7,8,9,10,11,12,13
33	11	12	DIG	31	Even	2,4,6,8,10,12
34	11	12	DIG	32	Even	2,4,6,8,10,12
35	11	11	DIG	31	Odd	1,3,5,7,9,11,13
36	11	11	DIG	32	Odd	1,3,5,7,9,11,13
37	11	13	DIG	45	Odd	1,3,5,7,9,11,13
38	11	13	DIG	46	Odd	1,3,5,7,9,11,13
39	12	3	LT19	19	Weekly	1,2,3,4,5,6,7,8,9,10,11,12,13
40	13	11	TR11	15	Weekly	1,2,3,4,5,6,7,8,9,10,11,12,13
41	11	17	DIG	7	Odd	1,3,5,7,9,11,13
42	11	17	DIG	8	Odd	1,3,5,7,9,11,13
43	12	3	LT2A	2	Weekly	1,2,3,4,5,6,7,8,9,10,11,12,13
44	11	16	DIG	59	Even	2,4,6,8,10,12
45	11	16	DIG	60	Even	2,4,6,8,10,12
46	14	17	CL1	59	Weekly	1,2,3,4,5,6,7,8,9,10,11,12,13
47	14	17	CL1	60	Weekly	1,2,3,4,5,6,7,8,9,10,11,12,13
48	14	12	CL1	7	Weekly	1,2,3,4,5,6,7,8,9,10,11,12,13
49	14	12	CL1	8	Weekly	1,2,3,4,5,6,7,8,9,10,11,12,13
50	15	15	TR13	8	Weekly	1,2,3,4,5,6,7,8,9,10,11,12,13
51	15	12	TR12	15	Weekly	1,2,3,4,5,6,7,8,9,10,11,12,13
52	14	14	CL1	21	Weekly	1,2,3,4,5,6,7,8,9,10,11,12,13
53	14	14	CL1	22	Weekly	1,2,3,4,5,6,7,8,9,10,11,12,13
54	15	17	TR15	22	Weekly	1,2,3,4,5,6,7,8,9,10,11,12,13
55	15	13	TR11	32	Weekly	1,2,3,4,5,6,7,8,9,10,11,12,13
56	15	14	TR12	31	Weekly	1,2,3,4,5,6,7,8,9,10,11,12,13
57	14	15	CL1	31	Weekly	1,2,3,4,5,6,7,8,9,10,11,12,13
58	14	15	CL1	32	Weekly	1,2,3,4,5,6,7,8,9,10,11,12,13
59	16	3	LT2A	30	Weekly	1,2,3,4,5,6,7,8,9,10,11,12,13
60	16	3	LT2A	51	Weekly	1,2,3,4,5,6,7,8,9,10,11,12,13
61	14	16	CL1	21	Weekly	1,2,3,4,5,6,7,8,9,10,11,12,13
62	14	16	CL1	22	Weekly	1,2,3,4,5,6,7,8,9,10,11,12,13
63	15	11	TR11	16	Weekly	1,2,3,4,5,6,7,8,9,10,11,12,13
64	14	13	CL1	15	Weekly	1,2,3,4,5,6,7,8,9,10,11,12,13
65	14	13	CL1	16	Weekly	1,2,3,4,5,6,7,8,9,10,11,12,13
66	15	16	TR14	7	Weekly	1,2,3,4,5,6,7,8,9,10,11,12,13
67	14	11	CL1	5	Weekly	1,2,3,4,5,6,7,8,9,10,11,12,13
68	14	11	CL1	6	Weekly	1,2,3,4,5,6,7,8,9,10,11,12,13
69	16	3	LT2A	2	Weekly	1,2,3,4,5,6,7,8,9,10,11,12,13
70	17	13	TR13	60	Weekly	1,2,3,4,5,6,7,8,9,10,11,12,13
71	17	15	TR13	7	Weekly	1,2,3,4,5,6,7,8,9,10,11,12,13
72	17	14	TR13	16	Weekly	1,2,3,4,5,6,7,8,9,10,11,12,13
73	17	18	TR18	21	Weekly	1,2,3,4,5,6,7,8,9,10,11,12,13
74	17	12	TR15	47	Weekly	1,2,3,4,5,6,7,8,9,10,11,12,13
75	17	19	TR19	30	Weekly	1,2,3,4,5,6,7,8,9,10,11,12,13
76	18	3	LT2A	29	Weekly	1,2,3,4,5,6,7,8,9,10,11,12,13
77	17	17	TR12	44	Weekly	1,2,3,4,5,6,7,8,9,10,11,12,13
78	18	3	LT2A	18	Weekly	1,2,3,4,5,6,7,8,9,10,11,12,13
79	17	11	TR18	8	Weekly	1,2,3,4,5,6,7,8,9,10,11,12,13
80	17	16	TR14	6	Weekly	1,2,3,4,5,6,7,8,9,10,11,12,13
81	18	3	LT2A	64	Weekly	1,2,3,4,5,6,7,8,9,10,11,12,13
82	17	20	TR16	3	Weekly	1,2,3,4,5,6,7,8,9,10,11,12,13
83	19	6	LT20	7	Weekly	1,2,3,4,5,6,7,8,9,10,11,12,13
84	19	6	LT20	8	Weekly	1,2,3,4,5,6,7,8,9,10,11,12,13
85	19	6	LT20	19	Weekly	1,2,3,4,5,6,7,8,9,10,11,12,13
86	20	57	TR10	16	Weekly	1,2,3,4,5,6,7,8,9,10,11,12,13
87	21	5	LT8	21	Weekly	1,2,3,4,5,6,7,8,9,10,11,12,13
88	20	58	TR11	45	Weekly	1,2,3,4,5,6,7,8,9,10,11,12,13
89	20	59	TR14	51	Weekly	1,2,3,4,5,6,7,8,9,10,11,12,13
90	20	60	TR16	50	Weekly	1,2,3,4,5,6,7,8,9,10,11,12,13
91	21	5	LT19	47	Weekly	1,2,3,4,5,6,7,8,9,10,11,12,13
92	20	56	TR17	22	Weekly	1,2,3,4,5,6,7,8,9,10,11,12,13
93	22	19	DIG	57	Odd	1,3,5,7,9,11,13
94	22	19	DIG	58	Odd	1,3,5,7,9,11,13
95	22	50	DIG	61	Odd	1,3,5,7,9,11,13
96	22	50	DIG	62	Odd	1,3,5,7,9,11,13
97	23	19	TR19	63	Weekly	1,2,3,4,5,6,7,8,9,10,11,12,13
98	24	4	LT19	5	Weekly	1,2,3,4,5,6,7,8,9,10,11,12,13
99	23	50	TR12	23	Weekly	1,2,3,4,5,6,7,8,9,10,11,12,13
100	24	4	LT19	49	Weekly	1,2,3,4,5,6,7,8,9,10,11,12,13
101	24	4	LT8	22	Weekly	1,2,3,4,5,6,7,8,9,10,11,12,13
102	23	20	TR14	2	Weekly	1,2,3,4,5,6,7,8,9,10,11,12,13
103	22	20	DIG	57	Even	2,4,6,8,10,12
104	22	20	DIG	58	Even	2,4,6,8,10,12
105	25	19	CE	57	Even	2,4,6,8,10,12
106	25	19	CE	58	Even	2,4,6,8,10,12
107	25	50	CE	61	Even	2,4,6,8,10,12
108	25	50	CE	62	Even	2,4,6,8,10,12
109	26	4	LT19	21	Weekly	1,2,3,4,5,6,7,8,9,10,11,12,13
110	27	20	TR19	45	Weekly	1,2,3,4,5,6,7,8,9,10,11,12,13
111	27	50	TR19	51	Weekly	1,2,3,4,5,6,7,8,9,10,11,12,13
112	26	4	LT19	48	Weekly	1,2,3,4,5,6,7,8,9,10,11,12,13
113	27	19	TR14	44	Weekly	1,2,3,4,5,6,7,8,9,10,11,12,13
114	26	4	LT19	8	Weekly	1,2,3,4,5,6,7,8,9,10,11,12,13
115	25	20	CE	57	Odd	1,3,5,7,9,11,13
116	25	20	CE	58	Odd	1,3,5,7,9,11,13
117	28	4	LT10	65	Weekly	1,2,3,4,5,6,7,8,9,10,11,12,13
118	28	4	LT8	9	Weekly	1,2,3,4,5,6,7,8,9,10,11,12,13
119	29	50	TR11	17	Weekly	1,2,3,4,5,6,7,8,9,10,11,12,13
120	28	4	LT8	43	Weekly	1,2,3,4,5,6,7,8,9,10,11,12,13
121	30	50	MS	46	Odd	1,3,5,7,9,11,13
122	30	50	MS	47	Odd	1,3,5,7,9,11,13
123	30	18	MS	47	Even	2,4,6,8,10,12
124	30	18	MS	48	Even	2,4,6,8,10,12
125	30	20	MS	31	Even	2,4,6,8,10,12
126	30	20	MS	32	Even	2,4,6,8,10,12
127	30	19	MS	31	Odd	1,3,5,7,9,11,13
128	30	19	MS	32	Odd	1,3,5,7,9,11,13
129	29	18	TR10	30	Weekly	1,2,3,4,5,6,7,8,9,10,11,12,13
130	29	20	TR17	46	Weekly	1,2,3,4,5,6,7,8,9,10,11,12,13
131	29	19	TR13	45	Weekly	1,2,3,4,5,6,7,8,9,10,11,12,13
132	31	20	TR13	63	Weekly	1,2,3,4,5,6,7,8,9,10,11,12,13
133	31	19	TR13	3	Weekly	1,2,3,4,5,6,7,8,9,10,11,12,13
134	31	50	TR11	6	Weekly	1,2,3,4,5,6,7,8,9,10,11,12,13
135	32	4	LT19	7	Weekly	1,2,3,4,5,6,7,8,9,10,11,12,13
136	31	18	TR18	22	Weekly	1,2,3,4,5,6,7,8,9,10,11,12,13
137	32	4	LT20	50	Weekly	1,2,3,4,5,6,7,8,9,10,11,12,13
138	32	4	LT19	20	Weekly	1,2,3,4,5,6,7,8,9,10,11,12,13
139	33	4	LT19	57	Weekly	1,2,3,4,5,6,7,8,9,10,11,12,13
140	34	47	TR11	63	Weekly	1,2,3,4,5,6,7,8,9,10,11,12,13
141	34	48	TR13	64	Weekly	1,2,3,4,5,6,7,8,9,10,11,12,13
142	35	46	CL2	63	Even	2,4,6,8,10,12
143	35	45	CL2	63	Odd	1,3,5,7,9,11,13
144	35	45	CL2	64	Odd	1,3,5,7,9,11,13
145	34	45	TR11	1	Weekly	1,2,3,4,5,6,7,8,9,10,11,12,13
146	35	47	CL2	7	Odd	1,3,5,7,9,11,13
147	35	47	CL2	8	Odd	1,3,5,7,9,11,13
148	34	49	TR15	50	Weekly	1,2,3,4,5,6,7,8,9,10,11,12,13
149	35	44	CL2	49	Even	2,4,6,8,10,12
150	35	44	CL2	50	Even	2,4,6,8,10,12
151	35	43	CL2	49	Odd	1,3,5,7,9,11,13
152	35	43	CL2	50	Odd	1,3,5,7,9,11,13
153	35	49	CL2	45	Odd	1,3,5,7,9,11,13
154	35	49	CL2	46	Odd	1,3,5,7,9,11,13
155	33	4	LT2A	44	Weekly	1,2,3,4,5,6,7,8,9,10,11,12,13
156	34	44	TR12	22	Weekly	1,2,3,4,5,6,7,8,9,10,11,12,13
157	34	43	TR15	19	Weekly	1,2,3,4,5,6,7,8,9,10,11,12,13
158	33	4	LT2A	15	Weekly	1,2,3,4,5,6,7,8,9,10,11,12,13
159	35	48	CL2	7	Even	2,4,6,8,10,12
160	35	48	CL2	8	Even	2,4,6,8,10,12
161	34	46	TR12	2	Weekly	1,2,3,4,5,6,7,8,9,10,11,12,13
162	36	47	TR11	58	Weekly	1,2,3,4,5,6,7,8,9,10,11,12,13
163	37	46	CE	63	Odd	1,3,5,7,9,11,13
164	37	46	CE	64	Odd	1,3,5,7,9,11,13
165	36	48	TR12	63	Weekly	1,2,3,4,5,6,7,8,9,10,11,12,13
166	37	45	CE	63	Even	2,4,6,8,10,12
167	37	45	CE	64	Even	2,4,6,8,10,12
168	38	4	LT2A	59	Weekly	1,2,3,4,5,6,7,8,9,10,11,12,13
169	36	46	TR12	1	Weekly	1,2,3,4,5,6,7,8,9,10,11,12,13
170	38	4	LT2A	4	Weekly	1,2,3,4,5,6,7,8,9,10,11,12,13
171	36	49	TR15	51	Weekly	1,2,3,4,5,6,7,8,9,10,11,12,13
172	37	44	CE	49	Odd	1,3,5,7,9,11,13
173	37	44	CE	50	Odd	1,3,5,7,9,11,13
174	37	43	CE	49	Even	2,4,6,8,10,12
175	37	43	CE	50	Even	2,4,6,8,10,12
176	37	18	CE	47	Odd	1,3,5,7,9,11,13
177	37	18	CE	48	Odd	1,3,5,7,9,11,13
178	37	49	CE	45	Even	2,4,6,8,10,12
179	37	49	CE	46	Even	2,4,6,8,10,12
180	36	44	TR12	21	Weekly	1,2,3,4,5,6,7,8,9,10,11,12,13
181	36	45	TR19	20	Weekly	1,2,3,4,5,6,7,8,9,10,11,12,13
182	37	48	CE	7	Odd	1,3,5,7,9,11,13
183	37	48	CE	8	Odd	1,3,5,7,9,11,13
184	37	47	CE	7	Even	2,4,6,8,10,12
185	37	47	CE	8	Even	2,4,6,8,10,12
186	38	4	LT2A	32	Weekly	1,2,3,4,5,6,7,8,9,10,11,12,13
187	36	18	TR16	31	Weekly	1,2,3,4,5,6,7,8,9,10,11,12,13
188	36	45	TR11	2	Weekly	1,2,3,4,5,6,7,8,9,10,11,12,13
189	39	18	SWE	61	Weekly	1,2,3,4,5,6,7,8,9,10,11,12,13
190	39	18	SWE	62	Weekly	1,2,3,4,5,6,7,8,9,10,11,12,13
191	39	43	SWE	63	Weekly	1,2,3,4,5,6,7,8,9,10,11,12,13
192	39	43	SWE	64	Weekly	1,2,3,4,5,6,7,8,9,10,11,12,13
193	39	44	SWE	63	Weekly	1,2,3,4,5,6,7,8,9,10,11,12,13
194	39	44	SWE	64	Weekly	1,2,3,4,5,6,7,8,9,10,11,12,13
195	40	4	LT2A	3	Weekly	1,2,3,4,5,6,7,8,9,10,11,12,13
196	40	4	LT2A	16	Weekly	1,2,3,4,5,6,7,8,9,10,11,12,13
197	41	45	TR13	30	Weekly	1,2,3,4,5,6,7,8,9,10,11,12,13
198	41	46	TR14	29	Weekly	1,2,3,4,5,6,7,8,9,10,11,12,13
199	39	48	SWE	29	Weekly	1,2,3,4,5,6,7,8,9,10,11,12,13
200	39	48	SWE	30	Weekly	1,2,3,4,5,6,7,8,9,10,11,12,13
201	39	47	SWE	29	Weekly	1,2,3,4,5,6,7,8,9,10,11,12,13
202	39	47	SWE	30	Weekly	1,2,3,4,5,6,7,8,9,10,11,12,13
203	41	44	TR12	48	Weekly	1,2,3,4,5,6,7,8,9,10,11,12,13
204	41	43	TR11	47	Weekly	1,2,3,4,5,6,7,8,9,10,11,12,13
205	39	46	SWE	47	Weekly	1,2,3,4,5,6,7,8,9,10,11,12,13
206	39	46	SWE	48	Weekly	1,2,3,4,5,6,7,8,9,10,11,12,13
207	39	45	SWE	47	Weekly	1,2,3,4,5,6,7,8,9,10,11,12,13
208	39	45	SWE	48	Weekly	1,2,3,4,5,6,7,8,9,10,11,12,13
209	40	4	LT2A	45	Weekly	1,2,3,4,5,6,7,8,9,10,11,12,13
210	41	48	TR12	20	Weekly	1,2,3,4,5,6,7,8,9,10,11,12,13
211	41	47	TR11	19	Weekly	1,2,3,4,5,6,7,8,9,10,11,12,13
212	41	18	TR12	6	Weekly	1,2,3,4,5,6,7,8,9,10,11,12,13
213	42	4	LT8	62	Weekly	1,2,3,4,5,6,7,8,9,10,11,12,13
214	43	45	ELE	19	Weekly	1,2,3,4,5,6,7,8,9,10,11,12,13
215	43	45	ELE	20	Weekly	1,2,3,4,5,6,7,8,9,10,11,12,13
216	42	4	LT8	18	Weekly	1,2,3,4,5,6,7,8,9,10,11,12,13
217	43	43	ELE	1	Weekly	1,2,3,4,5,6,7,8,9,10,11,12,13
218	43	43	ELE	2	Weekly	1,2,3,4,5,6,7,8,9,10,11,12,13
219	44	48	TR12	19	Weekly	1,2,3,4,5,6,7,8,9,10,11,12,13
220	43	46	ELE	21	Weekly	1,2,3,4,5,6,7,8,9,10,11,12,13
221	43	46	ELE	22	Weekly	1,2,3,4,5,6,7,8,9,10,11,12,13
222	43	17	ELE	45	Weekly	1,2,3,4,5,6,7,8,9,10,11,12,13
223	43	17	ELE	46	Weekly	1,2,3,4,5,6,7,8,9,10,11,12,13
224	42	4	LT8	31	Weekly	1,2,3,4,5,6,7,8,9,10,11,12,13
225	44	46	TR14	30	Weekly	1,2,3,4,5,6,7,8,9,10,11,12,13
226	44	45	TR13	29	Weekly	1,2,3,4,5,6,7,8,9,10,11,12,13
227	43	44	ELE	29	Weekly	1,2,3,4,5,6,7,8,9,10,11,12,13
228	43	44	ELE	30	Weekly	1,2,3,4,5,6,7,8,9,10,11,12,13
229	43	47	ELE	49	Weekly	1,2,3,4,5,6,7,8,9,10,11,12,13
230	43	47	ELE	50	Weekly	1,2,3,4,5,6,7,8,9,10,11,12,13
231	44	43	TR11	48	Weekly	1,2,3,4,5,6,7,8,9,10,11,12,13
232	44	44	TR12	47	Weekly	1,2,3,4,5,6,7,8,9,10,11,12,13
233	43	48	ELE	47	Weekly	1,2,3,4,5,6,7,8,9,10,11,12,13
234	43	48	ELE	48	Weekly	1,2,3,4,5,6,7,8,9,10,11,12,13
235	44	17	TR12	43	Weekly	1,2,3,4,5,6,7,8,9,10,11,12,13
236	44	47	TR11	20	Weekly	1,2,3,4,5,6,7,8,9,10,11,12,13
237	45	5	LT10	60	Weekly	1,2,3,4,5,6,7,8,9,10,11,12,13
238	45	5	LT10	5	Weekly	1,2,3,4,5,6,7,8,9,10,11,12,13
239	46	49	TR15	8	Weekly	1,2,3,4,5,6,7,8,9,10,11,12,13
240	46	56	TR13	19	Weekly	1,2,3,4,5,6,7,8,9,10,11,12,13
241	47	57	COMM	45	Even	2,4,6,8,10,12
242	47	57	COMM	46	Even	2,4,6,8,10,12
243	45	5	LT8	30	Weekly	1,2,3,4,5,6,7,8,9,10,11,12,13
244	46	57	TR10	32	Weekly	1,2,3,4,5,6,7,8,9,10,11,12,13
245	47	56	COMM	49	Odd	1,3,5,7,9,11,13
246	47	56	COMM	50	Odd	1,3,5,7,9,11,13
247	47	49	COMM	21	Even	2,4,6,8,10,12
248	47	49	COMM	22	Even	2,4,6,8,10,12
249	48	57	TR10	62	Weekly	1,2,3,4,5,6,7,8,9,10,11,12,13
250	49	49	COMM	21	Odd	1,3,5,7,9,11,13
251	49	49	COMM	22	Odd	1,3,5,7,9,11,13
252	49	57	COMM	45	Odd	1,3,5,7,9,11,13
253	49	57	COMM	46	Odd	1,3,5,7,9,11,13
254	50	5	LT19	29	Weekly	1,2,3,4,5,6,7,8,9,10,11,12,13
255	49	56	COMM	49	Even	2,4,6,8,10,12
256	49	56	COMM	50	Even	2,4,6,8,10,12
257	48	56	TR14	43	Weekly	1,2,3,4,5,6,7,8,9,10,11,12,13
258	48	49	TR18	7	Weekly	1,2,3,4,5,6,7,8,9,10,11,12,13
259	50	5	LT8	63	Weekly	1,2,3,4,5,6,7,8,9,10,11,12,13
260	50	5	LT8	2	Weekly	1,2,3,4,5,6,7,8,9,10,11,12,13
261	51	5	LT19	58	Weekly	1,2,3,4,5,6,7,8,9,10,11,12,13
262	51	5	LT2A	17	Weekly	1,2,3,4,5,6,7,8,9,10,11,12,13
263	52	56	TR10	44	Weekly	1,2,3,4,5,6,7,8,9,10,11,12,13
264	53	56	DB	31	Even	2,4,6,8,10,12
265	53	56	DB	32	Even	2,4,6,8,10,12
266	53	57	DB	19	Odd	1,3,5,7,9,11,13
267	53	57	DB	20	Odd	1,3,5,7,9,11,13
268	53	58	DB	15	Odd	1,3,5,7,9,11,13
269	53	58	DB	16	Odd	1,3,5,7,9,11,13
270	52	58	TR13	59	Weekly	1,2,3,4,5,6,7,8,9,10,11,12,13
271	52	57	TR10	3	Weekly	1,2,3,4,5,6,7,8,9,10,11,12,13
272	51	5	LT19	6	Weekly	1,2,3,4,5,6,7,8,9,10,11,12,13
273	54	6	LT19	2	Weekly	1,2,3,4,5,6,7,8,9,10,11,12,13
274	54	6	LT19	3	Weekly	1,2,3,4,5,6,7,8,9,10,11,12,13
275	54	6	LT19	51	Weekly	1,2,3,4,5,6,7,8,9,10,11,12,13
276	55	6	LT19	52	Weekly	1,2,3,4,5,6,7,8,9,10,11,12,13
277	56	6	LT19	61	Weekly	1,2,3,4,5,6,7,8,9,10,11,12,13
278	56	6	LT19	43	Weekly	1,2,3,4,5,6,7,8,9,10,11,12,13
279	56	6	LT19	16	Weekly	1,2,3,4,5,6,7,8,9,10,11,12,13
280	57	6	LT19	62	Weekly	1,2,3,4,5,6,7,8,9,10,11,12,13
281	58	6	LT19A	59	Weekly	1,2,3,4,5,6,7,8,9,10,11,12,13
282	59	6	LT19A	60	Weekly	1,2,3,4,5,6,7,8,9,10,11,12,13
283	58	6	LT8	20	Weekly	1,2,3,4,5,6,7,8,9,10,11,12,13
284	58	6	LT19A	32	Weekly	1,2,3,4,5,6,7,8,9,10,11,12,13
285	60	6	LT2A	11	Weekly	1,2,3,4,5,6,7,8,9,10,11,12,13
286	61	6	LT2A	12	Weekly	1,2,3,4,5,6,7,8,9,10,11,12,13
287	60	6	LT8	33	Weekly	1,2,3,4,5,6,7,8,9,10,11,12,13
288	60	6	LT8	34	Weekly	1,2,3,4,5,6,7,8,9,10,11,12,13
289	62	6	LT8	64	Weekly	1,2,3,4,5,6,7,8,9,10,11,12,13
290	62	6	LT8	46	Weekly	1,2,3,4,5,6,7,8,9,10,11,12,13
291	63	6	LT8	29	Weekly	1,2,3,4,5,6,7,8,9,10,11,12,13
292	62	6	LT8	23	Weekly	1,2,3,4,5,6,7,8,9,10,11,12,13
293	64	6	LT19	10	Weekly	1,2,3,4,5,6,7,8,9,10,11,12,13
294	64	6	LT19	18	Weekly	1,2,3,4,5,6,7,8,9,10,11,12,13
295	64	6	LT19	37	Weekly	1,2,3,4,5,6,7,8,9,10,11,12,13
296	65	6	LT19	38	Weekly	1,2,3,4,5,6,7,8,9,10,11,12,13
297	66	6	LT19	1	Weekly	1,2,3,4,5,6,7,8,9,10,11,12,13
298	66	6	LT19	25	Weekly	1,2,3,4,5,6,7,8,9,10,11,12,13
299	67	6	LT19	26	Weekly	1,2,3,4,5,6,7,8,9,10,11,12,13
300	66	6	LT2A	48	Weekly	1,2,3,4,5,6,7,8,9,10,11,12,13
301	68	6	LT19	9	Weekly	1,2,3,4,5,6,7,8,9,10,11,12,13
302	69	6	LT19	54	Weekly	1,2,3,4,5,6,7,8,9,10,11,12,13
303	68	6	LT19	53	Weekly	1,2,3,4,5,6,7,8,9,10,11,12,13
304	68	6	LT19	24	Weekly	1,2,3,4,5,6,7,8,9,10,11,12,13
305	70	6	LT19	63	Weekly	1,2,3,4,5,6,7,8,9,10,11,12,13
306	71	6	LT19	17	Weekly	1,2,3,4,5,6,7,8,9,10,11,12,13
307	70	6	LT8	15	Weekly	1,2,3,4,5,6,7,8,9,10,11,12,13
308	70	6	LT19	4	Weekly	1,2,3,4,5,6,7,8,9,10,11,12,13
309	72	6	LT19	65	Weekly	1,2,3,4,5,6,7,8,9,10,11,12,13
310	73	6	LT19	66	Weekly	1,2,3,4,5,6,7,8,9,10,11,12,13
311	72	6	LT22	30	Weekly	1,2,3,4,5,6,7,8,9,10,11,12,13
312	72	6	LT19	50	Weekly	1,2,3,4,5,6,7,8,9,10,11,12,13
313	74	6	LT19	22	Weekly	1,2,3,4,5,6,7,8,9,10,11,12,13
314	75	6	LT19	44	Weekly	1,2,3,4,5,6,7,8,9,10,11,12,13
315	74	6	LT2A	31	Weekly	1,2,3,4,5,6,7,8,9,10,11,12,13
316	74	6	LT19	45	Weekly	1,2,3,4,5,6,7,8,9,10,11,12,13
317	76	6	LT2A	57	Weekly	1,2,3,4,5,6,7,8,9,10,11,12,13
318	77	6	LT2A	58	Weekly	1,2,3,4,5,6,7,8,9,10,11,12,13
319	76	6	LT2A	5	Weekly	1,2,3,4,5,6,7,8,9,10,11,12,13
320	76	6	LT2A	49	Weekly	1,2,3,4,5,6,7,8,9,10,11,12,13
321	78	6	LT2A	67	Weekly	1,2,3,4,5,6,7,8,9,10,11,12,13
322	78	6	LT19A	21	Weekly	1,2,3,4,5,6,7,8,9,10,11,12,13
323	78	6	LT2A	35	Weekly	1,2,3,4,5,6,7,8,9,10,11,12,13
324	78	6	LT2A	6	Weekly	1,2,3,4,5,6,7,8,9,10,11,12,13
325	79	6	LT2A	68	Weekly	1,2,3,4,5,6,7,8,9,10,11,12,13
326	80	6	LT8	36	Weekly	1,2,3,4,5,6,7,8,9,10,11,12,13
327	81	6	LT19	41	Weekly	1,2,3,4,5,6,7,8,9,10,11,12,13
328	81	6	LT19	40	Weekly	1,2,3,4,5,6,7,8,9,10,11,12,13
329	81	6	LT19	39	Weekly	1,2,3,4,5,6,7,8,9,10,11,12,13
330	82	7	LT10	58	Weekly	1,2,3,4,5,6,7,8,9,10,11,12,13
331	82	7	LT12	23	Weekly	1,2,3,4,5,6,7,8,9,10,11,12,13
332	82	7	LT10	44	Weekly	1,2,3,4,5,6,7,8,9,10,11,12,13
333	83	29	TR13	22	Weekly	1,2,3,4,5,6,7,8,9,10,11,12,13
334	84	29	CL1	17	Weekly	1,2,3,4,5,6,7,8,9,10,11,12,13
335	84	29	CL1	18	Weekly	1,2,3,4,5,6,7,8,9,10,11,12,13
336	85	7	LT8	60	Weekly	1,2,3,4,5,6,7,8,9,10,11,12,13
337	85	7	LT10	31	Weekly	1,2,3,4,5,6,7,8,9,10,11,12,13
338	85	7	LT8	5	Weekly	1,2,3,4,5,6,7,8,9,10,11,12,13
339	86	29	TR12	62	Weekly	1,2,3,4,5,6,7,8,9,10,11,12,13
340	87	23	TR12	57	Weekly	1,2,3,4,5,6,7,8,9,10,11,12,13
341	88	7	LT19	19	Weekly	1,2,3,4,5,6,7,8,9,10,11,12,13
342	89	24	DIG	15	Even	2,4,6,8,10,12
343	89	24	DIG	16	Even	2,4,6,8,10,12
344	89	23	DIG	15	Even	2,4,6,8,10,12
345	89	23	DIG	16	Even	2,4,6,8,10,12
346	89	1	DIG	15	Odd	1,3,5,7,9,11,13
347	89	1	DIG	16	Odd	1,3,5,7,9,11,13
348	87	1	TR12	58	Weekly	1,2,3,4,5,6,7,8,9,10,11,12,13
349	87	22	TR14	59	Weekly	1,2,3,4,5,6,7,8,9,10,11,12,13
350	88	7	LT2A	61	Weekly	1,2,3,4,5,6,7,8,9,10,11,12,13
351	89	22	DIG	3	Odd	1,3,5,7,9,11,13
352	89	22	DIG	4	Odd	1,3,5,7,9,11,13
353	88	7	LT2A	2	Weekly	1,2,3,4,5,6,7,8,9,10,11,12,13
354	87	24	TR12	57	Weekly	1,2,3,4,5,6,7,8,9,10,11,12,13
355	90	22	TR11	57	Weekly	1,2,3,4,5,6,7,8,9,10,11,12,13
356	90	23	TR15	59	Weekly	1,2,3,4,5,6,7,8,9,10,11,12,13
357	91	7	LT2A	2	Weekly	1,2,3,4,5,6,7,8,9,10,11,12,13
358	92	24	CL1	3	Weekly	1,2,3,4,5,6,7,8,9,10,11,12,13
359	92	24	CL1	4	Weekly	1,2,3,4,5,6,7,8,9,10,11,12,13
360	92	28	CL1	15	Weekly	1,2,3,4,5,6,7,8,9,10,11,12,13
361	92	28	CL1	16	Weekly	1,2,3,4,5,6,7,8,9,10,11,12,13
362	91	7	LT2A	30	Weekly	1,2,3,4,5,6,7,8,9,10,11,12,13
363	92	1	CL1	31	Weekly	1,2,3,4,5,6,7,8,9,10,11,12,13
364	92	1	CL1	32	Weekly	1,2,3,4,5,6,7,8,9,10,11,12,13
365	91	7	LT2A	51	Weekly	1,2,3,4,5,6,7,8,9,10,11,12,13
366	92	22	CL1	15	Weekly	1,2,3,4,5,6,7,8,9,10,11,12,13
367	92	22	CL1	16	Weekly	1,2,3,4,5,6,7,8,9,10,11,12,13
368	92	23	CL1	3	Weekly	1,2,3,4,5,6,7,8,9,10,11,12,13
369	92	23	CL1	4	Weekly	1,2,3,4,5,6,7,8,9,10,11,12,13
370	90	24	TR15	59	Weekly	1,2,3,4,5,6,7,8,9,10,11,12,13
371	90	1	TR12	59	Weekly	1,2,3,4,5,6,7,8,9,10,11,12,13
372	90	28	TR11	57	Weekly	1,2,3,4,5,6,7,8,9,10,11,12,13
373	93	22	TR10	17	Weekly	1,2,3,4,5,6,7,8,9,10,11,12,13
374	93	23	TR17	48	Weekly	1,2,3,4,5,6,7,8,9,10,11,12,13
375	94	7	LT10	29	Weekly	1,2,3,4,5,6,7,8,9,10,11,12,13
376	94	7	LT10	47	Weekly	1,2,3,4,5,6,7,8,9,10,11,12,13
377	93	24	TR10	17	Weekly	1,2,3,4,5,6,7,8,9,10,11,12,13
378	94	7	LT10	20	Weekly	1,2,3,4,5,6,7,8,9,10,11,12,13
379	93	1	TR12	46	Weekly	1,2,3,4,5,6,7,8,9,10,11,12,13
380	95	10	LT20	7	Weekly	1,2,3,4,5,6,7,8,9,10,11,12,13
381	95	10	LT20	8	Weekly	1,2,3,4,5,6,7,8,9,10,11,12,13
382	95	10	LT20	19	Weekly	1,2,3,4,5,6,7,8,9,10,11,12,13
383	96	53	TR14	18	Weekly	1,2,3,4,5,6,7,8,9,10,11,12,13
384	97	8	LT19	47	Weekly	1,2,3,4,5,6,7,8,9,10,11,12,13
385	96	52	TR18	46	Weekly	1,2,3,4,5,6,7,8,9,10,11,12,13
386	96	61	TR14	18	Weekly	1,2,3,4,5,6,7,8,9,10,11,12,13
387	96	25	TR14	19	Weekly	1,2,3,4,5,6,7,8,9,10,11,12,13
388	96	28	TR14	19	Weekly	1,2,3,4,5,6,7,8,9,10,11,12,13
389	97	8	LT8	21	Weekly	1,2,3,4,5,6,7,8,9,10,11,12,13
390	96	51	TR14	20	Weekly	1,2,3,4,5,6,7,8,9,10,11,12,13
391	98	26	CE	3	Even	2,4,6,8,10,12
392	98	26	CE	4	Even	2,4,6,8,10,12
393	99	27	TR14	31	Weekly	1,2,3,4,5,6,7,8,9,10,11,12,13
394	98	54	CE	31	Even	2,4,6,8,10,12
395	98	54	CE	32	Even	2,4,6,8,10,12
396	98	24	CE	31	Even	2,4,6,8,10,12
397	98	24	CE	32	Even	2,4,6,8,10,12
398	100	8	LT19	48	Weekly	1,2,3,4,5,6,7,8,9,10,11,12,13
399	99	26	TR16	44	Weekly	1,2,3,4,5,6,7,8,9,10,11,12,13
400	98	27	CE	3	Odd	1,3,5,7,9,11,13
401	98	27	CE	4	Odd	1,3,5,7,9,11,13
402	100	8	LT19	8	Weekly	1,2,3,4,5,6,7,8,9,10,11,12,13
403	99	54	TR13	17	Weekly	1,2,3,4,5,6,7,8,9,10,11,12,13
404	99	24	TR16	44	Weekly	1,2,3,4,5,6,7,8,9,10,11,12,13
405	100	8	LT19	21	Weekly	1,2,3,4,5,6,7,8,9,10,11,12,13
406	101	26	TR16	63	Weekly	1,2,3,4,5,6,7,8,9,10,11,12,13
407	101	27	TR20	1	Weekly	1,2,3,4,5,6,7,8,9,10,11,12,13
408	101	25	TR10	6	Weekly	1,2,3,4,5,6,7,8,9,10,11,12,13
409	102	8	LT10	7	Weekly	1,2,3,4,5,6,7,8,9,10,11,12,13
410	101	54	TR17	49	Weekly	1,2,3,4,5,6,7,8,9,10,11,12,13
411	102	8	LT10	50	Weekly	1,2,3,4,5,6,7,8,9,10,11,12,13
412	102	8	LT10	22	Weekly	1,2,3,4,5,6,7,8,9,10,11,12,13
413	103	26	MS	57	Odd	1,3,5,7,9,11,13
414	103	26	MS	58	Odd	1,3,5,7,9,11,13
415	104	25	TR17	63	Weekly	1,2,3,4,5,6,7,8,9,10,11,12,13
416	103	25	MS	1	Odd	1,3,5,7,9,11,13
417	103	25	MS	2	Odd	1,3,5,7,9,11,13
418	105	8	LT8	9	Weekly	1,2,3,4,5,6,7,8,9,10,11,12,13
419	104	27	TR15	44	Weekly	1,2,3,4,5,6,7,8,9,10,11,12,13
420	103	27	MS	29	Odd	1,3,5,7,9,11,13
421	103	27	MS	30	Odd	1,3,5,7,9,11,13
422	104	54	TR18	47	Weekly	1,2,3,4,5,6,7,8,9,10,11,12,13
423	105	8	LT8	43	Weekly	1,2,3,4,5,6,7,8,9,10,11,12,13
424	104	26	TR13	1	Weekly	1,2,3,4,5,6,7,8,9,10,11,12,13
425	105	8	LT10	65	Weekly	1,2,3,4,5,6,7,8,9,10,11,12,13
426	103	54	MS	61	Odd	1,3,5,7,9,11,13
427	103	54	MS	62	Odd	1,3,5,7,9,11,13
428	106	2	TR15	58	Weekly	1,2,3,4,5,6,7,8,9,10,11,12,13
429	107	25	CL2	1	Even	2,4,6,8,10,12
430	107	25	CL2	2	Even	2,4,6,8,10,12
431	107	26	CL2	15	Odd	1,3,5,7,9,11,13
432	107	26	CL2	16	Odd	1,3,5,7,9,11,13
433	107	27	CL2	29	Even	2,4,6,8,10,12
434	107	27	CL2	30	Even	2,4,6,8,10,12
435	107	2	CL2	47	Even	2,4,6,8,10,12
436	107	2	CL2	48	Even	2,4,6,8,10,12
437	108	8	LT8	46	Weekly	1,2,3,4,5,6,7,8,9,10,11,12,13
438	106	54	TR17	45	Weekly	1,2,3,4,5,6,7,8,9,10,11,12,13
439	106	25	TR17	44	Weekly	1,2,3,4,5,6,7,8,9,10,11,12,13
440	108	8	LT8	23	Weekly	1,2,3,4,5,6,7,8,9,10,11,12,13
441	106	26	TR16	19	Weekly	1,2,3,4,5,6,7,8,9,10,11,12,13
442	106	27	TR20	2	Weekly	1,2,3,4,5,6,7,8,9,10,11,12,13
443	108	8	LT8	64	Weekly	1,2,3,4,5,6,7,8,9,10,11,12,13
444	106	28	TR15	58	Weekly	1,2,3,4,5,6,7,8,9,10,11,12,13
445	107	28	CL2	61	Even	2,4,6,8,10,12
446	107	28	CL2	62	Even	2,4,6,8,10,12
447	107	54	CL2	61	Even	2,4,6,8,10,12
448	107	54	CL2	62	Even	2,4,6,8,10,12
449	109	8	LT19	57	Weekly	1,2,3,4,5,6,7,8,9,10,11,12,13
450	109	8	LT2A	15	Weekly	1,2,3,4,5,6,7,8,9,10,11,12,13
451	109	8	LT2A	44	Weekly	1,2,3,4,5,6,7,8,9,10,11,12,13
452	110	52	CL2	31	Odd	1,3,5,7,9,11,13
453	110	52	CL2	32	Odd	1,3,5,7,9,11,13
454	110	2	CL2	47	Odd	1,3,5,7,9,11,13
455	110	2	CL2	48	Odd	1,3,5,7,9,11,13
456	111	51	TR18	45	Weekly	1,2,3,4,5,6,7,8,9,10,11,12,13
457	111	2	TR16	16	Weekly	1,2,3,4,5,6,7,8,9,10,11,12,13
458	110	53	CL2	1	Odd	1,3,5,7,9,11,13
459	110	53	CL2	2	Odd	1,3,5,7,9,11,13
460	111	52	TR15	60	Weekly	1,2,3,4,5,6,7,8,9,10,11,12,13
461	111	53	TR15	60	Weekly	1,2,3,4,5,6,7,8,9,10,11,12,13
462	110	51	CL2	1	Odd	1,3,5,7,9,11,13
463	110	51	CL2	2	Odd	1,3,5,7,9,11,13
464	112	8	LT19	58	Weekly	1,2,3,4,5,6,7,8,9,10,11,12,13
465	113	51	DB	1	Even	2,4,6,8,10,12
466	113	51	DB	2	Even	2,4,6,8,10,12
467	113	53	DB	1	Even	2,4,6,8,10,12
468	113	53	DB	2	Even	2,4,6,8,10,12
469	112	8	LT2A	17	Weekly	1,2,3,4,5,6,7,8,9,10,11,12,13
470	114	51	TR13	50	Weekly	1,2,3,4,5,6,7,8,9,10,11,12,13
471	113	52	DB	29	Odd	1,3,5,7,9,11,13
472	113	52	DB	30	Odd	1,3,5,7,9,11,13
473	114	53	TR13	50	Weekly	1,2,3,4,5,6,7,8,9,10,11,12,13
474	114	52	TR15	43	Weekly	1,2,3,4,5,6,7,8,9,10,11,12,13
475	112	8	LT19	6	Weekly	1,2,3,4,5,6,7,8,9,10,11,12,13
476	115	25	TR13	58	Weekly	1,2,3,4,5,6,7,8,9,10,11,12,13
477	115	26	TR13	2	Weekly	1,2,3,4,5,6,7,8,9,10,11,12,13
478	116	25	SWE	15	Odd	1,3,5,7,9,11,13
479	116	25	SWE	16	Odd	1,3,5,7,9,11,13
480	116	51	SWE	31	Odd	1,3,5,7,9,11,13
481	116	51	SWE	32	Odd	1,3,5,7,9,11,13
482	115	52	TR14	50	Weekly	1,2,3,4,5,6,7,8,9,10,11,12,13
483	117	8	LT10	49	Weekly	1,2,3,4,5,6,7,8,9,10,11,12,13
484	115	2	TR17	43	Weekly	1,2,3,4,5,6,7,8,9,10,11,12,13
485	115	51	TR13	21	Weekly	1,2,3,4,5,6,7,8,9,10,11,12,13
486	116	52	SWE	19	Even	2,4,6,8,10,12
487	116	52	SWE	20	Even	2,4,6,8,10,12
488	116	28	SWE	19	Even	2,4,6,8,10,12
489	116	28	SWE	20	Even	2,4,6,8,10,12
490	117	8	LT10	18	Weekly	1,2,3,4,5,6,7,8,9,10,11,12,13
491	116	26	SWE	15	Even	2,4,6,8,10,12
492	116	26	SWE	16	Even	2,4,6,8,10,12
493	116	27	SWE	3	Even	2,4,6,8,10,12
494	116	27	SWE	4	Even	2,4,6,8,10,12
495	116	2	SWE	1	Odd	1,3,5,7,9,11,13
496	116	2	SWE	2	Odd	1,3,5,7,9,11,13
497	117	8	LT19	59	Weekly	1,2,3,4,5,6,7,8,9,10,11,12,13
498	115	27	TR15	63	Weekly	1,2,3,4,5,6,7,8,9,10,11,12,13
499	115	28	TR15	63	Weekly	1,2,3,4,5,6,7,8,9,10,11,12,13
500	118	62	TR19	19	Weekly	1,2,3,4,5,6,7,8,9,10,11,12,13
501	119	9	LT19	45	Weekly	1,2,3,4,5,6,7,8,9,10,11,12,13
502	119	9	LT2A	31	Weekly	1,2,3,4,5,6,7,8,9,10,11,12,13
503	118	53	TR16	43	Weekly	1,2,3,4,5,6,7,8,9,10,11,12,13
504	119	9	LT19	22	Weekly	1,2,3,4,5,6,7,8,9,10,11,12,13
505	118	61	TR19	23	Weekly	1,2,3,4,5,6,7,8,9,10,11,12,13
506	118	28	TR16	43	Weekly	1,2,3,4,5,6,7,8,9,10,11,12,13
507	120	9	LT8	1	Weekly	1,2,3,4,5,6,7,8,9,10,11,12,13
508	121	61	CL1	49	Weekly	1,2,3,4,5,6,7,8,9,10,11,12,13
509	121	61	CL1	50	Weekly	1,2,3,4,5,6,7,8,9,10,11,12,13
510	120	9	LT10	30	Weekly	1,2,3,4,5,6,7,8,9,10,11,12,13
511	121	62	CL1	49	Weekly	1,2,3,4,5,6,7,8,9,10,11,12,13
512	121	62	CL1	50	Weekly	1,2,3,4,5,6,7,8,9,10,11,12,13
513	120	9	LT10	48	Weekly	1,2,3,4,5,6,7,8,9,10,11,12,13
514	122	61	TR7	2	Weekly	1,2,3,4,5,6,7,8,9,10,11,12,13
515	122	62	TR9	3	Weekly	1,2,3,4,5,6,7,8,9,10,11,12,13
516	123	62	SWE	59	Odd	1,3,5,7,9,11,13
517	123	62	SWE	60	Odd	1,3,5,7,9,11,13
518	124	9	LT9	64	Weekly	1,2,3,4,5,6,7,8,9,10,11,12,13
519	123	53	SWE	4	Odd	1,3,5,7,9,11,13
520	123	53	SWE	5	Odd	1,3,5,7,9,11,13
521	124	9	LT11	20	Weekly	1,2,3,4,5,6,7,8,9,10,11,12,13
522	125	62	TR9	32	Weekly	1,2,3,4,5,6,7,8,9,10,11,12,13
523	123	61	SWE	4	Odd	1,3,5,7,9,11,13
524	123	61	SWE	5	Odd	1,3,5,7,9,11,13
525	124	9	LT9	65	Weekly	1,2,3,4,5,6,7,8,9,10,11,12,13
526	125	61	TR19	59	Weekly	1,2,3,4,5,6,7,8,9,10,11,12,13
527	125	53	TR19	59	Weekly	1,2,3,4,5,6,7,8,9,10,11,12,13
528	126	9	LT19	61	Weekly	1,2,3,4,5,6,7,8,9,10,11,12,13
529	127	61	TR10	29	Weekly	1,2,3,4,5,6,7,8,9,10,11,12,13
530	126	9	LT19	43	Weekly	1,2,3,4,5,6,7,8,9,10,11,12,13
531	127	62	TR9	2	Weekly	1,2,3,4,5,6,7,8,9,10,11,12,13
532	126	9	LT19	16	Weekly	1,2,3,4,5,6,7,8,9,10,11,12,13
533	128	10	LT19	2	Weekly	1,2,3,4,5,6,7,8,9,10,11,12,13
534	128	10	LT19	3	Weekly	1,2,3,4,5,6,7,8,9,10,11,12,13
535	129	10	LT19	52	Weekly	1,2,3,4,5,6,7,8,9,10,11,12,13
536	128	10	LT19	51	Weekly	1,2,3,4,5,6,7,8,9,10,11,12,13
537	130	10	LT19A	59	Weekly	1,2,3,4,5,6,7,8,9,10,11,12,13
538	131	10	LT19A	60	Weekly	1,2,3,4,5,6,7,8,9,10,11,12,13
539	130	10	LT8	20	Weekly	1,2,3,4,5,6,7,8,9,10,11,12,13
540	130	10	LT19A	32	Weekly	1,2,3,4,5,6,7,8,9,10,11,12,13
541	132	10	LT2A	11	Weekly	1,2,3,4,5,6,7,8,9,10,11,12,13
542	133	10	LT2A	12	Weekly	1,2,3,4,5,6,7,8,9,10,11,12,13
543	132	10	LT8	33	Weekly	1,2,3,4,5,6,7,8,9,10,11,12,13
544	132	10	LT8	34	Weekly	1,2,3,4,5,6,7,8,9,10,11,12,13
545	134	10	LT19	10	Weekly	1,2,3,4,5,6,7,8,9,10,11,12,13
546	134	10	LT19	18	Weekly	1,2,3,4,5,6,7,8,9,10,11,12,13
547	134	10	LT19	37	Weekly	1,2,3,4,5,6,7,8,9,10,11,12,13
548	135	10	LT19	38	Weekly	1,2,3,4,5,6,7,8,9,10,11,12,13
549	136	10	LT19	63	Weekly	1,2,3,4,5,6,7,8,9,10,11,12,13
550	137	10	LT19	17	Weekly	1,2,3,4,5,6,7,8,9,10,11,12,13
551	136	10	LT8	15	Weekly	1,2,3,4,5,6,7,8,9,10,11,12,13
552	136	10	LT19	4	Weekly	1,2,3,4,5,6,7,8,9,10,11,12,13
553	138	10	LT8	50	Weekly	1,2,3,4,5,6,7,8,9,10,11,12,13
554	139	10	LT3	53	Weekly	1,2,3,4,5,6,7,8,9,10,11,12,13
555	139	10	LT3	55	Weekly	1,2,3,4,5,6,7,8,9,10,11,12,13
556	139	10	LT3	54	Weekly	1,2,3,4,5,6,7,8,9,10,11,12,13
557	140	10	LT10	62	Weekly	1,2,3,4,5,6,7,8,9,10,11,12,13
558	140	10	LT12	29	Weekly	1,2,3,4,5,6,7,8,9,10,11,12,13
559	141	10	LT9	43	Weekly	1,2,3,4,5,6,7,8,9,10,11,12,13
560	140	10	LT9	44	Weekly	1,2,3,4,5,6,7,8,9,10,11,12,13
561	142	10	LT10	66	Weekly	1,2,3,4,5,6,7,8,9,10,11,12,13
562	142	10	LT10	23	Weekly	1,2,3,4,5,6,7,8,9,10,11,12,13
563	143	10	LT10	24	Weekly	1,2,3,4,5,6,7,8,9,10,11,12,13
564	142	10	LT10	46	Weekly	1,2,3,4,5,6,7,8,9,10,11,12,13
565	144	10	LT2A	57	Weekly	1,2,3,4,5,6,7,8,9,10,11,12,13
566	145	10	LT2A	58	Weekly	1,2,3,4,5,6,7,8,9,10,11,12,13
567	144	10	LT2A	5	Weekly	1,2,3,4,5,6,7,8,9,10,11,12,13
568	144	10	LT2A	49	Weekly	1,2,3,4,5,6,7,8,9,10,11,12,13
569	146	10	LT2A	67	Weekly	1,2,3,4,5,6,7,8,9,10,11,12,13
570	147	10	LT2A	68	Weekly	1,2,3,4,5,6,7,8,9,10,11,12,13
571	146	10	LT19A	21	Weekly	1,2,3,4,5,6,7,8,9,10,11,12,13
572	146	10	LT2A	35	Weekly	1,2,3,4,5,6,7,8,9,10,11,12,13
573	146	10	LT2A	6	Weekly	1,2,3,4,5,6,7,8,9,10,11,12,13
574	148	10	LT8	36	Weekly	1,2,3,4,5,6,7,8,9,10,11,12,13
575	149	10	LT19	39	Weekly	1,2,3,4,5,6,7,8,9,10,11,12,13
576	149	10	LT19	40	Weekly	1,2,3,4,5,6,7,8,9,10,11,12,13
577	149	10	LT19	41	Weekly	1,2,3,4,5,6,7,8,9,10,11,12,13
578	150	35	LT20	20	Weekly	1,2,3,4,5,6,7,8,9,10,11,12,13
579	150	35	LT20	21	Weekly	1,2,3,4,5,6,7,8,9,10,11,12,13
580	151	30	TR15	30	Weekly	1,2,3,4,5,6,7,8,9,10,11,12,13
581	152	33	LT2A	59	Weekly	1,2,3,4,5,6,7,8,9,10,11,12,13
582	153	18	TR16	31	Weekly	1,2,3,4,5,6,7,8,9,10,11,12,13
583	152	33	LT2A	32	Weekly	1,2,3,4,5,6,7,8,9,10,11,12,13
584	154	18	CE	47	Odd	1,3,5,7,9,11,13
585	154	18	CE	48	Odd	1,3,5,7,9,11,13
586	152	33	LT2A	4	Weekly	1,2,3,4,5,6,7,8,9,10,11,12,13
587	155	33	LT8	64	Weekly	1,2,3,4,5,6,7,8,9,10,11,12,13
588	156	32	TR11	24	Weekly	1,2,3,4,5,6,7,8,9,10,11,12,13
589	155	33	LT8	46	Weekly	1,2,3,4,5,6,7,8,9,10,11,12,13
590	157	32	CL2	33	Even	2,4,6,8,10,12
591	155	33	LT8	23	Weekly	1,2,3,4,5,6,7,8,9,10,11,12,13
592	158	34	LT10	1	Weekly	1,2,3,4,5,6,7,8,9,10,11,12,13
593	159	55	C&I	3	Odd	1,3,5,7,9,11,13
594	159	55	C&I	4	Odd	1,3,5,7,9,11,13
595	158	34	LT9	18	Weekly	1,2,3,4,5,6,7,8,9,10,11,12,13
596	158	34	LT9	19	Weekly	1,2,3,4,5,6,7,8,9,10,11,12,13
597	160	55	LT10	2	Weekly	1,2,3,4,5,6,7,8,9,10,11,12,13
598	161	34	LT8	63	Weekly	1,2,3,4,5,6,7,8,9,10,11,12,13
599	161	34	LT19	29	Weekly	1,2,3,4,5,6,7,8,9,10,11,12,13
600	161	34	TR10	2	Weekly	1,2,3,4,5,6,7,8,9,10,11,12,13
601	162	34	LT19	57	Weekly	1,2,3,4,5,6,7,8,9,10,11,12,13
602	162	34	LT2A	44	Weekly	1,2,3,4,5,6,7,8,9,10,11,12,13
603	162	34	LT2A	15	Weekly	1,2,3,4,5,6,7,8,9,10,11,12,13
604	163	34	LT19	58	Weekly	1,2,3,4,5,6,7,8,9,10,11,12,13
605	163	34	LT19	6	Weekly	1,2,3,4,5,6,7,8,9,10,11,12,13
606	163	34	LT2A	17	Weekly	1,2,3,4,5,6,7,8,9,10,11,12,13
607	164	35	LT19	1	Weekly	1,2,3,4,5,6,7,8,9,10,11,12,13
608	165	35	LT19	26	Weekly	1,2,3,4,5,6,7,8,9,10,11,12,13
609	164	35	LT2A	48	Weekly	1,2,3,4,5,6,7,8,9,10,11,12,13
610	164	35	LT19	25	Weekly	1,2,3,4,5,6,7,8,9,10,11,12,13
611	166	35	LT19A	59	Weekly	1,2,3,4,5,6,7,8,9,10,11,12,13
612	166	35	LT19A	32	Weekly	1,2,3,4,5,6,7,8,9,10,11,12,13
613	167	35	LT19A	60	Weekly	1,2,3,4,5,6,7,8,9,10,11,12,13
614	166	35	LT8	20	Weekly	1,2,3,4,5,6,7,8,9,10,11,12,13
615	168	35	LT19	61	Weekly	1,2,3,4,5,6,7,8,9,10,11,12,13
616	168	35	LT19	43	Weekly	1,2,3,4,5,6,7,8,9,10,11,12,13
617	168	35	LT19	16	Weekly	1,2,3,4,5,6,7,8,9,10,11,12,13
618	169	35	LT19	62	Weekly	1,2,3,4,5,6,7,8,9,10,11,12,13
619	170	35	LT19	63	Weekly	1,2,3,4,5,6,7,8,9,10,11,12,13
620	170	35	LT19	4	Weekly	1,2,3,4,5,6,7,8,9,10,11,12,13
621	171	35	LT19	17	Weekly	1,2,3,4,5,6,7,8,9,10,11,12,13
622	170	35	LT8	15	Weekly	1,2,3,4,5,6,7,8,9,10,11,12,13
623	172	35	LT19	22	Weekly	1,2,3,4,5,6,7,8,9,10,11,12,13
624	173	35	LT19	44	Weekly	1,2,3,4,5,6,7,8,9,10,11,12,13
625	172	35	LT2A	31	Weekly	1,2,3,4,5,6,7,8,9,10,11,12,13
626	172	35	LT19	45	Weekly	1,2,3,4,5,6,7,8,9,10,11,12,13
627	174	35	LT8	36	Weekly	1,2,3,4,5,6,7,8,9,10,11,12,13
628	175	35	LT19	39	Weekly	1,2,3,4,5,6,7,8,9,10,11,12,13
629	175	35	LT19	41	Weekly	1,2,3,4,5,6,7,8,9,10,11,12,13
630	175	35	LT19	40	Weekly	1,2,3,4,5,6,7,8,9,10,11,12,13
631	176	35	LT19	10	Weekly	1,2,3,4,5,6,7,8,9,10,11,12,13
632	177	35	LT19	38	Weekly	1,2,3,4,5,6,7,8,9,10,11,12,13
633	176	35	LT19	37	Weekly	1,2,3,4,5,6,7,8,9,10,11,12,13
634	176	35	LT19	18	Weekly	1,2,3,4,5,6,7,8,9,10,11,12,13
635	178	35	LT2A	57	Weekly	1,2,3,4,5,6,7,8,9,10,11,12,13
636	179	35	LT2A	58	Weekly	1,2,3,4,5,6,7,8,9,10,11,12,13
637	178	35	LT2A	49	Weekly	1,2,3,4,5,6,7,8,9,10,11,12,13
638	178	35	LT2A	5	Weekly	1,2,3,4,5,6,7,8,9,10,11,12,13
639	180	35	LT19	2	Weekly	1,2,3,4,5,6,7,8,9,10,11,12,13
640	180	35	LT19	3	Weekly	1,2,3,4,5,6,7,8,9,10,11,12,13
641	181	35	LT19	52	Weekly	1,2,3,4,5,6,7,8,9,10,11,12,13
642	180	35	LT19	51	Weekly	1,2,3,4,5,6,7,8,9,10,11,12,13
643	182	35	LT2A	11	Weekly	1,2,3,4,5,6,7,8,9,10,11,12,13
644	183	35	LT2A	12	Weekly	1,2,3,4,5,6,7,8,9,10,11,12,13
645	182	35	LT8	33	Weekly	1,2,3,4,5,6,7,8,9,10,11,12,13
646	182	35	LT8	34	Weekly	1,2,3,4,5,6,7,8,9,10,11,12,13
647	184	35	LT19	9	Weekly	1,2,3,4,5,6,7,8,9,10,11,12,13
648	184	35	LT19	24	Weekly	1,2,3,4,5,6,7,8,9,10,11,12,13
649	184	35	LT19	53	Weekly	1,2,3,4,5,6,7,8,9,10,11,12,13
650	185	35	LT19	54	Weekly	1,2,3,4,5,6,7,8,9,10,11,12,13
651	186	35	LT19	65	Weekly	1,2,3,4,5,6,7,8,9,10,11,12,13
652	187	35	LT19	66	Weekly	1,2,3,4,5,6,7,8,9,10,11,12,13
653	186	35	LT19	50	Weekly	1,2,3,4,5,6,7,8,9,10,11,12,13
654	186	35	LT22	30	Weekly	1,2,3,4,5,6,7,8,9,10,11,12,13
655	188	35	LT2A	67	Weekly	1,2,3,4,5,6,7,8,9,10,11,12,13
656	189	35	LT2A	68	Weekly	1,2,3,4,5,6,7,8,9,10,11,12,13
657	188	35	LT2A	6	Weekly	1,2,3,4,5,6,7,8,9,10,11,12,13
658	188	10	LT19A	21	Weekly	1,2,3,4,5,6,7,8,9,10,11,12,13
659	188	35	LT2A	35	Weekly	1,2,3,4,5,6,7,8,9,10,11,12,13
660	190	36	LT2A	9	Weekly	1,2,3,4,5,6,7,8,9,10,11,12,13
661	191	36	CSKL3	29	Odd	1,3,5,7,9,11,13
662	191	36	CSKL3	30	Odd	1,3,5,7,9,11,13
663	191	37	CSKL3	29	Even	2,4,6,8,10,12
664	191	37	CSKL3	30	Even	2,4,6,8,10,12
665	191	38	CSKL3	49	Odd	1,3,5,7,9,11,13
666	191	38	CSKL3	50	Odd	1,3,5,7,9,11,13
667	191	39	CSKL3	49	Even	2,4,6,8,10,12
668	191	39	CSKL3	50	Even	2,4,6,8,10,12
669	191	40	CSKL3	21	Odd	1,3,5,7,9,11,13
670	191	40	CSKL3	22	Odd	1,3,5,7,9,11,13
671	191	41	CSKL3	21	Even	2,4,6,8,10,12
672	191	41	CSKL3	22	Even	2,4,6,8,10,12
673	191	42	CSKL6	46	Even	2,4,6,8,10,12
674	191	42	CSKL6	47	Even	2,4,6,8,10,12
