1	1	45	CL2	33	Weekly	1,2,3,4,5,6,7,8,9,10,11,12,13
2	1	45	CL2	34	Weekly	1,2,3,4,5,6,7,8,9,10,11,12,13
3	2	45	LT10	36	Weekly	1,2,3,4,5,6,7,8,9,10,11,12,13
4	2	45	LT10	37	Weekly	1,2,3,4,5,6,7,8,9,10,11,12,13
5	2	45	LT10	38	Weekly	1,2,3,4,5,6,7,8,9,10,11,12,13
6	3	45	LT10	33	Weekly	1,2,3,4,5,6,7,8,9,10,11,12,13
7	3	45	LT17	38	Weekly	1,2,3,4,5,6,7,8,9,10,11,12,13
8	3	45	LT10	34	Weekly	1,2,3,4,5,6,7,8,9,10,11,12,13
9	3	45	LT17	37	Weekly	1,2,3,4,5,6,7,8,9,10,11,12,13
10	4	45	DSP	35	Weekly	1,2,3,4,5,6,7,8,9,10,11,12,13
11	4	45	DSP	36	Weekly	1,2,3,4,5,6,7,8,9,10,11,12,13
12	5	45	LT19	36	Weekly	1,2,3,4,5,6,7,8,9,10,11,12,13
13	5	45	LT10	39	Weekly	1,2,3,4,5,6,7,8,9,10,11,12,13
14	5	45	LT19	37	Weekly	1,2,3,4,5,6,7,8,9,10,11,12,13
15	5	45	LT19	38	Weekly	1,2,3,4,5,6,7,8,9,10,11,12,13
16	6	14	ELE	57	Even	2,4,6,8,10,12
17	6	14	ELE	58	Even	2,4,6,8,10,12
18	6	23	ELE	57	Odd	1,3,5,7,9,11,13
19	6	23	ELE	58	Odd	1,3,5,7,9,11,13
20	7	19	TR11	57	Weekly	1,2,3,4,5,6,7,8,9,10,11,12,13
21	7	25	TR12	58	Weekly	1,2,3,4,5,6,7,8,9,10,11,12,13
22	6	15	ELE	59	Even	2,4,6,8,10,12
23	6	15	ELE	60	Even	2,4,6,8,10,12
24	6	20	ELE	59	Odd	1,3,5,7,9,11,13
25	6	20	ELE	60	Odd	1,3,5,7,9,11,13
26	7	22	TR11	59	Weekly	1,2,3,4,5,6,7,8,9,10,11,12,13
27	7	17	TR12	60	Weekly	1,2,3,4,5,6,7,8,9,10,11,12,13
28	8	2	LT19	64	Weekly	1,2,3,4,5,6,7,8,9,10,11,12,13
29	6	16	ELE	1	Even	2,4,6,8,10,12
30	6	16	ELE	2	Even	2,4,6,8,10,12
31	6	21	ELE	1	Odd	1,3,5,7,9,11,13
32	6	21	ELE	2	Odd	1,3,5,7,9,11,13
33	7	14	TR11	1	Weekly	1,2,3,4,5,6,7,8,9,10,11,12,13
34	7	23	TR12	2	Weekly	1,2,3,4,5,6,7,8,9,10,11,12,13
35	6	26	ELE	3	Odd	1,3,5,7,9,11,13
36	6	26	ELE	4	Odd	1,3,5,7,9,11,13
37	7	29	TR13	4	Weekly	1,2,3,4,5,6,7,8,9,10,11,12,13
38	8	2	LT19	5	Weekly	1,2,3,4,5,6,7,8,9,10,11,12,13
39	7	26	TR14	6	Weekly	1,2,3,4,5,6,7,8,9,10,11,12,13
40	7	30	TR19	8	Weekly	1,2,3,4,5,6,7,8,9,10,11,12,13
41	6	18	ELE	17	Even	2,4,6,8,10,12
42	6	18	ELE	18	Even	2,4,6,8,10,12
43	6	22	ELE	17	Odd	1,3,5,7,9,11,13
44	6	22	ELE	18	Odd	1,3,5,7,9,11,13
45	7	15	TR11	17	Weekly	1,2,3,4,5,6,7,8,9,10,11,12,13
46	7	24	TR12	18	Weekly	1,2,3,4,5,6,7,8,9,10,11,12,13
47	8	2	LT19	21	Weekly	1,2,3,4,5,6,7,8,9,10,11,12,13
48	6	29	ELE	43	Odd	1,3,5,7,9,11,13
49	6	29	ELE	44	Odd	1,3,5,7,9,11,13
50	6	30	ELE	43	Even	2,4,6,8,10,12
51	6	30	ELE	44	Even	2,4,6,8,10,12
52	6	19	ELE	45	Odd	1,3,5,7,9,11,13
53	6	19	ELE	46	Odd	1,3,5,7,9,11,13
54	6	24	ELE	45	Even	2,4,6,8,10,12
55	6	24	ELE	46	Even	2,4,6,8,10,12
56	7	20	TR11	45	Weekly	1,2,3,4,5,6,7,8,9,10,11,12,13
57	7	18	TR12	46	Weekly	1,2,3,4,5,6,7,8,9,10,11,12,13
58	6	17	ELE	30	Odd	1,3,5,7,9,11,13
59	6	17	ELE	31	Odd	1,3,5,7,9,11,13
60	6	25	ELE	30	Even	2,4,6,8,10,12
61	6	25	ELE	31	Even	2,4,6,8,10,12
62	7	21	TR11	30	Weekly	1,2,3,4,5,6,7,8,9,10,11,12,13
63	7	16	TR12	31	Weekly	1,2,3,4,5,6,7,8,9,10,11,12,13
64	9	17	CL1	57	Weekly	1,2,3,4,5,6,7,8,9,10,11,12,13
65	9	17	CL1	58	Weekly	1,2,3,4,5,6,7,8,9,10,11,12,13
66	9	22	CL1	57	Weekly	1,2,3,4,5,6,7,8,9,10,11,12,13
67	9	22	CL1	58	Weekly	1,2,3,4,5,6,7,8,9,10,11,12,13
68	10	25	TR12	57	Weekly	1,2,3,4,5,6,7,8,9,10,11,12,13
69	10	19	TR11	58	Weekly	1,2,3,4,5,6,7,8,9,10,11,12,13
70	9	19	CL1	59	Weekly	1,2,3,4,5,6,7,8,9,10,11,12,13
71	9	19	CL1	60	Weekly	1,2,3,4,5,6,7,8,9,10,11,12,13
72	9	25	CL1	59	Weekly	1,2,3,4,5,6,7,8,9,10,11,12,13
73	9	25	CL1	60	Weekly	1,2,3,4,5,6,7,8,9,10,11,12,13
74	10	17	TR12	59	Weekly	1,2,3,4,5,6,7,8,9,10,11,12,13
75	10	22	TR11	60	Weekly	1,2,3,4,5,6,7,8,9,10,11,12,13
76	9	15	CL1	1	Weekly	1,2,3,4,5,6,7,8,9,10,11,12,13
77	9	15	CL1	2	Weekly	1,2,3,4,5,6,7,8,9,10,11,12,13
78	9	20	CL1	1	Weekly	1,2,3,4,5,6,7,8,9,10,11,12,13
79	9	20	CL1	2	Weekly	1,2,3,4,5,6,7,8,9,10,11,12,13
80	10	23	TR12	1	Weekly	1,2,3,4,5,6,7,8,9,10,11,12,13
81	10	14	TR11	2	Weekly	1,2,3,4,5,6,7,8,9,10,11,12,13
82	11	2	LT2A	3	Weekly	1,2,3,4,5,6,7,8,9,10,11,12,13
83	9	16	CL1	17	Weekly	1,2,3,4,5,6,7,8,9,10,11,12,13
84	9	16	CL1	18	Weekly	1,2,3,4,5,6,7,8,9,10,11,12,13
85	9	21	CL1	17	Weekly	1,2,3,4,5,6,7,8,9,10,11,12,13
86	9	21	CL1	18	Weekly	1,2,3,4,5,6,7,8,9,10,11,12,13
87	10	24	TR12	17	Weekly	1,2,3,4,5,6,7,8,9,10,11,12,13
88	10	15	TR11	18	Weekly	1,2,3,4,5,6,7,8,9,10,11,12,13
89	11	2	LT2	23	Weekly	1,2,3,4,5,6,7,8,9,10,11,12,13
90	11	2	LT2A	44	Weekly	1,2,3,4,5,6,7,8,9,10,11,12,13
91	9	14	CL1	45	Weekly	1,2,3,4,5,6,7,8,9,10,11,12,13
92	9	14	CL1	46	Weekly	1,2,3,4,5,6,7,8,9,10,11,12,13
93	9	23	CL1	45	Weekly	1,2,3,4,5,6,7,8,9,10,11,12,13
94	9	23	CL1	46	Weekly	1,2,3,4,5,6,7,8,9,10,11,12,13
95	10	18	TR12	45	Weekly	1,2,3,4,5,6,7,8,9,10,11,12,13
96	10	20	TR11	46	Weekly	1,2,3,4,5,6,7,8,9,10,11,12,13
97	9	18	CL1	30	Weekly	1,2,3,4,5,6,7,8,9,10,11,12,13
98	9	18	CL1	31	Weekly	1,2,3,4,5,6,7,8,9,10,11,12,13
99	9	24	CL1	30	Weekly	1,2,3,4,5,6,7,8,9,10,11,12,13
100	9	24	CL1	31	Weekly	1,2,3,4,5,6,7,8,9,10,11,12,13
101	10	16	TR12	30	Weekly	1,2,3,4,5,6,7,8,9,10,11,12,13
102	10	21	TR11	31	Weekly	1,2,3,4,5,6,7,8,9,10,11,12,13
103	12	18	TR13	57	Weekly	1,2,3,4,5,6,7,8,9,10,11,12,13
104	12	16	TR13	58	Weekly	1,2,3,4,5,6,7,8,9,10,11,12,13
105	12	21	TR13	59	Weekly	1,2,3,4,5,6,7,8,9,10,11,12,13
106	12	24	TR13	60	Weekly	1,2,3,4,5,6,7,8,9,10,11,12,13
107	12	19	TR13	1	Weekly	1,2,3,4,5,6,7,8,9,10,11,12,13
108	12	25	TR13	2	Weekly	1,2,3,4,5,6,7,8,9,10,11,12,13
109	12	30	TR12	4	Weekly	1,2,3,4,5,6,7,8,9,10,11,12,13
110	13	2	LT2A	7	Weekly	1,2,3,4,5,6,7,8,9,10,11,12,13
111	12	29	TR13	8	Weekly	1,2,3,4,5,6,7,8,9,10,11,12,13
112	12	20	TR13	17	Weekly	1,2,3,4,5,6,7,8,9,10,11,12,13
113	12	14	TR13	18	Weekly	1,2,3,4,5,6,7,8,9,10,11,12,13
114	12	22	TR13	45	Weekly	1,2,3,4,5,6,7,8,9,10,11,12,13
115	12	17	TR13	46	Weekly	1,2,3,4,5,6,7,8,9,10,11,12,13
116	13	2	LT2A	29	Weekly	1,2,3,4,5,6,7,8,9,10,11,12,13
117	12	15	TR13	30	Weekly	1,2,3,4,5,6,7,8,9,10,11,12,13
118	12	23	TR13	31	Weekly	1,2,3,4,5,6,7,8,9,10,11,12,13
119	12	27	TR13	32	Weekly	1,2,3,4,5,6,7,8,9,10,11,12,13
120	12	26	NA	33	Weekly	1,2,3,4,5,6,7,8,9,10,11,12,13
121	12	28	TR13	33	Weekly	1,2,3,4,5,6,7,8,9,10,11,12,13
122	14	31	DIG	57	Even	2,4,6,8,10,12
123	14	31	DIG	58	Even	2,4,6,8,10,12
124	14	29	DIG	59	Odd	1,3,5,7,9,11,13
125	14	29	DIG	60	Odd	1,3,5,7,9,11,13
126	14	30	DIG	59	Even	2,4,6,8,10,12
127	14	30	DIG	60	Even	2,4,6,8,10,12
128	14	26	DIG	3	Even	2,4,6,8,10,12
129	14	26	DIG	4	Even	2,4,6,8,10,12
130	15	31	TR13	3	Weekly	1,2,3,4,5,6,7,8,9,10,11,12,13
131	16	2	LT8	18	Weekly	1,2,3,4,5,6,7,8,9,10,11,12,13
132	15	26	TR13	19	Weekly	1,2,3,4,5,6,7,8,9,10,11,12,13
133	15	30	TR16	46	Weekly	1,2,3,4,5,6,7,8,9,10,11,12,13
134	15	29	TR15	47	Weekly	1,2,3,4,5,6,7,8,9,10,11,12,13
135	16	2	LT8	49	Weekly	1,2,3,4,5,6,7,8,9,10,11,12,13
136	16	2	LT8	32	Weekly	1,2,3,4,5,6,7,8,9,10,11,12,13
137	17	31	CL1	4	Weekly	1,2,3,4,5,6,7,8,9,10,11,12,13
138	17	31	CL1	5	Weekly	1,2,3,4,5,6,7,8,9,10,11,12,13
139	17	29	CL1	15	Weekly	1,2,3,4,5,6,7,8,9,10,11,12,13
140	17	30	CL1	15	Weekly	1,2,3,4,5,6,7,8,9,10,11,12,13
141	17	29	CL1	16	Weekly	1,2,3,4,5,6,7,8,9,10,11,12,13
142	17	30	CL1	16	Weekly	1,2,3,4,5,6,7,8,9,10,11,12,13
143	18	2	LT8	17	Weekly	1,2,3,4,5,6,7,8,9,10,11,12,13
144	17	26	CL1	45	Weekly	1,2,3,4,5,6,7,8,9,10,11,12,13
145	17	26	CL1	46	Weekly	1,2,3,4,5,6,7,8,9,10,11,12,13
146	19	29	TR15	46	Weekly	1,2,3,4,5,6,7,8,9,10,11,12,13
147	19	30	TR16	47	Weekly	1,2,3,4,5,6,7,8,9,10,11,12,13
148	19	26	NA	48	Weekly	1,2,3,4,5,6,7,8,9,10,11,12,13
149	19	28	TR13	48	Weekly	1,2,3,4,5,6,7,8,9,10,11,12,13
150	19	27	TR13	49	Weekly	1,2,3,4,5,6,7,8,9,10,11,12,13
151	18	2	LT8	50	Weekly	1,2,3,4,5,6,7,8,9,10,11,12,13
152	19	31	TR16	30	Weekly	1,2,3,4,5,6,7,8,9,10,11,12,13
153	18	2	LT8	31	Weekly	1,2,3,4,5,6,7,8,9,10,11,12,13
154	17	27	CL1	34	Weekly	1,2,3,4,5,6,7,8,9,10,11,12,13
155	17	27	CL1	35	Weekly	1,2,3,4,5,6,7,8,9,10,11,12,13
156	17	28	CL1	34	Weekly	1,2,3,4,5,6,7,8,9,10,11,12,13
157	17	28	CL1	35	Weekly	1,2,3,4,5,6,7,8,9,10,11,12,13
158	20	31	LT12	61	Weekly	1,2,3,4,5,6,7,8,9,10,11,12,13
159	21	2	LT19	62	Weekly	1,2,3,4,5,6,7,8,9,10,11,12,13
160	21	1	LT10	22	Weekly	1,2,3,4,5,6,7,8,9,10,11,12,13
161	21	2	LT9	24	Weekly	1,2,3,4,5,6,7,8,9,10,11,12,13
162	21	2	LT10	51	Weekly	1,2,3,4,5,6,7,8,9,10,11,12,13
163	22	5	LT19	58	Weekly	1,2,3,4,5,6,7,8,9,10,11,12,13
164	22	5	LT8	34	Weekly	1,2,3,4,5,6,7,8,9,10,11,12,13
165	22	5	LT19	59	Weekly	1,2,3,4,5,6,7,8,9,10,11,12,13
166	23	71	TR16	59	Weekly	1,2,3,4,5,6,7,8,9,10,11,12,13
167	24	3	LT2A	30	Weekly	1,2,3,4,5,6,7,8,9,10,11,12,13
168	23	72	TR18	48	Weekly	1,2,3,4,5,6,7,8,9,10,11,12,13
169	23	74	TR17	47	Weekly	1,2,3,4,5,6,7,8,9,10,11,12,13
170	24	3	LT2A	45	Weekly	1,2,3,4,5,6,7,8,9,10,11,12,13
171	23	78	TR13	44	Weekly	1,2,3,4,5,6,7,8,9,10,11,12,13
172	23	59	TR19	64	Weekly	1,2,3,4,5,6,7,8,9,10,11,12,13
173	23	80	TR17	1	Weekly	1,2,3,4,5,6,7,8,9,10,11,12,13
174	23	79	TR11	6	Weekly	1,2,3,4,5,6,7,8,9,10,11,12,13
175	23	76	TR17	43	Weekly	1,2,3,4,5,6,7,8,9,10,11,12,13
176	23	73	TR18	7	Weekly	1,2,3,4,5,6,7,8,9,10,11,12,13
177	23	75	TR13	63	Weekly	1,2,3,4,5,6,7,8,9,10,11,12,13
178	23	77	TR18	62	Weekly	1,2,3,4,5,6,7,8,9,10,11,12,13
179	25	27	DIG	57	Odd	1,3,5,7,9,11,13
180	25	27	DIG	58	Odd	1,3,5,7,9,11,13
181	25	49	DIG	43	Even	2,4,6,8,10,12
182	25	49	DIG	44	Even	2,4,6,8,10,12
183	26	3	LT19	19	Weekly	1,2,3,4,5,6,7,8,9,10,11,12,13
184	27	58	TR8	18	Weekly	1,2,3,4,5,6,7,8,9,10,11,12,13
185	27	51	TR10	17	Weekly	1,2,3,4,5,6,7,8,9,10,11,12,13
186	25	56	DIG	17	Even	2,4,6,8,10,12
187	25	56	DIG	18	Even	2,4,6,8,10,12
188	25	55	DIG	17	Odd	1,3,5,7,9,11,13
189	25	55	DIG	18	Odd	1,3,5,7,9,11,13
190	27	52	TR8	16	Weekly	1,2,3,4,5,6,7,8,9,10,11,12,13
191	27	28	TR18	8	Weekly	1,2,3,4,5,6,7,8,9,10,11,12,13
192	27	27	TR15	6	Weekly	1,2,3,4,5,6,7,8,9,10,11,12,13
193	27	57	TR26	32	Weekly	1,2,3,4,5,6,7,8,9,10,11,12,13
194	27	49	TR26	31	Weekly	1,2,3,4,5,6,7,8,9,10,11,12,13
195	25	54	DIG	31	Even	2,4,6,8,10,12
196	25	54	DIG	32	Even	2,4,6,8,10,12
197	25	53	DIG	31	Odd	1,3,5,7,9,11,13
198	25	53	DIG	32	Odd	1,3,5,7,9,11,13
199	27	53	TR9	50	Weekly	1,2,3,4,5,6,7,8,9,10,11,12,13
200	27	54	TR9	49	Weekly	1,2,3,4,5,6,7,8,9,10,11,12,13
201	25	52	DIG	49	Even	2,4,6,8,10,12
202	25	52	DIG	50	Even	2,4,6,8,10,12
203	25	51	DIG	49	Odd	1,3,5,7,9,11,13
204	25	51	DIG	50	Odd	1,3,5,7,9,11,13
205	26	3	LT19	46	Weekly	1,2,3,4,5,6,7,8,9,10,11,12,13
206	27	55	TR10	44	Weekly	1,2,3,4,5,6,7,8,9,10,11,12,13
207	27	56	TR12	43	Weekly	1,2,3,4,5,6,7,8,9,10,11,12,13
208	25	57	DIG	43	Odd	1,3,5,7,9,11,13
209	25	57	DIG	44	Odd	1,3,5,7,9,11,13
210	27	50	TR9	63	Weekly	1,2,3,4,5,6,7,8,9,10,11,12,13
211	27	48	TR18	64	Weekly	1,2,3,4,5,6,7,8,9,10,11,12,13
212	26	3	LT19	3	Weekly	1,2,3,4,5,6,7,8,9,10,11,12,13
213	25	50	DIG	4	Even	2,4,6,8,10,12
214	25	50	DIG	5	Even	2,4,6,8,10,12
215	25	48	DIG	4	Odd	1,3,5,7,9,11,13
216	25	48	DIG	5	Odd	1,3,5,7,9,11,13
217	25	58	DIG	63	Odd	1,3,5,7,9,11,13
218	25	58	DIG	64	Odd	1,3,5,7,9,11,13
219	25	28	DIG	57	Even	2,4,6,8,10,12
220	25	28	DIG	58	Even	2,4,6,8,10,12
221	28	3	LT2A	59	Weekly	1,2,3,4,5,6,7,8,9,10,11,12,13
222	29	53	CE	17	Odd	1,3,5,7,9,11,13
223	29	53	CE	18	Odd	1,3,5,7,9,11,13
224	30	50	TR15	16	Weekly	1,2,3,4,5,6,7,8,9,10,11,12,13
225	30	48	TR14	15	Weekly	1,2,3,4,5,6,7,8,9,10,11,12,13
226	29	58	CE	15	Odd	1,3,5,7,9,11,13
227	29	58	CE	16	Odd	1,3,5,7,9,11,13
228	30	54	TR15	5	Weekly	1,2,3,4,5,6,7,8,9,10,11,12,13
229	30	53	TR14	4	Weekly	1,2,3,4,5,6,7,8,9,10,11,12,13
230	29	52	CE	4	Odd	1,3,5,7,9,11,13
231	29	52	CE	5	Odd	1,3,5,7,9,11,13
232	29	51	CE	4	Even	2,4,6,8,10,12
233	29	51	CE	5	Even	2,4,6,8,10,12
234	29	28	CE	1	Even	2,4,6,8,10,12
235	29	28	CE	2	Even	2,4,6,8,10,12
236	30	52	TR15	31	Weekly	1,2,3,4,5,6,7,8,9,10,11,12,13
237	29	50	CE	31	Even	2,4,6,8,10,12
238	29	50	CE	32	Even	2,4,6,8,10,12
239	29	48	CE	31	Odd	1,3,5,7,9,11,13
240	29	48	CE	32	Odd	1,3,5,7,9,11,13
241	30	51	TR14	30	Weekly	1,2,3,4,5,6,7,8,9,10,11,12,13
242	30	57	TR14	51	Weekly	1,2,3,4,5,6,7,8,9,10,11,12,13
243	30	49	TR15	50	Weekly	1,2,3,4,5,6,7,8,9,10,11,12,13
244	29	56	CE	49	Even	2,4,6,8,10,12
245	29	56	CE	50	Even	2,4,6,8,10,12
246	29	55	CE	49	Odd	1,3,5,7,9,11,13
247	29	55	CE	50	Odd	1,3,5,7,9,11,13
248	28	3	LT2A	47	Weekly	1,2,3,4,5,6,7,8,9,10,11,12,13
249	30	58	TR15	43	Weekly	1,2,3,4,5,6,7,8,9,10,11,12,13
250	28	3	LT2A	21	Weekly	1,2,3,4,5,6,7,8,9,10,11,12,13
251	29	54	CE	17	Even	2,4,6,8,10,12
252	29	54	CE	18	Even	2,4,6,8,10,12
253	29	49	CE	63	Even	2,4,6,8,10,12
254	29	49	CE	64	Even	2,4,6,8,10,12
255	29	57	CE	63	Odd	1,3,5,7,9,11,13
256	29	57	CE	64	Odd	1,3,5,7,9,11,13
257	30	55	TR14	63	Weekly	1,2,3,4,5,6,7,8,9,10,11,12,13
258	29	27	CE	1	Odd	1,3,5,7,9,11,13
259	29	27	CE	2	Odd	1,3,5,7,9,11,13
260	30	56	TR15	64	Weekly	1,2,3,4,5,6,7,8,9,10,11,12,13
261	30	28	TR14	61	Weekly	1,2,3,4,5,6,7,8,9,10,11,12,13
262	30	27	TR19	60	Weekly	1,2,3,4,5,6,7,8,9,10,11,12,13
263	31	3	LT2A	60	Weekly	1,2,3,4,5,6,7,8,9,10,11,12,13
264	32	58	TR15	44	Weekly	1,2,3,4,5,6,7,8,9,10,11,12,13
265	31	3	LT2A	22	Weekly	1,2,3,4,5,6,7,8,9,10,11,12,13
266	33	54	MS	17	Odd	1,3,5,7,9,11,13
267	33	54	MS	18	Odd	1,3,5,7,9,11,13
268	33	53	MS	17	Even	2,4,6,8,10,12
269	33	53	MS	18	Even	2,4,6,8,10,12
270	32	48	TR14	16	Weekly	1,2,3,4,5,6,7,8,9,10,11,12,13
271	32	50	TR15	15	Weekly	1,2,3,4,5,6,7,8,9,10,11,12,13
272	33	58	MS	15	Even	2,4,6,8,10,12
273	33	58	MS	16	Even	2,4,6,8,10,12
274	32	53	TR14	5	Weekly	1,2,3,4,5,6,7,8,9,10,11,12,13
275	32	54	TR15	4	Weekly	1,2,3,4,5,6,7,8,9,10,11,12,13
276	32	51	TR14	31	Weekly	1,2,3,4,5,6,7,8,9,10,11,12,13
277	33	50	MS	31	Odd	1,3,5,7,9,11,13
278	33	50	MS	32	Odd	1,3,5,7,9,11,13
279	33	48	MS	31	Even	2,4,6,8,10,12
280	33	48	MS	32	Even	2,4,6,8,10,12
281	32	52	TR15	30	Weekly	1,2,3,4,5,6,7,8,9,10,11,12,13
282	32	49	TR15	51	Weekly	1,2,3,4,5,6,7,8,9,10,11,12,13
283	32	57	TR14	50	Weekly	1,2,3,4,5,6,7,8,9,10,11,12,13
284	33	56	MS	49	Odd	1,3,5,7,9,11,13
285	33	56	MS	50	Odd	1,3,5,7,9,11,13
286	33	55	MS	49	Even	2,4,6,8,10,12
287	33	55	MS	50	Even	2,4,6,8,10,12
288	32	56	TR15	63	Weekly	1,2,3,4,5,6,7,8,9,10,11,12,13
289	32	55	TR14	64	Weekly	1,2,3,4,5,6,7,8,9,10,11,12,13
290	31	3	LT2A	1	Weekly	1,2,3,4,5,6,7,8,9,10,11,12,13
291	33	52	MS	4	Even	2,4,6,8,10,12
292	33	52	MS	5	Even	2,4,6,8,10,12
293	33	51	MS	4	Odd	1,3,5,7,9,11,13
294	33	51	MS	5	Odd	1,3,5,7,9,11,13
295	33	57	MS	63	Even	2,4,6,8,10,12
296	33	57	MS	64	Even	2,4,6,8,10,12
297	33	49	MS	63	Odd	1,3,5,7,9,11,13
298	33	49	MS	64	Odd	1,3,5,7,9,11,13
299	34	3	LT2A	58	Weekly	1,2,3,4,5,6,7,8,9,10,11,12,13
300	35	49	TR16	32	Weekly	1,2,3,4,5,6,7,8,9,10,11,12,13
301	35	57	TR16	31	Weekly	1,2,3,4,5,6,7,8,9,10,11,12,13
302	34	3	LT19	29	Weekly	1,2,3,4,5,6,7,8,9,10,11,12,13
303	35	54	TR16	50	Weekly	1,2,3,4,5,6,7,8,9,10,11,12,13
304	35	53	TR16	49	Weekly	1,2,3,4,5,6,7,8,9,10,11,12,13
305	35	56	TR11	44	Weekly	1,2,3,4,5,6,7,8,9,10,11,12,13
306	34	3	LT19	7	Weekly	1,2,3,4,5,6,7,8,9,10,11,12,13
307	35	58	TR15	8	Weekly	1,2,3,4,5,6,7,8,9,10,11,12,13
308	35	51	TR16	16	Weekly	1,2,3,4,5,6,7,8,9,10,11,12,13
309	35	55	TR16	43	Weekly	1,2,3,4,5,6,7,8,9,10,11,12,13
310	35	52	TR16	17	Weekly	1,2,3,4,5,6,7,8,9,10,11,12,13
311	35	50	TR16	64	Weekly	1,2,3,4,5,6,7,8,9,10,11,12,13
312	35	48	TR16	63	Weekly	1,2,3,4,5,6,7,8,9,10,11,12,13
313	36	60	TR12	63	Weekly	1,2,3,4,5,6,7,8,9,10,11,12,13
314	37	3	LT19	44	Weekly	1,2,3,4,5,6,7,8,9,10,11,12,13
315	38	59	CL2	46	Even	2,4,6,8,10,12
316	38	59	CL2	47	Even	2,4,6,8,10,12
317	38	61	CL2	31	Odd	1,3,5,7,9,11,13
318	38	61	CL2	32	Odd	1,3,5,7,9,11,13
319	38	60	CL2	31	Even	2,4,6,8,10,12
320	38	60	CL2	32	Even	2,4,6,8,10,12
321	36	62	TR18	45	Weekly	1,2,3,4,5,6,7,8,9,10,11,12,13
322	38	62	CL2	21	Odd	1,3,5,7,9,11,13
323	38	62	CL2	22	Odd	1,3,5,7,9,11,13
324	36	59	TR18	1	Weekly	1,2,3,4,5,6,7,8,9,10,11,12,13
325	36	66	TR14	1	Weekly	1,2,3,4,5,6,7,8,9,10,11,12,13
326	37	3	LT19	20	Weekly	1,2,3,4,5,6,7,8,9,10,11,12,13
327	37	3	LT19	2	Weekly	1,2,3,4,5,6,7,8,9,10,11,12,13
328	36	61	TR19	65	Weekly	1,2,3,4,5,6,7,8,9,10,11,12,13
329	39	3	LT19	57	Weekly	1,2,3,4,5,6,7,8,9,10,11,12,13
330	40	61	CE	34	Odd	1,3,5,7,9,11,13
331	40	61	CE	35	Odd	1,3,5,7,9,11,13
332	39	3	LT19	16	Weekly	1,2,3,4,5,6,7,8,9,10,11,12,13
333	40	62	CE	21	Even	2,4,6,8,10,12
334	40	62	CE	22	Even	2,4,6,8,10,12
335	41	61	TR14	22	Weekly	1,2,3,4,5,6,7,8,9,10,11,12,13
336	41	62	TR14	47	Weekly	1,2,3,4,5,6,7,8,9,10,11,12,13
337	39	3	LT19	43	Weekly	1,2,3,4,5,6,7,8,9,10,11,12,13
338	40	60	CE	7	Even	2,4,6,8,10,12
339	40	60	CE	8	Even	2,4,6,8,10,12
340	41	60	TR12	64	Weekly	1,2,3,4,5,6,7,8,9,10,11,12,13
341	42	60	SWE	59	Weekly	1,2,3,4,5,6,7,8,9,10,11,12,13
342	42	60	SWE	60	Weekly	1,2,3,4,5,6,7,8,9,10,11,12,13
343	43	3	LT10	4	Weekly	1,2,3,4,5,6,7,8,9,10,11,12,13
344	44	61	TR14	21	Weekly	1,2,3,4,5,6,7,8,9,10,11,12,13
345	42	61	SWE	45	Weekly	1,2,3,4,5,6,7,8,9,10,11,12,13
346	42	61	SWE	46	Weekly	1,2,3,4,5,6,7,8,9,10,11,12,13
347	43	3	LT8	30	Weekly	1,2,3,4,5,6,7,8,9,10,11,12,13
348	44	46	LT16	32	Weekly	1,2,3,4,5,6,7,8,9,10,11,12,13
349	44	62	TR14	32	Weekly	1,2,3,4,5,6,7,8,9,10,11,12,13
350	42	58	SWE	31	Weekly	1,2,3,4,5,6,7,8,9,10,11,12,13
351	42	58	SWE	32	Weekly	1,2,3,4,5,6,7,8,9,10,11,12,13
352	43	3	LT19	48	Weekly	1,2,3,4,5,6,7,8,9,10,11,12,13
353	44	60	TR15	22	Weekly	1,2,3,4,5,6,7,8,9,10,11,12,13
354	42	62	SWE	59	Weekly	1,2,3,4,5,6,7,8,9,10,11,12,13
355	42	62	SWE	60	Weekly	1,2,3,4,5,6,7,8,9,10,11,12,13
356	44	58	TR10	2	Weekly	1,2,3,4,5,6,7,8,9,10,11,12,13
357	45	61	ELE	59	Weekly	1,2,3,4,5,6,7,8,9,10,11,12,13
358	45	61	ELE	60	Weekly	1,2,3,4,5,6,7,8,9,10,11,12,13
359	46	62	TR18	18	Weekly	1,2,3,4,5,6,7,8,9,10,11,12,13
360	46	60	TR15	21	Weekly	1,2,3,4,5,6,7,8,9,10,11,12,13
361	47	3	LT19	49	Weekly	1,2,3,4,5,6,7,8,9,10,11,12,13
362	45	60	ELE	45	Weekly	1,2,3,4,5,6,7,8,9,10,11,12,13
363	45	60	ELE	46	Weekly	1,2,3,4,5,6,7,8,9,10,11,12,13
364	45	59	ELE	21	Weekly	1,2,3,4,5,6,7,8,9,10,11,12,13
365	45	59	ELE	22	Weekly	1,2,3,4,5,6,7,8,9,10,11,12,13
366	47	3	LT19	17	Weekly	1,2,3,4,5,6,7,8,9,10,11,12,13
367	46	59	TR19	63	Weekly	1,2,3,4,5,6,7,8,9,10,11,12,13
368	46	61	TR11	64	Weekly	1,2,3,4,5,6,7,8,9,10,11,12,13
369	47	3	LT19	6	Weekly	1,2,3,4,5,6,7,8,9,10,11,12,13
370	45	62	ELE	63	Weekly	1,2,3,4,5,6,7,8,9,10,11,12,13
371	45	62	ELE	64	Weekly	1,2,3,4,5,6,7,8,9,10,11,12,13
372	48	59	COMM	57	Odd	1,3,5,7,9,11,13
373	48	59	COMM	58	Odd	1,3,5,7,9,11,13
374	49	59	TR11	16	Weekly	1,2,3,4,5,6,7,8,9,10,11,12,13
375	50	4	LT19	15	Weekly	1,2,3,4,5,6,7,8,9,10,11,12,13
376	48	61	COMM	7	Even	2,4,6,8,10,12
377	48	61	COMM	8	Even	2,4,6,8,10,12
378	48	60	COMM	7	Odd	1,3,5,7,9,11,13
379	48	60	COMM	8	Odd	1,3,5,7,9,11,13
380	49	78	TR17	6	Weekly	1,2,3,4,5,6,7,8,9,10,11,12,13
381	49	77	TR13	5	Weekly	1,2,3,4,5,6,7,8,9,10,11,12,13
382	48	72	COMM	5	Even	2,4,6,8,10,12
383	48	72	COMM	6	Even	2,4,6,8,10,12
384	49	76	TR16	2	Weekly	1,2,3,4,5,6,7,8,9,10,11,12,13
385	49	75	TR15	1	Weekly	1,2,3,4,5,6,7,8,9,10,11,12,13
386	48	78	COMM	47	Odd	1,3,5,7,9,11,13
387	48	78	COMM	48	Odd	1,3,5,7,9,11,13
388	48	77	COMM	43	Even	2,4,6,8,10,12
389	48	77	COMM	44	Even	2,4,6,8,10,12
390	49	71	TR18	22	Weekly	1,2,3,4,5,6,7,8,9,10,11,12,13
391	49	72	TR16	21	Weekly	1,2,3,4,5,6,7,8,9,10,11,12,13
392	48	75	COMM	21	Even	2,4,6,8,10,12
393	48	75	COMM	22	Even	2,4,6,8,10,12
394	49	80	TR17	19	Weekly	1,2,3,4,5,6,7,8,9,10,11,12,13
395	48	74	COMM	19	Odd	1,3,5,7,9,11,13
396	48	74	COMM	20	Odd	1,3,5,7,9,11,13
397	49	79	TR16	18	Weekly	1,2,3,4,5,6,7,8,9,10,11,12,13
398	48	73	COMM	17	Even	2,4,6,8,10,12
399	48	73	COMM	18	Even	2,4,6,8,10,12
400	49	74	TR17	29	Weekly	1,2,3,4,5,6,7,8,9,10,11,12,13
401	48	76	COMM	29	Odd	1,3,5,7,9,11,13
402	48	76	COMM	30	Odd	1,3,5,7,9,11,13
403	50	4	LT19	51	Weekly	1,2,3,4,5,6,7,8,9,10,11,12,13
404	50	4	LT19	61	Weekly	1,2,3,4,5,6,7,8,9,10,11,12,13
405	48	80	COMM	63	Odd	1,3,5,7,9,11,13
406	48	80	COMM	64	Odd	1,3,5,7,9,11,13
407	49	61	TR11	63	Weekly	1,2,3,4,5,6,7,8,9,10,11,12,13
408	48	71	COMM	1	Odd	1,3,5,7,9,11,13
409	48	71	COMM	2	Odd	1,3,5,7,9,11,13
410	49	60	TR16	65	Weekly	1,2,3,4,5,6,7,8,9,10,11,12,13
411	48	79	COMM	59	Even	2,4,6,8,10,12
412	48	79	COMM	60	Even	2,4,6,8,10,12
413	49	73	TR17	57	Weekly	1,2,3,4,5,6,7,8,9,10,11,12,13
414	51	81	COMM	57	Odd	1,3,5,7,9,11,13
415	51	81	COMM	58	Odd	1,3,5,7,9,11,13
416	52	83	TR15	58	Weekly	1,2,3,4,5,6,7,8,9,10,11,12,13
417	51	80	COMM	63	Even	2,4,6,8,10,12
418	51	80	COMM	64	Even	2,4,6,8,10,12
419	52	76	TR16	1	Weekly	1,2,3,4,5,6,7,8,9,10,11,12,13
420	51	82	COMM	3	Odd	1,3,5,7,9,11,13
421	51	82	COMM	4	Odd	1,3,5,7,9,11,13
422	51	72	COMM	5	Odd	1,3,5,7,9,11,13
423	51	72	COMM	6	Odd	1,3,5,7,9,11,13
424	52	71	TR18	21	Weekly	1,2,3,4,5,6,7,8,9,10,11,12,13
425	51	75	COMM	21	Odd	1,3,5,7,9,11,13
426	51	75	COMM	22	Odd	1,3,5,7,9,11,13
427	52	79	TR16	19	Weekly	1,2,3,4,5,6,7,8,9,10,11,12,13
428	51	74	COMM	19	Even	2,4,6,8,10,12
429	51	74	COMM	20	Even	2,4,6,8,10,12
430	52	80	TR17	18	Weekly	1,2,3,4,5,6,7,8,9,10,11,12,13
431	51	73	COMM	17	Odd	1,3,5,7,9,11,13
432	51	73	COMM	18	Odd	1,3,5,7,9,11,13
433	53	4	LT2A	9	Weekly	1,2,3,4,5,6,7,8,9,10,11,12,13
434	52	77	TR13	6	Weekly	1,2,3,4,5,6,7,8,9,10,11,12,13
435	52	78	TR17	5	Weekly	1,2,3,4,5,6,7,8,9,10,11,12,13
436	53	4	LT2A	32	Weekly	1,2,3,4,5,6,7,8,9,10,11,12,13
437	52	74	TR17	30	Weekly	1,2,3,4,5,6,7,8,9,10,11,12,13
438	51	76	COMM	29	Even	2,4,6,8,10,12
439	51	76	COMM	30	Even	2,4,6,8,10,12
440	52	81	TR11	51	Weekly	1,2,3,4,5,6,7,8,9,10,11,12,13
441	51	78	COMM	47	Even	2,4,6,8,10,12
442	51	78	COMM	48	Even	2,4,6,8,10,12
443	53	4	LT2A	46	Weekly	1,2,3,4,5,6,7,8,9,10,11,12,13
444	51	77	COMM	43	Odd	1,3,5,7,9,11,13
445	51	77	COMM	44	Odd	1,3,5,7,9,11,13
446	52	72	TR16	22	Weekly	1,2,3,4,5,6,7,8,9,10,11,12,13
447	51	83	COMM	3	Even	2,4,6,8,10,12
448	51	83	COMM	4	Even	2,4,6,8,10,12
449	52	75	TR15	2	Weekly	1,2,3,4,5,6,7,8,9,10,11,12,13
450	51	71	COMM	1	Even	2,4,6,8,10,12
451	51	71	COMM	2	Even	2,4,6,8,10,12
452	51	79	COMM	59	Odd	1,3,5,7,9,11,13
453	51	79	COMM	60	Odd	1,3,5,7,9,11,13
454	52	73	TR17	58	Weekly	1,2,3,4,5,6,7,8,9,10,11,12,13
455	52	82	TR9	57	Weekly	1,2,3,4,5,6,7,8,9,10,11,12,13
456	54	59	DB	57	Even	2,4,6,8,10,12
457	54	59	DB	58	Even	2,4,6,8,10,12
458	55	75	TR13	64	Weekly	1,2,3,4,5,6,7,8,9,10,11,12,13
459	56	4	LT2A	31	Weekly	1,2,3,4,5,6,7,8,9,10,11,12,13
460	55	59	TR11	29	Weekly	1,2,3,4,5,6,7,8,9,10,11,12,13
461	56	4	LT2A	50	Weekly	1,2,3,4,5,6,7,8,9,10,11,12,13
462	54	77	DB	19	Even	2,4,6,8,10,12
463	54	77	DB	20	Even	2,4,6,8,10,12
464	54	76	DB	17	Even	2,4,6,8,10,12
465	54	76	DB	18	Even	2,4,6,8,10,12
466	56	4	LT2A	8	Weekly	1,2,3,4,5,6,7,8,9,10,11,12,13
467	55	80	TR18	6	Weekly	1,2,3,4,5,6,7,8,9,10,11,12,13
468	54	74	DB	5	Odd	1,3,5,7,9,11,13
469	54	74	DB	6	Odd	1,3,5,7,9,11,13
470	54	83	DB	3	Odd	1,3,5,7,9,11,13
471	54	83	DB	4	Odd	1,3,5,7,9,11,13
472	54	82	DB	3	Even	2,4,6,8,10,12
473	54	82	DB	4	Even	2,4,6,8,10,12
474	55	79	TR17	2	Weekly	1,2,3,4,5,6,7,8,9,10,11,12,13
475	54	73	DB	1	Even	2,4,6,8,10,12
476	54	73	DB	2	Even	2,4,6,8,10,12
477	55	74	TR17	48	Weekly	1,2,3,4,5,6,7,8,9,10,11,12,13
478	55	72	TR18	47	Weekly	1,2,3,4,5,6,7,8,9,10,11,12,13
479	55	76	TR17	44	Weekly	1,2,3,4,5,6,7,8,9,10,11,12,13
480	55	78	TR13	43	Weekly	1,2,3,4,5,6,7,8,9,10,11,12,13
481	54	80	DB	43	Odd	1,3,5,7,9,11,13
482	54	80	DB	44	Odd	1,3,5,7,9,11,13
483	54	75	DB	43	Even	2,4,6,8,10,12
484	54	75	DB	44	Even	2,4,6,8,10,12
485	54	79	DB	21	Even	2,4,6,8,10,12
486	54	79	DB	22	Even	2,4,6,8,10,12
487	54	78	DB	21	Odd	1,3,5,7,9,11,13
488	54	78	DB	22	Odd	1,3,5,7,9,11,13
489	55	71	TR18	20	Weekly	1,2,3,4,5,6,7,8,9,10,11,12,13
490	55	77	TR18	63	Weekly	1,2,3,4,5,6,7,8,9,10,11,12,13
491	55	83	TR15	57	Weekly	1,2,3,4,5,6,7,8,9,10,11,12,13
492	54	72	DB	59	Even	2,4,6,8,10,12
493	54	72	DB	60	Even	2,4,6,8,10,12
494	55	73	TR17	59	Weekly	1,2,3,4,5,6,7,8,9,10,11,12,13
495	54	71	DB	63	Odd	1,3,5,7,9,11,13
496	54	71	DB	64	Odd	1,3,5,7,9,11,13
497	55	82	TR9	58	Weekly	1,2,3,4,5,6,7,8,9,10,11,12,13
498	57	5	LT19	68	Weekly	1,2,3,4,5,6,7,8,9,10,11,12,13
499	58	5	LT19	69	Weekly	1,2,3,4,5,6,7,8,9,10,11,12,13
500	57	5	LT19	47	Weekly	1,2,3,4,5,6,7,8,9,10,11,12,13
501	57	5	LT5	7	Weekly	1,2,3,4,5,6,7,8,9,10,11,12,13
502	59	5	LT2A	66	Weekly	1,2,3,4,5,6,7,8,9,10,11,12,13
503	59	5	LT2A	24	Weekly	1,2,3,4,5,6,7,8,9,10,11,12,13
504	59	5	LT2A	23	Weekly	1,2,3,4,5,6,7,8,9,10,11,12,13
505	60	5	LT2A	67	Weekly	1,2,3,4,5,6,7,8,9,10,11,12,13
506	61	5	LT10	63	Weekly	1,2,3,4,5,6,7,8,9,10,11,12,13
507	61	5	LT10	15	Weekly	1,2,3,4,5,6,7,8,9,10,11,12,13
508	61	5	LT10	43	Weekly	1,2,3,4,5,6,7,8,9,10,11,12,13
509	62	5	LT10	16	Weekly	1,2,3,4,5,6,7,8,9,10,11,12,13
510	63	5	LT2A	62	Weekly	1,2,3,4,5,6,7,8,9,10,11,12,13
511	63	5	LT2A	6	Weekly	1,2,3,4,5,6,7,8,9,10,11,12,13
512	64	5	LT2A	17	Weekly	1,2,3,4,5,6,7,8,9,10,11,12,13
513	63	5	LT2A	18	Weekly	1,2,3,4,5,6,7,8,9,10,11,12,13
514	65	5	LT19	1	Weekly	1,2,3,4,5,6,7,8,9,10,11,12,13
515	66	5	LT19	55	Weekly	1,2,3,4,5,6,7,8,9,10,11,12,13
516	65	5	LT19	54	Weekly	1,2,3,4,5,6,7,8,9,10,11,12,13
517	65	5	LT19	22	Weekly	1,2,3,4,5,6,7,8,9,10,11,12,13
518	67	5	LT10	21	Weekly	1,2,3,4,5,6,7,8,9,10,11,12,13
519	68	5	LT8	27	Weekly	1,2,3,4,5,6,7,8,9,10,11,12,13
520	67	5	LT8	26	Weekly	1,2,3,4,5,6,7,8,9,10,11,12,13
521	67	5	LT8	25	Weekly	1,2,3,4,5,6,7,8,9,10,11,12,13
522	69	63	CL2	3	Odd	1,3,5,7,9,11,13
523	69	63	CL2	4	Odd	1,3,5,7,9,11,13
524	70	64	TR19	15	Weekly	1,2,3,4,5,6,7,8,9,10,11,12,13
525	71	5	LT8	43	Weekly	1,2,3,4,5,6,7,8,9,10,11,12,13
526	70	65	TR19	31	Weekly	1,2,3,4,5,6,7,8,9,10,11,12,13
527	71	5	LT8	29	Weekly	1,2,3,4,5,6,7,8,9,10,11,12,13
528	70	63	TR18	16	Weekly	1,2,3,4,5,6,7,8,9,10,11,12,13
529	69	65	CL2	8	Odd	1,3,5,7,9,11,13
530	69	65	CL2	9	Odd	1,3,5,7,9,11,13
531	69	64	CL2	3	Even	2,4,6,8,10,12
532	69	64	CL2	4	Even	2,4,6,8,10,12
533	71	5	LT8	7	Weekly	1,2,3,4,5,6,7,8,9,10,11,12,13
534	72	5	LT2A	10	Weekly	1,2,3,4,5,6,7,8,9,10,11,12,13
535	73	5	LT2A	53	Weekly	1,2,3,4,5,6,7,8,9,10,11,12,13
536	72	5	LT2A	11	Weekly	1,2,3,4,5,6,7,8,9,10,11,12,13
537	72	5	LT2A	52	Weekly	1,2,3,4,5,6,7,8,9,10,11,12,13
538	73	89	LT6	25	Weekly	1,2,3,4,5,6,7,8,9,10,11,12,13
539	74	5	LT2A	33	Weekly	1,2,3,4,5,6,7,8,9,10,11,12,13
540	75	5	LT19	40	Weekly	1,2,3,4,5,6,7,8,9,10,11,12,13
541	75	5	LT19	41	Weekly	1,2,3,4,5,6,7,8,9,10,11,12,13
542	75	5	LT19	39	Weekly	1,2,3,4,5,6,7,8,9,10,11,12,13
543	76	5	LT8	60	Weekly	1,2,3,4,5,6,7,8,9,10,11,12,13
544	76	5	LT4	35	Weekly	1,2,3,4,5,6,7,8,9,10,11,12,13
545	76	5	LT19	4	Weekly	1,2,3,4,5,6,7,8,9,10,11,12,13
546	77	5	LT8	61	Weekly	1,2,3,4,5,6,7,8,9,10,11,12,13
547	78	5	LT8	2	Weekly	1,2,3,4,5,6,7,8,9,10,11,12,13
548	79	5	LT8	3	Weekly	1,2,3,4,5,6,7,8,9,10,11,12,13
549	78	5	LT8	44	Weekly	1,2,3,4,5,6,7,8,9,10,11,12,13
550	78	5	LT2A	20	Weekly	1,2,3,4,5,6,7,8,9,10,11,12,13
551	80	5	LT8	8	Weekly	1,2,3,4,5,6,7,8,9,10,11,12,13
552	80	5	LT8	9	Weekly	1,2,3,4,5,6,7,8,9,10,11,12,13
553	80	5	LT4	36	Weekly	1,2,3,4,5,6,7,8,9,10,11,12,13
554	81	5	LT19	50	Weekly	1,2,3,4,5,6,7,8,9,10,11,12,13
555	82	5	LT2A	64	Weekly	1,2,3,4,5,6,7,8,9,10,11,12,13
556	83	5	LT2A	65	Weekly	1,2,3,4,5,6,7,8,9,10,11,12,13
557	82	5	LT2A	19	Weekly	1,2,3,4,5,6,7,8,9,10,11,12,13
558	82	5	LT2A	5	Weekly	1,2,3,4,5,6,7,8,9,10,11,12,13
559	84	5	LT2A	57	Weekly	1,2,3,4,5,6,7,8,9,10,11,12,13
560	84	5	LT1A	37	Weekly	1,2,3,4,5,6,7,8,9,10,11,12,13
561	85	5	LT19	13	Weekly	1,2,3,4,5,6,7,8,9,10,11,12,13
562	84	5	LT19	12	Weekly	1,2,3,4,5,6,7,8,9,10,11,12,13
563	86	44	MM3	61	Weekly	1,2,3,4,5,6,7,8,9,10,11,12,13
564	86	44	MM3	62	Weekly	1,2,3,4,5,6,7,8,9,10,11,12,13
565	86	44	MM3	17	Weekly	1,2,3,4,5,6,7,8,9,10,11,12,13
566	86	47	LT6	61	Weekly	1,2,3,4,5,6,7,8,9,10,11,12,13
567	86	47	LT6	62	Weekly	1,2,3,4,5,6,7,8,9,10,11,12,13
568	87	34	TR19	59	Weekly	1,2,3,4,5,6,7,8,9,10,11,12,13
569	87	35	TR12	61	Weekly	1,2,3,4,5,6,7,8,9,10,11,12,13
570	88	6	LT8	64	Weekly	1,2,3,4,5,6,7,8,9,10,11,12,13
571	87	37	TR12	20	Weekly	1,2,3,4,5,6,7,8,9,10,11,12,13
572	87	11	TR10	43	Weekly	1,2,3,4,5,6,7,8,9,10,11,12,13
573	87	36	TR12	47	Weekly	1,2,3,4,5,6,7,8,9,10,11,12,13
574	87	32	TR18	30	Weekly	1,2,3,4,5,6,7,8,9,10,11,12,13
575	88	6	LT8	45	Weekly	1,2,3,4,5,6,7,8,9,10,11,12,13
576	88	6	LT8	22	Weekly	1,2,3,4,5,6,7,8,9,10,11,12,13
577	87	33	TR15	18	Weekly	1,2,3,4,5,6,7,8,9,10,11,12,13
578	87	38	TR12	62	Weekly	1,2,3,4,5,6,7,8,9,10,11,12,13
579	89	34	TR19	57	Weekly	1,2,3,4,5,6,7,8,9,10,11,12,13
580	90	11	CL1	5	Weekly	1,2,3,4,5,6,7,8,9,10,11,12,13
581	90	11	CL1	6	Weekly	1,2,3,4,5,6,7,8,9,10,11,12,13
582	89	32	TR14	18	Weekly	1,2,3,4,5,6,7,8,9,10,11,12,13
583	90	34	CL1	50	Weekly	1,2,3,4,5,6,7,8,9,10,11,12,13
584	90	43	CL1	49	Weekly	1,2,3,4,5,6,7,8,9,10,11,12,13
585	90	34	CL1	49	Weekly	1,2,3,4,5,6,7,8,9,10,11,12,13
586	90	33	CL1	48	Weekly	1,2,3,4,5,6,7,8,9,10,11,12,13
587	90	32	CL1	48	Weekly	1,2,3,4,5,6,7,8,9,10,11,12,13
588	90	33	CL1	47	Weekly	1,2,3,4,5,6,7,8,9,10,11,12,13
589	90	32	CL1	47	Weekly	1,2,3,4,5,6,7,8,9,10,11,12,13
590	91	6	LT2A	44	Weekly	1,2,3,4,5,6,7,8,9,10,11,12,13
591	91	6	LT2	23	Weekly	1,2,3,4,5,6,7,8,9,10,11,12,13
592	89	10	TR8	30	Weekly	1,2,3,4,5,6,7,8,9,10,11,12,13
593	90	43	CL1	50	Weekly	1,2,3,4,5,6,7,8,9,10,11,12,13
594	89	33	TR15	17	Weekly	1,2,3,4,5,6,7,8,9,10,11,12,13
595	91	6	LT2A	3	Weekly	1,2,3,4,5,6,7,8,9,10,11,12,13
596	89	43	TR18	57	Weekly	1,2,3,4,5,6,7,8,9,10,11,12,13
597	89	11	TR10	58	Weekly	1,2,3,4,5,6,7,8,9,10,11,12,13
598	92	11	TR10	57	Weekly	1,2,3,4,5,6,7,8,9,10,11,12,13
599	93	6	LT2A	7	Weekly	1,2,3,4,5,6,7,8,9,10,11,12,13
600	92	32	TR18	31	Weekly	1,2,3,4,5,6,7,8,9,10,11,12,13
601	92	10	TR17	31	Weekly	1,2,3,4,5,6,7,8,9,10,11,12,13
602	92	43	TR19	30	Weekly	1,2,3,4,5,6,7,8,9,10,11,12,13
603	92	33	TR19	30	Weekly	1,2,3,4,5,6,7,8,9,10,11,12,13
604	93	6	LT2A	29	Weekly	1,2,3,4,5,6,7,8,9,10,11,12,13
605	92	41	TR19	46	Weekly	1,2,3,4,5,6,7,8,9,10,11,12,13
606	92	40	TR18	44	Weekly	1,2,3,4,5,6,7,8,9,10,11,12,13
607	92	42	TR10	6	Weekly	1,2,3,4,5,6,7,8,9,10,11,12,13
608	92	34	TR19	58	Weekly	1,2,3,4,5,6,7,8,9,10,11,12,13
609	92	39	TR17	64	Weekly	1,2,3,4,5,6,7,8,9,10,11,12,13
610	92	35	TR19	58	Weekly	1,2,3,4,5,6,7,8,9,10,11,12,13
611	94	31	DIG	57	Even	2,4,6,8,10,12
612	94	31	DIG	58	Even	2,4,6,8,10,12
613	95	41	TR15	59	Weekly	1,2,3,4,5,6,7,8,9,10,11,12,13
614	94	41	DIG	1	Even	2,4,6,8,10,12
615	94	41	DIG	2	Even	2,4,6,8,10,12
616	95	42	TR12	8	Weekly	1,2,3,4,5,6,7,8,9,10,11,12,13
617	94	40	DIG	21	Odd	1,3,5,7,9,11,13
618	94	40	DIG	22	Odd	1,3,5,7,9,11,13
619	96	6	LT8	32	Weekly	1,2,3,4,5,6,7,8,9,10,11,12,13
620	96	6	LT8	49	Weekly	1,2,3,4,5,6,7,8,9,10,11,12,13
621	94	38	DIG	46	Even	2,4,6,8,10,12
622	94	38	DIG	47	Even	2,4,6,8,10,12
623	96	6	LT8	18	Weekly	1,2,3,4,5,6,7,8,9,10,11,12,13
624	94	42	DIG	1	Odd	1,3,5,7,9,11,13
625	94	42	DIG	2	Odd	1,3,5,7,9,11,13
626	95	40	TR14	60	Weekly	1,2,3,4,5,6,7,8,9,10,11,12,13
627	94	35	DIG	57	Odd	1,3,5,7,9,11,13
628	94	35	DIG	58	Odd	1,3,5,7,9,11,13
629	97	40	TR14	59	Weekly	1,2,3,4,5,6,7,8,9,10,11,12,13
630	98	40	CL1	36	Weekly	1,2,3,4,5,6,7,8,9,10,11,12,13
631	98	40	CL1	37	Weekly	1,2,3,4,5,6,7,8,9,10,11,12,13
632	98	39	CL1	36	Weekly	1,2,3,4,5,6,7,8,9,10,11,12,13
633	98	39	CL1	37	Weekly	1,2,3,4,5,6,7,8,9,10,11,12,13
634	98	28	CL1	34	Weekly	1,2,3,4,5,6,7,8,9,10,11,12,13
635	98	28	CL1	35	Weekly	1,2,3,4,5,6,7,8,9,10,11,12,13
636	99	6	LT8	31	Weekly	1,2,3,4,5,6,7,8,9,10,11,12,13
637	99	6	LT8	50	Weekly	1,2,3,4,5,6,7,8,9,10,11,12,13
638	97	28	TR13	48	Weekly	1,2,3,4,5,6,7,8,9,10,11,12,13
639	98	41	CL1	43	Weekly	1,2,3,4,5,6,7,8,9,10,11,12,13
640	98	41	CL1	44	Weekly	1,2,3,4,5,6,7,8,9,10,11,12,13
641	98	37	CL1	43	Weekly	1,2,3,4,5,6,7,8,9,10,11,12,13
642	98	37	CL1	44	Weekly	1,2,3,4,5,6,7,8,9,10,11,12,13
643	97	37	TR16	61	Weekly	1,2,3,4,5,6,7,8,9,10,11,12,13
644	97	39	TR17	16	Weekly	1,2,3,4,5,6,7,8,9,10,11,12,13
645	97	41	TR15	60	Weekly	1,2,3,4,5,6,7,8,9,10,11,12,13
646	99	6	LT8	17	Weekly	1,2,3,4,5,6,7,8,9,10,11,12,13
647	100	42	TR16	60	Weekly	1,2,3,4,5,6,7,8,9,10,11,12,13
648	100	41	TR19	6	Weekly	1,2,3,4,5,6,7,8,9,10,11,12,13
649	100	39	TR17	22	Weekly	1,2,3,4,5,6,7,8,9,10,11,12,13
650	101	6	LT8	48	Weekly	1,2,3,4,5,6,7,8,9,10,11,12,13
651	100	40	TR19	45	Weekly	1,2,3,4,5,6,7,8,9,10,11,12,13
652	101	6	LT9	19	Weekly	1,2,3,4,5,6,7,8,9,10,11,12,13
653	100	43	TR12	5	Weekly	1,2,3,4,5,6,7,8,9,10,11,12,13
654	101	6	LT8	4	Weekly	1,2,3,4,5,6,7,8,9,10,11,12,13
655	102	9	LT19	58	Weekly	1,2,3,4,5,6,7,8,9,10,11,12,13
656	102	9	LT19	59	Weekly	1,2,3,4,5,6,7,8,9,10,11,12,13
657	102	9	LT8	34	Weekly	1,2,3,4,5,6,7,8,9,10,11,12,13
658	103	66	TR18	58	Weekly	1,2,3,4,5,6,7,8,9,10,11,12,13
659	104	7	LT2A	30	Weekly	1,2,3,4,5,6,7,8,9,10,11,12,13
660	103	68	TR18	3	Weekly	1,2,3,4,5,6,7,8,9,10,11,12,13
661	103	78	TR13	44	Weekly	1,2,3,4,5,6,7,8,9,10,11,12,13
662	104	7	LT2A	45	Weekly	1,2,3,4,5,6,7,8,9,10,11,12,13
663	103	69	TR14	49	Weekly	1,2,3,4,5,6,7,8,9,10,11,12,13
664	103	67	TR14	49	Weekly	1,2,3,4,5,6,7,8,9,10,11,12,13
665	103	85	TR19	2	Weekly	1,2,3,4,5,6,7,8,9,10,11,12,13
666	103	84	TR24	60	Weekly	1,2,3,4,5,6,7,8,9,10,11,12,13
667	105	63	CE	57	Odd	1,3,5,7,9,11,13
668	105	63	CE	58	Odd	1,3,5,7,9,11,13
669	106	7	LT2A	47	Weekly	1,2,3,4,5,6,7,8,9,10,11,12,13
670	107	64	TR16	45	Weekly	1,2,3,4,5,6,7,8,9,10,11,12,13
671	105	39	CE	45	Odd	1,3,5,7,9,11,13
672	105	39	CE	46	Odd	1,3,5,7,9,11,13
673	107	63	TR14	44	Weekly	1,2,3,4,5,6,7,8,9,10,11,12,13
674	106	7	LT2A	21	Weekly	1,2,3,4,5,6,7,8,9,10,11,12,13
675	107	13	TR15	16	Weekly	1,2,3,4,5,6,7,8,9,10,11,12,13
676	107	12	TR14	15	Weekly	1,2,3,4,5,6,7,8,9,10,11,12,13
677	107	39	TR17	60	Weekly	1,2,3,4,5,6,7,8,9,10,11,12,13
678	107	43	TR18	60	Weekly	1,2,3,4,5,6,7,8,9,10,11,12,13
679	105	13	CE	4	Odd	1,3,5,7,9,11,13
680	105	13	CE	5	Odd	1,3,5,7,9,11,13
681	105	43	CE	15	Even	2,4,6,8,10,12
682	105	43	CE	16	Even	2,4,6,8,10,12
683	105	12	CE	7	Odd	1,3,5,7,9,11,13
684	105	12	CE	8	Odd	1,3,5,7,9,11,13
685	106	7	LT2A	59	Weekly	1,2,3,4,5,6,7,8,9,10,11,12,13
686	105	64	CE	57	Even	2,4,6,8,10,12
687	105	64	CE	58	Even	2,4,6,8,10,12
688	108	12	TR16	57	Weekly	1,2,3,4,5,6,7,8,9,10,11,12,13
689	108	63	TR14	45	Weekly	1,2,3,4,5,6,7,8,9,10,11,12,13
690	108	64	TR16	44	Weekly	1,2,3,4,5,6,7,8,9,10,11,12,13
691	108	69	TR16	57	Weekly	1,2,3,4,5,6,7,8,9,10,11,12,13
692	109	7	LT8	6	Weekly	1,2,3,4,5,6,7,8,9,10,11,12,13
693	109	7	LT8	19	Weekly	1,2,3,4,5,6,7,8,9,10,11,12,13
694	108	13	TR16	44	Weekly	1,2,3,4,5,6,7,8,9,10,11,12,13
695	109	7	LT8	63	Weekly	1,2,3,4,5,6,7,8,9,10,11,12,13
696	108	65	TR16	57	Weekly	1,2,3,4,5,6,7,8,9,10,11,12,13
697	110	63	MS	57	Even	2,4,6,8,10,12
698	110	63	MS	58	Even	2,4,6,8,10,12
699	110	69	MS	31	Even	2,4,6,8,10,12
700	110	69	MS	32	Even	2,4,6,8,10,12
701	111	7	LT2A	22	Weekly	1,2,3,4,5,6,7,8,9,10,11,12,13
702	112	69	TR19	16	Weekly	1,2,3,4,5,6,7,8,9,10,11,12,13
703	112	64	TR19	16	Weekly	1,2,3,4,5,6,7,8,9,10,11,12,13
704	112	12	TR14	16	Weekly	1,2,3,4,5,6,7,8,9,10,11,12,13
705	112	63	TR18	15	Weekly	1,2,3,4,5,6,7,8,9,10,11,12,13
706	112	13	TR15	15	Weekly	1,2,3,4,5,6,7,8,9,10,11,12,13
707	111	7	LT2A	60	Weekly	1,2,3,4,5,6,7,8,9,10,11,12,13
708	111	7	LT2A	1	Weekly	1,2,3,4,5,6,7,8,9,10,11,12,13
709	110	12	MS	4	Odd	1,3,5,7,9,11,13
710	110	12	MS	5	Odd	1,3,5,7,9,11,13
711	110	65	MS	15	Even	2,4,6,8,10,12
712	110	65	MS	16	Even	2,4,6,8,10,12
713	110	13	MS	4	Even	2,4,6,8,10,12
714	110	13	MS	5	Even	2,4,6,8,10,12
715	112	65	TR16	58	Weekly	1,2,3,4,5,6,7,8,9,10,11,12,13
716	110	64	MS	57	Odd	1,3,5,7,9,11,13
717	110	64	MS	58	Odd	1,3,5,7,9,11,13
718	113	63	CL2	3	Odd	1,3,5,7,9,11,13
719	113	63	CL2	4	Odd	1,3,5,7,9,11,13
720	114	65	TR19	31	Weekly	1,2,3,4,5,6,7,8,9,10,11,12,13
721	115	7	LT8	29	Weekly	1,2,3,4,5,6,7,8,9,10,11,12,13
722	115	7	LT8	7	Weekly	1,2,3,4,5,6,7,8,9,10,11,12,13
723	114	64	TR19	15	Weekly	1,2,3,4,5,6,7,8,9,10,11,12,13
724	114	63	TR18	16	Weekly	1,2,3,4,5,6,7,8,9,10,11,12,13
725	115	7	LT8	43	Weekly	1,2,3,4,5,6,7,8,9,10,11,12,13
726	113	65	CL2	8	Odd	1,3,5,7,9,11,13
727	113	65	CL2	9	Odd	1,3,5,7,9,11,13
728	113	64	CL2	3	Even	2,4,6,8,10,12
729	113	64	CL2	4	Even	2,4,6,8,10,12
730	116	66	CL2	59	Even	2,4,6,8,10,12
731	116	66	CL2	60	Even	2,4,6,8,10,12
732	116	68	CL2	29	Even	2,4,6,8,10,12
733	116	68	CL2	30	Even	2,4,6,8,10,12
734	116	67	CL2	29	Odd	1,3,5,7,9,11,13
735	116	67	CL2	30	Odd	1,3,5,7,9,11,13
736	117	70	TR18	45	Weekly	1,2,3,4,5,6,7,8,9,10,11,12,13
737	118	7	LT19	44	Weekly	1,2,3,4,5,6,7,8,9,10,11,12,13
738	117	88	TR12	3	Weekly	1,2,3,4,5,6,7,8,9,10,11,12,13
739	116	70	CL2	15	Even	2,4,6,8,10,12
740	116	70	CL2	16	Even	2,4,6,8,10,12
741	118	7	LT19	20	Weekly	1,2,3,4,5,6,7,8,9,10,11,12,13
742	117	68	TR19	22	Weekly	1,2,3,4,5,6,7,8,9,10,11,12,13
743	117	67	TR13	21	Weekly	1,2,3,4,5,6,7,8,9,10,11,12,13
744	118	7	LT19	2	Weekly	1,2,3,4,5,6,7,8,9,10,11,12,13
745	117	66	TR14	1	Weekly	1,2,3,4,5,6,7,8,9,10,11,12,13
746	119	7	LT2A	8	Weekly	1,2,3,4,5,6,7,8,9,10,11,12,13
747	119	7	LT2A	50	Weekly	1,2,3,4,5,6,7,8,9,10,11,12,13
748	120	68	DB	29	Odd	1,3,5,7,9,11,13
749	120	68	DB	30	Odd	1,3,5,7,9,11,13
750	121	66	TR11	32	Weekly	1,2,3,4,5,6,7,8,9,10,11,12,13
751	121	70	TR12	32	Weekly	1,2,3,4,5,6,7,8,9,10,11,12,13
752	119	7	LT2A	31	Weekly	1,2,3,4,5,6,7,8,9,10,11,12,13
753	120	67	DB	29	Even	2,4,6,8,10,12
754	120	67	DB	30	Even	2,4,6,8,10,12
755	120	70	DB	47	Odd	1,3,5,7,9,11,13
756	120	70	DB	48	Odd	1,3,5,7,9,11,13
757	121	68	TR19	21	Weekly	1,2,3,4,5,6,7,8,9,10,11,12,13
758	120	66	DB	47	Even	2,4,6,8,10,12
759	120	66	DB	48	Even	2,4,6,8,10,12
760	121	67	TR13	22	Weekly	1,2,3,4,5,6,7,8,9,10,11,12,13
761	122	65	TR18	2	Weekly	1,2,3,4,5,6,7,8,9,10,11,12,13
762	123	65	SWE	15	Odd	1,3,5,7,9,11,13
763	123	65	SWE	16	Odd	1,3,5,7,9,11,13
764	124	7	LT10	17	Weekly	1,2,3,4,5,6,7,8,9,10,11,12,13
765	122	70	TR19	18	Weekly	1,2,3,4,5,6,7,8,9,10,11,12,13
766	124	7	LT10	49	Weekly	1,2,3,4,5,6,7,8,9,10,11,12,13
767	123	70	SWE	15	Even	2,4,6,8,10,12
768	123	70	SWE	16	Even	2,4,6,8,10,12
769	124	7	LT10	3	Weekly	1,2,3,4,5,6,7,8,9,10,11,12,13
770	125	8	LT2A	64	Weekly	1,2,3,4,5,6,7,8,9,10,11,12,13
771	126	84	TR19	44	Weekly	1,2,3,4,5,6,7,8,9,10,11,12,13
772	126	85	TR19	1	Weekly	1,2,3,4,5,6,7,8,9,10,11,12,13
773	125	8	LT2A	5	Weekly	1,2,3,4,5,6,7,8,9,10,11,12,13
774	125	8	LT2A	19	Weekly	1,2,3,4,5,6,7,8,9,10,11,12,13
775	126	87	TR17	17	Weekly	1,2,3,4,5,6,7,8,9,10,11,12,13
776	126	66	TR18	65	Weekly	1,2,3,4,5,6,7,8,9,10,11,12,13
777	127	8	LT10	59	Weekly	1,2,3,4,5,6,7,8,9,10,11,12,13
778	128	86	TR13	50	Weekly	1,2,3,4,5,6,7,8,9,10,11,12,13
779	129	86	CL1	31	Weekly	1,2,3,4,5,6,7,8,9,10,11,12,13
780	129	86	CL1	32	Weekly	1,2,3,4,5,6,7,8,9,10,11,12,13
781	127	8	LT8	51	Weekly	1,2,3,4,5,6,7,8,9,10,11,12,13
782	128	84	TR11	49	Weekly	1,2,3,4,5,6,7,8,9,10,11,12,13
783	129	84	CL1	21	Weekly	1,2,3,4,5,6,7,8,9,10,11,12,13
784	129	84	CL1	22	Weekly	1,2,3,4,5,6,7,8,9,10,11,12,13
785	129	85	CL1	21	Weekly	1,2,3,4,5,6,7,8,9,10,11,12,13
786	129	85	CL1	22	Weekly	1,2,3,4,5,6,7,8,9,10,11,12,13
787	128	85	TR12	48	Weekly	1,2,3,4,5,6,7,8,9,10,11,12,13
788	127	8	LT8	16	Weekly	1,2,3,4,5,6,7,8,9,10,11,12,13
789	130	8	LT10	57	Weekly	1,2,3,4,5,6,7,8,9,10,11,12,13
790	131	66	SWE	47	Even	2,4,6,8,10,12
791	131	66	SWE	48	Even	2,4,6,8,10,12
792	132	85	TR12	49	Weekly	1,2,3,4,5,6,7,8,9,10,11,12,13
793	132	66	TR14	29	Weekly	1,2,3,4,5,6,7,8,9,10,11,12,13
794	132	84	TR11	48	Weekly	1,2,3,4,5,6,7,8,9,10,11,12,13
795	130	8	LT8	46	Weekly	1,2,3,4,5,6,7,8,9,10,11,12,13
796	131	84	SWE	1	Even	2,4,6,8,10,12
797	131	84	SWE	2	Even	2,4,6,8,10,12
798	130	8	LT8	15	Weekly	1,2,3,4,5,6,7,8,9,10,11,12,13
799	131	85	SWE	43	Odd	1,3,5,7,9,11,13
800	131	85	SWE	44	Odd	1,3,5,7,9,11,13
801	132	67	TR18	17	Weekly	1,2,3,4,5,6,7,8,9,10,11,12,13
802	131	67	SWE	63	Even	2,4,6,8,10,12
803	131	67	SWE	64	Even	2,4,6,8,10,12
804	133	8	LT2A	62	Weekly	1,2,3,4,5,6,7,8,9,10,11,12,13
805	134	67	TR15	7	Weekly	1,2,3,4,5,6,7,8,9,10,11,12,13
806	134	66	TR14	17	Weekly	1,2,3,4,5,6,7,8,9,10,11,12,13
807	134	84	TR19	43	Weekly	1,2,3,4,5,6,7,8,9,10,11,12,13
808	134	68	TR15	49	Weekly	1,2,3,4,5,6,7,8,9,10,11,12,13
809	133	8	LT2A	18	Weekly	1,2,3,4,5,6,7,8,9,10,11,12,13
810	134	88	TR17	63	Weekly	1,2,3,4,5,6,7,8,9,10,11,12,13
811	133	8	LT2A	6	Weekly	1,2,3,4,5,6,7,8,9,10,11,12,13
812	135	9	LT19	68	Weekly	1,2,3,4,5,6,7,8,9,10,11,12,13
813	135	9	LT19	47	Weekly	1,2,3,4,5,6,7,8,9,10,11,12,13
814	136	9	LT19	69	Weekly	1,2,3,4,5,6,7,8,9,10,11,12,13
815	135	9	LT5	7	Weekly	1,2,3,4,5,6,7,8,9,10,11,12,13
816	137	9	LT2A	66	Weekly	1,2,3,4,5,6,7,8,9,10,11,12,13
817	137	9	LT2A	23	Weekly	1,2,3,4,5,6,7,8,9,10,11,12,13
818	137	9	LT2A	24	Weekly	1,2,3,4,5,6,7,8,9,10,11,12,13
819	138	9	LT2A	67	Weekly	1,2,3,4,5,6,7,8,9,10,11,12,13
820	139	9	LT19	1	Weekly	1,2,3,4,5,6,7,8,9,10,11,12,13
821	140	9	LT19	55	Weekly	1,2,3,4,5,6,7,8,9,10,11,12,13
822	139	9	LT19	22	Weekly	1,2,3,4,5,6,7,8,9,10,11,12,13
823	139	9	LT19	54	Weekly	1,2,3,4,5,6,7,8,9,10,11,12,13
824	141	9	LT10	21	Weekly	1,2,3,4,5,6,7,8,9,10,11,12,13
825	142	9	LT8	27	Weekly	1,2,3,4,5,6,7,8,9,10,11,12,13
826	141	9	LT8	26	Weekly	1,2,3,4,5,6,7,8,9,10,11,12,13
827	141	9	LT8	25	Weekly	1,2,3,4,5,6,7,8,9,10,11,12,13
828	143	9	LT2A	10	Weekly	1,2,3,4,5,6,7,8,9,10,11,12,13
829	144	89	LT6	25	Weekly	1,2,3,4,5,6,7,8,9,10,11,12,13
830	143	9	LT2A	52	Weekly	1,2,3,4,5,6,7,8,9,10,11,12,13
831	144	9	LT2A	53	Weekly	1,2,3,4,5,6,7,8,9,10,11,12,13
832	143	9	LT2A	11	Weekly	1,2,3,4,5,6,7,8,9,10,11,12,13
833	145	9	LT2A	33	Weekly	1,2,3,4,5,6,7,8,9,10,11,12,13
834	146	9	LT19	41	Weekly	1,2,3,4,5,6,7,8,9,10,11,12,13
835	146	9	LT19	39	Weekly	1,2,3,4,5,6,7,8,9,10,11,12,13
836	146	9	LT19	40	Weekly	1,2,3,4,5,6,7,8,9,10,11,12,13
837	147	9	LT12	63	Weekly	1,2,3,4,5,6,7,8,9,10,11,12,13
838	148	9	LT13	16	Weekly	1,2,3,4,5,6,7,8,9,10,11,12,13
839	147	9	LT12	43	Weekly	1,2,3,4,5,6,7,8,9,10,11,12,13
840	147	9	LT13	15	Weekly	1,2,3,4,5,6,7,8,9,10,11,12,13
841	149	9	LT8	60	Weekly	1,2,3,4,5,6,7,8,9,10,11,12,13
842	149	9	LT19	4	Weekly	1,2,3,4,5,6,7,8,9,10,11,12,13
843	149	9	LT4	35	Weekly	1,2,3,4,5,6,7,8,9,10,11,12,13
844	150	9	LT8	61	Weekly	1,2,3,4,5,6,7,8,9,10,11,12,13
845	151	9	LT8	2	Weekly	1,2,3,4,5,6,7,8,9,10,11,12,13
846	151	9	LT8	44	Weekly	1,2,3,4,5,6,7,8,9,10,11,12,13
847	152	9	LT8	3	Weekly	1,2,3,4,5,6,7,8,9,10,11,12,13
848	151	9	LT2A	20	Weekly	1,2,3,4,5,6,7,8,9,10,11,12,13
