1	193	31	LT10	33	Weekly	1,2,3,4,5,6,7,8,9,10,11,12,13
2	193	31	LT10	34	Weekly	1,2,3,4,5,6,7,8,9,10,11,12,13
3	193	31	LT10	35	Weekly	1,2,3,4,5,6,7,8,9,10,11,12,13
4	193	31	LT10	36	Weekly	1,2,3,4,5,6,7,8,9,10,11,12,13
5	193	31	LT10	37	Weekly	1,2,3,4,5,6,7,8,9,10,11,12,13
6	4	21	TR11	3	Weekly	1,2,3,4,5,6,7,8,9,10,11,12,13
7	3	3	LT10	4	Weekly	1,2,3,4,5,6,7,8,9,10,11,12,13
8	5	21	ELE	15	Even	2,4,6,8,10,12
9	5	21	ELE	16	Even	2,4,6,8,10,12
10	3	3	LT10	21	Weekly	1,2,3,4,5,6,7,8,9,10,11,12,13
11	3	3	L11	33	Weekly	1,2,3,4,5,6,7,8,9,10,11,12,13
12	6	3	LT10	58	Weekly	1,2,3,4,5,6,7,8,9,10,11,12,13
13	8	21	CL1	62	Weekly	1,2,3,4,5,6,7,8,9,10,11,12,13
14	8	21	CL1	63	Weekly	1,2,3,4,5,6,7,8,9,10,11,12,13
15	6	3		23	Weekly	1,2,3,4,5,6,7,8,9,10,11,12,13
16	7	21	TR11	43	Weekly	1,2,3,4,5,6,7,8,9,10,11,12,13
17	6	3	LT10	44	Weekly	1,2,3,4,5,6,7,8,9,10,11,12,13
18	9	3		60	Weekly	1,2,3,4,5,6,7,8,9,10,11,12,13
19	10	29	TR12	62	Weekly	1,2,3,4,5,6,7,8,9,10,11,12,13
20	9	3	LT8	5	Weekly	1,2,3,4,5,6,7,8,9,10,11,12,13
21	9	3	LT10	31	Weekly	1,2,3,4,5,6,7,8,9,10,11,12,13
22	10	21	TR14	32	Weekly	1,2,3,4,5,6,7,8,9,10,11,12,13
23	13	1	TR12	58	Weekly	1,2,3,4,5,6,7,8,9,10,11,12,13
24	11	15	DIG	59	Odd	1,3,5,7,9,11,13
25	11	16	DIG	59	Even	2,4,6,8,10,12
26	13	22	TR14	59	Weekly	1,2,3,4,5,6,7,8,9,10,11,12,13
27	11	15	DIG	60	Odd	1,3,5,7,9,11,13
28	11	16	DIG	60	Even	2,4,6,8,10,12
29	12	3	LT2A	61	Weekly	1,2,3,4,5,6,7,8,9,10,11,12,13
30	12	3	LT2A	1	Weekly	1,2,3,4,5,6,7,8,9,10,11,12,13
31	13	15	TR13	6	Weekly	1,2,3,4,5,6,7,8,9,10,11,12,13
32	11	17	DIG	7	Odd	1,3,5,7,9,11,13
33	11	17	DIG	8	Odd	1,3,5,7,9,11,13
34	13	16	TR14	8	Weekly	1,2,3,4,5,6,7,8,9,10,11,12,13
35	13	11	TR11	15	Weekly	1,2,3,4,5,6,7,8,9,10,11,12,13
36	13	12	TR12	16	Weekly	1,2,3,4,5,6,7,8,9,10,11,12,13
37	12	3	LT19	19	Weekly	1,2,3,4,5,6,7,8,9,10,11,12,13
38	13	17	TR15	21	Weekly	1,2,3,4,5,6,7,8,9,10,11,12,13
39	11	13	DIG	45	Odd	1,3,5,7,9,11,13
40	11	14	DIG	45	Even	2,4,6,8,10,12
41	11	13	DIG	46	Odd	1,3,5,7,9,11,13
42	11	14	DIG	46	Even	2,4,6,8,10,12
43	11	11	DIG	31	Odd	1,3,5,7,9,11,13
44	11	12	DIG	31	Even	2,4,6,8,10,12
45	13	13	TR11	31	Weekly	1,2,3,4,5,6,7,8,9,10,11,12,13
46	11	11	DIG	32	Odd	1,3,5,7,9,11,13
47	11	12	DIG	32	Even	2,4,6,8,10,12
48	13	14	TR12	32	Weekly	1,2,3,4,5,6,7,8,9,10,11,12,13
49	14	17	CL1	59	Weekly	1,2,3,4,5,6,7,8,9,10,11,12,13
50	14	17	CL1	60	Weekly	1,2,3,4,5,6,7,8,9,10,11,12,13
51	16	3	LT2A	2	Weekly	1,2,3,4,5,6,7,8,9,10,11,12,13
52	14	11	CL1	5	Weekly	1,2,3,4,5,6,7,8,9,10,11,12,13
53	14	11	CL1	6	Weekly	1,2,3,4,5,6,7,8,9,10,11,12,13
54	14	12	CL1	7	Weekly	1,2,3,4,5,6,7,8,9,10,11,12,13
55	15	16	TR14	7	Weekly	1,2,3,4,5,6,7,8,9,10,11,12,13
56	14	12	CL1	8	Weekly	1,2,3,4,5,6,7,8,9,10,11,12,13
57	15	15	TR13	8	Weekly	1,2,3,4,5,6,7,8,9,10,11,12,13
58	14	13	CL1	15	Weekly	1,2,3,4,5,6,7,8,9,10,11,12,13
59	15	12	TR12	15	Weekly	1,2,3,4,5,6,7,8,9,10,11,12,13
60	14	13	CL1	16	Weekly	1,2,3,4,5,6,7,8,9,10,11,12,13
61	15	11	TR11	16	Weekly	1,2,3,4,5,6,7,8,9,10,11,12,13
62	14	14	CL1	21	Weekly	1,2,3,4,5,6,7,8,9,10,11,12,13
63	14	16	CL1	21	Weekly	1,2,3,4,5,6,7,8,9,10,11,12,13
64	14	14	CL1	22	Weekly	1,2,3,4,5,6,7,8,9,10,11,12,13
65	14	16	CL1	22	Weekly	1,2,3,4,5,6,7,8,9,10,11,12,13
66	15	17	TR15	22	Weekly	1,2,3,4,5,6,7,8,9,10,11,12,13
67	16	3	LT2A	51	Weekly	1,2,3,4,5,6,7,8,9,10,11,12,13
68	16	3	LT2A	30	Weekly	1,2,3,4,5,6,7,8,9,10,11,12,13
69	14	15	CL1	31	Weekly	1,2,3,4,5,6,7,8,9,10,11,12,13
70	15	14	TR12	31	Weekly	1,2,3,4,5,6,7,8,9,10,11,12,13
71	14	15	CL1	32	Weekly	1,2,3,4,5,6,7,8,9,10,11,12,13
72	15	13	TR11	32	Weekly	1,2,3,4,5,6,7,8,9,10,11,12,13
73	17	13	TR13	60	Weekly	1,2,3,4,5,6,7,8,9,10,11,12,13
74	18	3	LT2A	64	Weekly	1,2,3,4,5,6,7,8,9,10,11,12,13
75	17	20	TR16	3	Weekly	1,2,3,4,5,6,7,8,9,10,11,12,13
76	17	16	TR14	6	Weekly	1,2,3,4,5,6,7,8,9,10,11,12,13
77	17	15	TR13	7	Weekly	1,2,3,4,5,6,7,8,9,10,11,12,13
78	17	11	TR18	8	Weekly	1,2,3,4,5,6,7,8,9,10,11,12,13
79	17	14	TR13	16	Weekly	1,2,3,4,5,6,7,8,9,10,11,12,13
80	18	3	LT2A	20	Weekly	1,2,3,4,5,6,7,8,9,10,11,12,13
81	17	18	TR18	21	Weekly	1,2,3,4,5,6,7,8,9,10,11,12,13
82	17	17	TR12	44	Weekly	1,2,3,4,5,6,7,8,9,10,11,12,13
83	17	12	TR15	47	Weekly	1,2,3,4,5,6,7,8,9,10,11,12,13
84	18	3	LT2A	29	Weekly	1,2,3,4,5,6,7,8,9,10,11,12,13
85	17	19	TR19	30	Weekly	1,2,3,4,5,6,7,8,9,10,11,12,13
86	19	6	LT20	7	Weekly	1,2,3,4,5,6,7,8,9,10,11,12,13
87	19	6	LT20	19	Weekly	1,2,3,4,5,6,7,8,9,10,11,12,13
88	19	6	LT20	8	Weekly	1,2,3,4,5,6,7,8,9,10,11,12,13
89	20	57		16	Weekly	1,2,3,4,5,6,7,8,9,10,11,12,13
90	20	59	TR14	51	Weekly	1,2,3,4,5,6,7,8,9,10,11,12,13
91	20	56	TR17	22	Weekly	1,2,3,4,5,6,7,8,9,10,11,12,13
92	20	58	TR11	45	Weekly	1,2,3,4,5,6,7,8,9,10,11,12,13
93	20	52	TR18	46	Weekly	1,2,3,4,5,6,7,8,9,10,11,12,13
94	20	60	TR16	50	Weekly	1,2,3,4,5,6,7,8,9,10,11,12,13
95	21	5	LT19	47	Weekly	1,2,3,4,5,6,7,8,9,10,11,12,13
96	21	5	LT8	21	Weekly	1,2,3,4,5,6,7,8,9,10,11,12,13
97	20	53	TR14	18	Weekly	1,2,3,4,5,6,7,8,9,10,11,12,13
98	22	19	DIG	57	Odd	1,3,5,7,9,11,13
99	22	20	DIG	57	Even	2,4,6,8,10,12
100	22	19	DIG	58	Odd	1,3,5,7,9,11,13
101	22	20	DIG	58	Even	2,4,6,8,10,12
102	22	50	DIG	61	Odd	1,3,5,7,9,11,13
103	22	50	DIG	62	Odd	1,3,5,7,9,11,13
104	23	19	TR19	63	Weekly	1,2,3,4,5,6,7,8,9,10,11,12,13
105	23	20	TR14	2	Weekly	1,2,3,4,5,6,7,8,9,10,11,12,13
106	24	4	LT19	5	Weekly	1,2,3,4,5,6,7,8,9,10,11,12,13
107	24	4	LT8	22	Weekly	1,2,3,4,5,6,7,8,9,10,11,12,13
108	23	50	TR12	23	Weekly	1,2,3,4,5,6,7,8,9,10,11,12,13
109	24	4	LT19	49	Weekly	1,2,3,4,5,6,7,8,9,10,11,12,13
110	25	19	CE	57	Even	2,4,6,8,10,12
111	25	20	CE	57	Odd	1,3,5,7,9,11,13
112	25	19	CE	58	Even	2,4,6,8,10,12
113	25	20	CE	58	Odd	1,3,5,7,9,11,13
114	25	50	CE	61	Even	2,4,6,8,10,12
115	25	50	CE	62	Even	2,4,6,8,10,12
116	26	4	LT19	8	Weekly	1,2,3,4,5,6,7,8,9,10,11,12,13
117	26	4	LT19	21	Weekly	1,2,3,4,5,6,7,8,9,10,11,12,13
118	27	19	TR14	44	Weekly	1,2,3,4,5,6,7,8,9,10,11,12,13
119	27	20	TR19	45	Weekly	1,2,3,4,5,6,7,8,9,10,11,12,13
120	26	4	LT19	48	Weekly	1,2,3,4,5,6,7,8,9,10,11,12,13
121	27	50	TR19	51	Weekly	1,2,3,4,5,6,7,8,9,10,11,12,13
122	30	26	MS	57	Odd	1,3,5,7,9,11,13
123	30	26	MS	58	Odd	1,3,5,7,9,11,13
124	28	4	LT10	65	Weekly	1,2,3,4,5,6,7,8,9,10,11,12,13
125	28	4		9	Weekly	1,2,3,4,5,6,7,8,9,10,11,12,13
126	29	50	TR11	17	Weekly	1,2,3,4,5,6,7,8,9,10,11,12,13
127	28	4	LT8	43	Weekly	1,2,3,4,5,6,7,8,9,10,11,12,13
128	29	19	TR13	45	Weekly	1,2,3,4,5,6,7,8,9,10,11,12,13
129	30	50	MS	46	Odd	1,3,5,7,9,11,13
130	29	20	TR17	46	Weekly	1,2,3,4,5,6,7,8,9,10,11,12,13
131	30	18	MS	47	Even	2,4,6,8,10,12
132	30	50	MS	47	Odd	1,3,5,7,9,11,13
133	30	18	MS	48	Even	2,4,6,8,10,12
134	29	18		30	Weekly	1,2,3,4,5,6,7,8,9,10,11,12,13
135	30	19	MS	31	Odd	1,3,5,7,9,11,13
136	30	20	MS	31	Even	2,4,6,8,10,12
137	30	19	MS	32	Odd	1,3,5,7,9,11,13
138	30	20	MS	32	Even	2,4,6,8,10,12
139	31	20	TR13	63	Weekly	1,2,3,4,5,6,7,8,9,10,11,12,13
140	31	19	TR13	3	Weekly	1,2,3,4,5,6,7,8,9,10,11,12,13
141	32	4	LT19	7	Weekly	1,2,3,4,5,6,7,8,9,10,11,12,13
142	32	4	LT20	50	Weekly	1,2,3,4,5,6,7,8,9,10,11,12,13
143	32	4	LT19	23	Weekly	1,2,3,4,5,6,7,8,9,10,11,12,13
144	31	18	TR18	22	Weekly	1,2,3,4,5,6,7,8,9,10,11,12,13
145	31	50	TR11	6	Weekly	1,2,3,4,5,6,7,8,9,10,11,12,13
146	33	4	LT19	57	Weekly	1,2,3,4,5,6,7,8,9,10,11,12,13
147	35	47	CL2	7	Odd	1,3,5,7,9,11,13
148	34	46	TR12	2	Weekly	1,2,3,4,5,6,7,8,9,10,11,12,13
149	34	45	TR11	1	Weekly	1,2,3,4,5,6,7,8,9,10,11,12,13
150	34	48	TR13	64	Weekly	1,2,3,4,5,6,7,8,9,10,11,12,13
151	35	46	CL2	64	Even	2,4,6,8,10,12
152	35	45	CL2	64	Odd	1,3,5,7,9,11,13
153	34	47	TR11	63	Weekly	1,2,3,4,5,6,7,8,9,10,11,12,13
154	35	46	CL2	63	Even	2,4,6,8,10,12
155	35	45	CL2	63	Odd	1,3,5,7,9,11,13
156	35	52	CL2	32	Odd	1,3,5,7,9,11,13
157	35	52	CL2	31	Odd	1,3,5,7,9,11,13
158	34	49	TR15	50	Weekly	1,2,3,4,5,6,7,8,9,10,11,12,13
159	35	44	CL2	50	Even	2,4,6,8,10,12
160	35	43	CL2	50	Odd	1,3,5,7,9,11,13
161	35	44	CL2	49	Even	2,4,6,8,10,12
162	35	43	CL2	49	Odd	1,3,5,7,9,11,13
163	35	49	CL2	46	Odd	1,3,5,7,9,11,13
164	35	49	CL2	45	Odd	1,3,5,7,9,11,13
165	33	4	LT2A	44	Weekly	1,2,3,4,5,6,7,8,9,10,11,12,13
166	34	44	TR12	22	Weekly	1,2,3,4,5,6,7,8,9,10,11,12,13
167	34	43	TR15	19	Weekly	1,2,3,4,5,6,7,8,9,10,11,12,13
168	33	4	LT2A	15	Weekly	1,2,3,4,5,6,7,8,9,10,11,12,13
169	35	48	CL2	8	Even	2,4,6,8,10,12
170	35	47	CL2	8	Odd	1,3,5,7,9,11,13
171	35	48	CL2	7	Even	2,4,6,8,10,12
172	36	47	TR11	58	Weekly	1,2,3,4,5,6,7,8,9,10,11,12,13
173	38	4	LT2A	59	Weekly	1,2,3,4,5,6,7,8,9,10,11,12,13
174	37	46	CE	63	Odd	1,3,5,7,9,11,13
175	37	46	CE	64	Odd	1,3,5,7,9,11,13
176	37	45	CE	64	Even	2,4,6,8,10,12
177	36	48	TR12	63	Weekly	1,2,3,4,5,6,7,8,9,10,11,12,13
178	37	45	CE	63	Even	2,4,6,8,10,12
179	36	46	TR12	1	Weekly	1,2,3,4,5,6,7,8,9,10,11,12,13
180	36	49	TR15	51	Weekly	1,2,3,4,5,6,7,8,9,10,11,12,13
181	37	44	CE	50	Odd	1,3,5,7,9,11,13
182	37	43	CE	50	Even	2,4,6,8,10,12
183	37	44	CE	49	Odd	1,3,5,7,9,11,13
184	37	43	CE	49	Even	2,4,6,8,10,12
185	37	18	CE	48	Odd	1,3,5,7,9,11,13
186	37	18	CE	47	Odd	1,3,5,7,9,11,13
187	37	49	CE	46	Even	2,4,6,8,10,12
188	37	49	CE	45	Even	2,4,6,8,10,12
189	38	4	LT2A	32	Weekly	1,2,3,4,5,6,7,8,9,10,11,12,13
190	36	18	TR16	31	Weekly	1,2,3,4,5,6,7,8,9,10,11,12,13
191	36	44	TR12	21	Weekly	1,2,3,4,5,6,7,8,9,10,11,12,13
192	36	43	TR19	20	Weekly	1,2,3,4,5,6,7,8,9,10,11,12,13
193	37	48	CE	8	Odd	1,3,5,7,9,11,13
194	37	47	CE	8	Even	2,4,6,8,10,12
195	37	48	CE	7	Odd	1,3,5,7,9,11,13
196	37	47	CE	7	Even	2,4,6,8,10,12
197	38	4	LT2A	4	Weekly	1,2,3,4,5,6,7,8,9,10,11,12,13
198	36	45	TR11	2	Weekly	1,2,3,4,5,6,7,8,9,10,11,12,13
199	39	18	SWE	61	Weekly	1,2,3,4,5,6,7,8,9,10,11,12,13
200	39	18	SWE	62	Weekly	1,2,3,4,5,6,7,8,9,10,11,12,13
201	39	44	SWE	63	Weekly	1,2,3,4,5,6,7,8,9,10,11,12,13
202	40	4	LT2A	3	Weekly	1,2,3,4,5,6,7,8,9,10,11,12,13
203	39	44	SWE	64	Weekly	1,2,3,4,5,6,7,8,9,10,11,12,13
204	39	43	SWE	64	Weekly	1,2,3,4,5,6,7,8,9,10,11,12,13
205	39	43	SWE	63	Weekly	1,2,3,4,5,6,7,8,9,10,11,12,13
206	41	18	TR12	6	Weekly	1,2,3,4,5,6,7,8,9,10,11,12,13
207	41	45	TR13	30	Weekly	1,2,3,4,5,6,7,8,9,10,11,12,13
208	39	48	SWE	30	Weekly	1,2,3,4,5,6,7,8,9,10,11,12,13
209	39	47	SWE	30	Weekly	1,2,3,4,5,6,7,8,9,10,11,12,13
210	41	46	TR14	29	Weekly	1,2,3,4,5,6,7,8,9,10,11,12,13
211	39	48	SWE	29	Weekly	1,2,3,4,5,6,7,8,9,10,11,12,13
212	39	47	SWE	29	Weekly	1,2,3,4,5,6,7,8,9,10,11,12,13
213	41	44	TR12	48	Weekly	1,2,3,4,5,6,7,8,9,10,11,12,13
214	39	46	SWE	48	Weekly	1,2,3,4,5,6,7,8,9,10,11,12,13
215	39	45	SWE	48	Weekly	1,2,3,4,5,6,7,8,9,10,11,12,13
216	41	43	TR11	47	Weekly	1,2,3,4,5,6,7,8,9,10,11,12,13
217	39	46	SWE	47	Weekly	1,2,3,4,5,6,7,8,9,10,11,12,13
218	39	45	SWE	47	Weekly	1,2,3,4,5,6,7,8,9,10,11,12,13
219	40	4	LT2A	45	Weekly	1,2,3,4,5,6,7,8,9,10,11,12,13
220	41	48	TR12	20	Weekly	1,2,3,4,5,6,7,8,9,10,11,12,13
221	41	47	TR11	19	Weekly	1,2,3,4,5,6,7,8,9,10,11,12,13
222	40	4	LT2A	16	Weekly	1,2,3,4,5,6,7,8,9,10,11,12,13
223	42	4	LT8	62	Weekly	1,2,3,4,5,6,7,8,9,10,11,12,13
224	43	43	ELE	1	Weekly	1,2,3,4,5,6,7,8,9,10,11,12,13
225	42	4	LT8	18	Weekly	1,2,3,4,5,6,7,8,9,10,11,12,13
226	43	45	ELE	20	Weekly	1,2,3,4,5,6,7,8,9,10,11,12,13
227	44	48	TR12	19	Weekly	1,2,3,4,5,6,7,8,9,10,11,12,13
228	43	45	ELE	19	Weekly	1,2,3,4,5,6,7,8,9,10,11,12,13
229	43	43	ELE	2	Weekly	1,2,3,4,5,6,7,8,9,10,11,12,13
230	44	47	TR11	20	Weekly	1,2,3,4,5,6,7,8,9,10,11,12,13
231	44	43	TR11	48	Weekly	1,2,3,4,5,6,7,8,9,10,11,12,13
232	43	48	ELE	48	Weekly	1,2,3,4,5,6,7,8,9,10,11,12,13
233	44	44	TR12	47	Weekly	1,2,3,4,5,6,7,8,9,10,11,12,13
234	43	48	ELE	47	Weekly	1,2,3,4,5,6,7,8,9,10,11,12,13
235	43	17	ELE	46	Weekly	1,2,3,4,5,6,7,8,9,10,11,12,13
236	43	17	ELE	45	Weekly	1,2,3,4,5,6,7,8,9,10,11,12,13
237	44	17	TR12	43	Weekly	1,2,3,4,5,6,7,8,9,10,11,12,13
238	43	46	ELE	22	Weekly	1,2,3,4,5,6,7,8,9,10,11,12,13
239	43	46	ELE	21	Weekly	1,2,3,4,5,6,7,8,9,10,11,12,13
240	42	4	LT8	31	Weekly	1,2,3,4,5,6,7,8,9,10,11,12,13
241	44	46	TR14	30	Weekly	1,2,3,4,5,6,7,8,9,10,11,12,13
242	43	44	ELE	30	Weekly	1,2,3,4,5,6,7,8,9,10,11,12,13
243	44	45	TR13	29	Weekly	1,2,3,4,5,6,7,8,9,10,11,12,13
244	43	44	ELE	29	Weekly	1,2,3,4,5,6,7,8,9,10,11,12,13
245	43	47	ELE	50	Weekly	1,2,3,4,5,6,7,8,9,10,11,12,13
246	43	47	ELE	49	Weekly	1,2,3,4,5,6,7,8,9,10,11,12,13
247	45	5	LT10	60	Weekly	1,2,3,4,5,6,7,8,9,10,11,12,13
248	45	5	LT10	5	Weekly	1,2,3,4,5,6,7,8,9,10,11,12,13
249	46	49	TR15	8	Weekly	1,2,3,4,5,6,7,8,9,10,11,12,13
250	46	56	TR13	19	Weekly	1,2,3,4,5,6,7,8,9,10,11,12,13
251	47	49	COMM	21	Even	2,4,6,8,10,12
252	47	49	COMM	22	Even	2,4,6,8,10,12
253	47	57	COMM	45	Even	2,4,6,8,10,12
254	47	57	COMM	46	Even	2,4,6,8,10,12
255	47	56	COMM	49	Odd	1,3,5,7,9,11,13
256	47	56	COMM	50	Odd	1,3,5,7,9,11,13
257	45	5	LT8	30	Weekly	1,2,3,4,5,6,7,8,9,10,11,12,13
258	46	57		32	Weekly	1,2,3,4,5,6,7,8,9,10,11,12,13
259	48	57		62	Weekly	1,2,3,4,5,6,7,8,9,10,11,12,13
260	50	5	LT8	63	Weekly	1,2,3,4,5,6,7,8,9,10,11,12,13
261	48	49	TR18	7	Weekly	1,2,3,4,5,6,7,8,9,10,11,12,13
262	49	49	COMM	22	Odd	1,3,5,7,9,11,13
263	50	5	LT19	29	Weekly	1,2,3,4,5,6,7,8,9,10,11,12,13
264	49	56	COMM	50	Even	2,4,6,8,10,12
265	49	56	COMM	49	Even	2,4,6,8,10,12
266	49	57	COMM	46	Odd	1,3,5,7,9,11,13
267	49	57	COMM	45	Odd	1,3,5,7,9,11,13
268	48	56	TR14	43	Weekly	1,2,3,4,5,6,7,8,9,10,11,12,13
269	49	49	COMM	21	Odd	1,3,5,7,9,11,13
270	50	5	LT8	2	Weekly	1,2,3,4,5,6,7,8,9,10,11,12,13
271	51	5	LT19	58	Weekly	1,2,3,4,5,6,7,8,9,10,11,12,13
272	52	58	TR13	59	Weekly	1,2,3,4,5,6,7,8,9,10,11,12,13
273	53	58	DB	15	Odd	1,3,5,7,9,11,13
274	51	5	LT19	6	Weekly	1,2,3,4,5,6,7,8,9,10,11,12,13
275	52	57		3	Weekly	1,2,3,4,5,6,7,8,9,10,11,12,13
276	53	58	DB	16	Odd	1,3,5,7,9,11,13
277	53	57	DB	19	Odd	1,3,5,7,9,11,13
278	52	52	TR15	43	Weekly	1,2,3,4,5,6,7,8,9,10,11,12,13
279	53	56	DB	32	Even	2,4,6,8,10,12
280	53	56	DB	31	Even	2,4,6,8,10,12
281	53	52	DB	30	Odd	1,3,5,7,9,11,13
282	53	52	DB	29	Odd	1,3,5,7,9,11,13
283	52	56		44	Weekly	1,2,3,4,5,6,7,8,9,10,11,12,13
284	53	57	DB	20	Odd	1,3,5,7,9,11,13
285	51	5	LT2A	17	Weekly	1,2,3,4,5,6,7,8,9,10,11,12,13
286	54	6	LT19	2	Weekly	1,2,3,4,5,6,7,8,9,10,11,12,13
287	55	6	LT19	52	Weekly	1,2,3,4,5,6,7,8,9,10,11,12,13
288	54	6	LT19	51	Weekly	1,2,3,4,5,6,7,8,9,10,11,12,13
289	54	6	LT19	3	Weekly	1,2,3,4,5,6,7,8,9,10,11,12,13
290	56	6	LT19	61	Weekly	1,2,3,4,5,6,7,8,9,10,11,12,13
291	56	6	LT19	43	Weekly	1,2,3,4,5,6,7,8,9,10,11,12,13
292	57	6	LT19	62	Weekly	1,2,3,4,5,6,7,8,9,10,11,12,13
293	56	6	LT19	16	Weekly	1,2,3,4,5,6,7,8,9,10,11,12,13
294	58	6		59	Weekly	1,2,3,4,5,6,7,8,9,10,11,12,13
295	59	6		60	Weekly	1,2,3,4,5,6,7,8,9,10,11,12,13
296	58	6		32	Weekly	1,2,3,4,5,6,7,8,9,10,11,12,13
297	58	6	LT8	20	Weekly	1,2,3,4,5,6,7,8,9,10,11,12,13
298	60	6	LT2A	11	Weekly	1,2,3,4,5,6,7,8,9,10,11,12,13
299	60	6	LT2A	12	Weekly	1,2,3,4,5,6,7,8,9,10,11,12,13
300	61	6	LT8	33	Weekly	1,2,3,4,5,6,7,8,9,10,11,12,13
301	60	6	LT2A	13	Weekly	1,2,3,4,5,6,7,8,9,10,11,12,13
302	62	6	LT8	64	Weekly	1,2,3,4,5,6,7,8,9,10,11,12,13
303	62	6		23	Weekly	1,2,3,4,5,6,7,8,9,10,11,12,13
304	63	25	TR17	44	Weekly	1,2,3,4,5,6,7,8,9,10,11,12,13
305	62	6	LT8	46	Weekly	1,2,3,4,5,6,7,8,9,10,11,12,13
306	63	6	LT8	29	Weekly	1,2,3,4,5,6,7,8,9,10,11,12,13
307	64	6	LT19	10	Weekly	1,2,3,4,5,6,7,8,9,10,11,12,13
308	64	6	LT19	18	Weekly	1,2,3,4,5,6,7,8,9,10,11,12,13
309	65	6	LT19	38	Weekly	1,2,3,4,5,6,7,8,9,10,11,12,13
310	64	6	LT19	37	Weekly	1,2,3,4,5,6,7,8,9,10,11,12,13
311	66	6	LT19	1	Weekly	1,2,3,4,5,6,7,8,9,10,11,12,13
312	67	6	LT19	26	Weekly	1,2,3,4,5,6,7,8,9,10,11,12,13
313	66	6	LT19	25	Weekly	1,2,3,4,5,6,7,8,9,10,11,12,13
314	66	6	LT2A	48	Weekly	1,2,3,4,5,6,7,8,9,10,11,12,13
315	68	6	LT19	9	Weekly	1,2,3,4,5,6,7,8,9,10,11,12,13
316	68	6	LT19	24	Weekly	1,2,3,4,5,6,7,8,9,10,11,12,13
317	69	6	LT19	54	Weekly	1,2,3,4,5,6,7,8,9,10,11,12,13
318	68	6	LT19	53	Weekly	1,2,3,4,5,6,7,8,9,10,11,12,13
319	70	6	LT19	63	Weekly	1,2,3,4,5,6,7,8,9,10,11,12,13
320	70	6	LT19	4	Weekly	1,2,3,4,5,6,7,8,9,10,11,12,13
321	71	6	LT19	17	Weekly	1,2,3,4,5,6,7,8,9,10,11,12,13
322	70	6	LT8	15	Weekly	1,2,3,4,5,6,7,8,9,10,11,12,13
323	72	6	LT19	65	Weekly	1,2,3,4,5,6,7,8,9,10,11,12,13
324	72	6	LT19	50	Weekly	1,2,3,4,5,6,7,8,9,10,11,12,13
325	73	6	LT19	66	Weekly	1,2,3,4,5,6,7,8,9,10,11,12,13
326	72	6		30	Weekly	1,2,3,4,5,6,7,8,9,10,11,12,13
327	74	6	LT19	22	Weekly	1,2,3,4,5,6,7,8,9,10,11,12,13
328	75	61	TR19	23	Weekly	1,2,3,4,5,6,7,8,9,10,11,12,13
329	75	6	TR19	44	Weekly	1,2,3,4,5,6,7,8,9,10,11,12,13
330	74	6	LT19	45	Weekly	1,2,3,4,5,6,7,8,9,10,11,12,13
331	74	6	LT2A	31	Weekly	1,2,3,4,5,6,7,8,9,10,11,12,13
332	76	6	LT2A	57	Weekly	1,2,3,4,5,6,7,8,9,10,11,12,13
333	76	6	LT2A	49	Weekly	1,2,3,4,5,6,7,8,9,10,11,12,13
334	76	6	LT2A	5	Weekly	1,2,3,4,5,6,7,8,9,10,11,12,13
335	77	6	LT2A	58	Weekly	1,2,3,4,5,6,7,8,9,10,11,12,13
336	78	6	LT2A	67	Weekly	1,2,3,4,5,6,7,8,9,10,11,12,13
337	79	6	LT2A	68	Weekly	1,2,3,4,5,6,7,8,9,10,11,12,13
338	78	6	LT2A	35	Weekly	1,2,3,4,5,6,7,8,9,10,11,12,13
339	78	6		21	Weekly	1,2,3,4,5,6,7,8,9,10,11,12,13
340	80	6	LT19	36	Weekly	1,2,3,4,5,6,7,8,9,10,11,12,13
341	81	6	LT19	39	Weekly	1,2,3,4,5,6,7,8,9,10,11,12,13
342	81	6	LT19	41	Weekly	1,2,3,4,5,6,7,8,9,10,11,12,13
343	81	6	LT19	40	Weekly	1,2,3,4,5,6,7,8,9,10,11,12,13
344	82	7	LT10	58	Weekly	1,2,3,4,5,6,7,8,9,10,11,12,13
345	82	7	LT10	44	Weekly	1,2,3,4,5,6,7,8,9,10,11,12,13
346	82	7		23	Weekly	1,2,3,4,5,6,7,8,9,10,11,12,13
347	84	29	CL1	17	Weekly	1,2,3,4,5,6,7,8,9,10,11,12,13
348	84	29	CL1	18	Weekly	1,2,3,4,5,6,7,8,9,10,11,12,13
349	83	29	TR13	22	Weekly	1,2,3,4,5,6,7,8,9,10,11,12,13
350	85	7		60	Weekly	1,2,3,4,5,6,7,8,9,10,11,12,13
351	85	7	LT10	31	Weekly	1,2,3,4,5,6,7,8,9,10,11,12,13
352	85	7	LT8	5	Weekly	1,2,3,4,5,6,7,8,9,10,11,12,13
353	86	29	TR12	62	Weekly	1,2,3,4,5,6,7,8,9,10,11,12,13
354	87	23	TR12	57	Weekly	1,2,3,4,5,6,7,8,9,10,11,12,13
355	88	7	LT19	19	Weekly	1,2,3,4,5,6,7,8,9,10,11,12,13
356	89	24	DIG	16	Even	2,4,6,8,10,12
357	89	23	DIG	16	Even	2,4,6,8,10,12
358	89	1	DIG	16	Odd	1,3,5,7,9,11,13
359	89	24	DIG	15	Even	2,4,6,8,10,12
360	89	23	DIG	15	Even	2,4,6,8,10,12
361	89	1	DIG	15	Odd	1,3,5,7,9,11,13
362	89	22	DIG	4	Odd	1,3,5,7,9,11,13
363	89	22	DIG	3	Odd	1,3,5,7,9,11,13
364	87	24	TR12	57	Weekly	1,2,3,4,5,6,7,8,9,10,11,12,13
365	87	1	TR12	58	Weekly	1,2,3,4,5,6,7,8,9,10,11,12,13
366	87	22	TR14	59	Weekly	1,2,3,4,5,6,7,8,9,10,11,12,13
367	88	7	LT2A	1	Weekly	1,2,3,4,5,6,7,8,9,10,11,12,13
368	88	7	LT2A	61	Weekly	1,2,3,4,5,6,7,8,9,10,11,12,13
369	90	22	TR11	57	Weekly	1,2,3,4,5,6,7,8,9,10,11,12,13
370	91	7	LT2A	2	Weekly	1,2,3,4,5,6,7,8,9,10,11,12,13
371	92	24	CL1	3	Weekly	1,2,3,4,5,6,7,8,9,10,11,12,13
372	92	1	CL1	31	Weekly	1,2,3,4,5,6,7,8,9,10,11,12,13
373	91	7	LT2A	30	Weekly	1,2,3,4,5,6,7,8,9,10,11,12,13
374	91	7	LT2A	51	Weekly	1,2,3,4,5,6,7,8,9,10,11,12,13
375	92	28	CL1	16	Weekly	1,2,3,4,5,6,7,8,9,10,11,12,13
376	92	22	CL1	16	Weekly	1,2,3,4,5,6,7,8,9,10,11,12,13
377	92	28	CL1	15	Weekly	1,2,3,4,5,6,7,8,9,10,11,12,13
378	92	22	CL1	15	Weekly	1,2,3,4,5,6,7,8,9,10,11,12,13
379	92	24	CL1	4	Weekly	1,2,3,4,5,6,7,8,9,10,11,12,13
380	92	23	CL1	4	Weekly	1,2,3,4,5,6,7,8,9,10,11,12,13
381	92	1	CL1	32	Weekly	1,2,3,4,5,6,7,8,9,10,11,12,13
382	92	23	CL1	3	Weekly	1,2,3,4,5,6,7,8,9,10,11,12,13
383	90	24	TR15	59	Weekly	1,2,3,4,5,6,7,8,9,10,11,12,13
384	90	28	TR11	57	Weekly	1,2,3,4,5,6,7,8,9,10,11,12,13
385	90	1	TR12	59	Weekly	1,2,3,4,5,6,7,8,9,10,11,12,13
386	90	23	TR15	59	Weekly	1,2,3,4,5,6,7,8,9,10,11,12,13
387	93	22		17	Weekly	1,2,3,4,5,6,7,8,9,10,11,12,13
388	94	7	LT10	29	Weekly	1,2,3,4,5,6,7,8,9,10,11,12,13
389	93	23	TR17	48	Weekly	1,2,3,4,5,6,7,8,9,10,11,12,13
390	93	24		17	Weekly	1,2,3,4,5,6,7,8,9,10,11,12,13
391	94	7	LT10	20	Weekly	1,2,3,4,5,6,7,8,9,10,11,12,13
392	93	1	TR12	46	Weekly	1,2,3,4,5,6,7,8,9,10,11,12,13
393	94	7	LT10	47	Weekly	1,2,3,4,5,6,7,8,9,10,11,12,13
394	95	10	LT20	7	Weekly	1,2,3,4,5,6,7,8,9,10,11,12,13
395	95	10	LT20	8	Weekly	1,2,3,4,5,6,7,8,9,10,11,12,13
396	95	10	LT20	19	Weekly	1,2,3,4,5,6,7,8,9,10,11,12,13
397	96	53	TR14	18	Weekly	1,2,3,4,5,6,7,8,9,10,11,12,13
398	96	61	TR14	18	Weekly	1,2,3,4,5,6,7,8,9,10,11,12,13
399	96	28	TR14	19	Weekly	1,2,3,4,5,6,7,8,9,10,11,12,13
400	96	56	TR17	22	Weekly	1,2,3,4,5,6,7,8,9,10,11,12,13
401	97	8	LT8	21	Weekly	1,2,3,4,5,6,7,8,9,10,11,12,13
402	96	51	TR14	20	Weekly	1,2,3,4,5,6,7,8,9,10,11,12,13
403	96	25	TR14	19	Weekly	1,2,3,4,5,6,7,8,9,10,11,12,13
404	96	52	TR18	46	Weekly	1,2,3,4,5,6,7,8,9,10,11,12,13
405	96	59	TR14	51	Weekly	1,2,3,4,5,6,7,8,9,10,11,12,13
406	97	8	LT19	47	Weekly	1,2,3,4,5,6,7,8,9,10,11,12,13
407	98	26	CE	3	Even	2,4,6,8,10,12
408	98	27	CE	3	Odd	1,3,5,7,9,11,13
409	98	26	CE	4	Even	2,4,6,8,10,12
410	98	27	CE	4	Odd	1,3,5,7,9,11,13
411	100	8	LT19	8	Weekly	1,2,3,4,5,6,7,8,9,10,11,12,13
412	99	54	TR13	17	Weekly	1,2,3,4,5,6,7,8,9,10,11,12,13
413	100	8	LT19	21	Weekly	1,2,3,4,5,6,7,8,9,10,11,12,13
414	99	24	TR16	44	Weekly	1,2,3,4,5,6,7,8,9,10,11,12,13
415	99	26	TR16	44	Weekly	1,2,3,4,5,6,7,8,9,10,11,12,13
416	99	27		45	Weekly	1,2,3,4,5,6,7,8,9,10,11,12,13
417	100	8	LT19	48	Weekly	1,2,3,4,5,6,7,8,9,10,11,12,13
418	99	50	TR19	51	Weekly	1,2,3,4,5,6,7,8,9,10,11,12,13
419	98	24	CE	31	Even	2,4,6,8,10,12
420	98	54	CE	31	Even	2,4,6,8,10,12
421	98	24	CE	32	Even	2,4,6,8,10,12
422	98	54	CE	32	Even	2,4,6,8,10,12
423	101	26	TR16	63	Weekly	1,2,3,4,5,6,7,8,9,10,11,12,13
424	101	27		1	Weekly	1,2,3,4,5,6,7,8,9,10,11,12,13
425	101	25		6	Weekly	1,2,3,4,5,6,7,8,9,10,11,12,13
426	102	8	LT10	7	Weekly	1,2,3,4,5,6,7,8,9,10,11,12,13
427	102	8	LT10	22	Weekly	1,2,3,4,5,6,7,8,9,10,11,12,13
428	101	54	TR17	49	Weekly	1,2,3,4,5,6,7,8,9,10,11,12,13
429	102	8	LT10	50	Weekly	1,2,3,4,5,6,7,8,9,10,11,12,13
430	103	26	MS	57	Odd	1,3,5,7,9,11,13
431	103	26	MS	58	Odd	1,3,5,7,9,11,13
432	103	54	MS	61	Odd	1,3,5,7,9,11,13
433	103	54	MS	62	Odd	1,3,5,7,9,11,13
434	104	25	TR17	63	Weekly	1,2,3,4,5,6,7,8,9,10,11,12,13
435	105	8	LT10	65	Weekly	1,2,3,4,5,6,7,8,9,10,11,12,13
436	103	25	MS	1	Odd	1,3,5,7,9,11,13
437	104	26	TR13	1	Weekly	1,2,3,4,5,6,7,8,9,10,11,12,13
438	103	25	MS	2	Odd	1,3,5,7,9,11,13
439	105	8		9	Weekly	1,2,3,4,5,6,7,8,9,10,11,12,13
440	105	8	LT8	43	Weekly	1,2,3,4,5,6,7,8,9,10,11,12,13
441	104	27	TR15	44	Weekly	1,2,3,4,5,6,7,8,9,10,11,12,13
442	104	54	TR18	47	Weekly	1,2,3,4,5,6,7,8,9,10,11,12,13
443	103	27	MS	29	Odd	1,3,5,7,9,11,13
444	103	27	MS	30	Odd	1,3,5,7,9,11,13
445	106	2	TR15	58	Weekly	1,2,3,4,5,6,7,8,9,10,11,12,13
446	106	28	TR14	58	Weekly	1,2,3,4,5,6,7,8,9,10,11,12,13
447	106	54	TR14	58	Weekly	1,2,3,4,5,6,7,8,9,10,11,12,13
448	107	28	CL2	61	Even	2,4,6,8,10,12
449	107	54	CL2	61	Even	2,4,6,8,10,12
450	107	28	CL2	62	Even	2,4,6,8,10,12
451	107	54	CL2	62	Even	2,4,6,8,10,12
452	108	8	LT8	64	Weekly	1,2,3,4,5,6,7,8,9,10,11,12,13
453	107	25	CL2	1	Even	2,4,6,8,10,12
454	107	25	CL2	2	Even	2,4,6,8,10,12
455	106	27		2	Weekly	1,2,3,4,5,6,7,8,9,10,11,12,13
456	107	26	CL2	15	Odd	1,3,5,7,9,11,13
457	107	26	CL2	16	Odd	1,3,5,7,9,11,13
458	106	26	TR16	19	Weekly	1,2,3,4,5,6,7,8,9,10,11,12,13
459	108	8		23	Weekly	1,2,3,4,5,6,7,8,9,10,11,12,13
460	106	25	TR17	44	Weekly	1,2,3,4,5,6,7,8,9,10,11,12,13
461	108	8	LT8	46	Weekly	1,2,3,4,5,6,7,8,9,10,11,12,13
462	107	2	CL2	47	Even	2,4,6,8,10,12
463	107	2	CL2	48	Even	2,4,6,8,10,12
464	107	27	CL2	29	Even	2,4,6,8,10,12
465	107	27	CL2	30	Even	2,4,6,8,10,12
466	109	8	LT19	57	Weekly	1,2,3,4,5,6,7,8,9,10,11,12,13
467	111	52	TR15	60	Weekly	1,2,3,4,5,6,7,8,9,10,11,12,13
468	111	53	TR15	60	Weekly	1,2,3,4,5,6,7,8,9,10,11,12,13
469	110	51	CL2	1	Odd	1,3,5,7,9,11,13
470	110	53	CL2	1	Odd	1,3,5,7,9,11,13
471	110	51	CL2	2	Odd	1,3,5,7,9,11,13
472	110	53	CL2	2	Odd	1,3,5,7,9,11,13
473	109	8	LT2A	15	Weekly	1,2,3,4,5,6,7,8,9,10,11,12,13
474	111	2	TR16	16	Weekly	1,2,3,4,5,6,7,8,9,10,11,12,13
475	109	8	LT2A	44	Weekly	1,2,3,4,5,6,7,8,9,10,11,12,13
476	111	51	TR18	45	Weekly	1,2,3,4,5,6,7,8,9,10,11,12,13
477	110	2	CL2	47	Odd	1,3,5,7,9,11,13
478	110	2	CL2	48	Odd	1,3,5,7,9,11,13
479	110	52	CL2	31	Odd	1,3,5,7,9,11,13
480	110	52	CL2	32	Odd	1,3,5,7,9,11,13
481	112	8	LT19	58	Weekly	1,2,3,4,5,6,7,8,9,10,11,12,13
482	113	51	DB	1	Even	2,4,6,8,10,12
483	113	53	DB	1	Even	2,4,6,8,10,12
484	113	51	DB	2	Even	2,4,6,8,10,12
485	113	53	DB	2	Even	2,4,6,8,10,12
486	112	8	LT19	6	Weekly	1,2,3,4,5,6,7,8,9,10,11,12,13
487	112	8	LT2A	17	Weekly	1,2,3,4,5,6,7,8,9,10,11,12,13
488	114	52	TR15	43	Weekly	1,2,3,4,5,6,7,8,9,10,11,12,13
489	114	51	TR13	50	Weekly	1,2,3,4,5,6,7,8,9,10,11,12,13
490	114	53	TR13	50	Weekly	1,2,3,4,5,6,7,8,9,10,11,12,13
491	113	52	DB	29	Odd	1,3,5,7,9,11,13
492	113	52	DB	30	Odd	1,3,5,7,9,11,13
493	115	25	TR13	58	Weekly	1,2,3,4,5,6,7,8,9,10,11,12,13
494	117	8	LT19	59	Weekly	1,2,3,4,5,6,7,8,9,10,11,12,13
495	115	27	TR15	63	Weekly	1,2,3,4,5,6,7,8,9,10,11,12,13
496	115	28	TR14	63	Weekly	1,2,3,4,5,6,7,8,9,10,11,12,13
497	116	2	SWE	1	Odd	1,3,5,7,9,11,13
498	116	2	SWE	2	Odd	1,3,5,7,9,11,13
499	115	26	TR13	2	Weekly	1,2,3,4,5,6,7,8,9,10,11,12,13
500	116	27	SWE	3	Even	2,4,6,8,10,12
501	116	27	SWE	4	Even	2,4,6,8,10,12
502	116	25	SWE	15	Odd	1,3,5,7,9,11,13
503	116	26	SWE	15	Even	2,4,6,8,10,12
504	116	25	SWE	16	Odd	1,3,5,7,9,11,13
505	116	26	SWE	16	Even	2,4,6,8,10,12
506	117	8	LT10	18	Weekly	1,2,3,4,5,6,7,8,9,10,11,12,13
507	116	28	SWE	19	Even	2,4,6,8,10,12
508	116	52	SWE	19	Even	2,4,6,8,10,12
509	116	28	SWE	20	Even	2,4,6,8,10,12
510	116	52	SWE	20	Even	2,4,6,8,10,12
511	115	51	TR13	21	Weekly	1,2,3,4,5,6,7,8,9,10,11,12,13
512	115	2	TR17	43	Weekly	1,2,3,4,5,6,7,8,9,10,11,12,13
513	117	8	LT10	49	Weekly	1,2,3,4,5,6,7,8,9,10,11,12,13
514	115	52	TR14	50	Weekly	1,2,3,4,5,6,7,8,9,10,11,12,13
515	116	51	SWE	31	Odd	1,3,5,7,9,11,13
516	116	51	SWE	32	Odd	1,3,5,7,9,11,13
517	118	62	TR19	19	Weekly	1,2,3,4,5,6,7,8,9,10,11,12,13
518	119	9	LT19	22	Weekly	1,2,3,4,5,6,7,8,9,10,11,12,13
519	118	61	TR19	23	Weekly	1,2,3,4,5,6,7,8,9,10,11,12,13
520	118	28	TR16	43	Weekly	1,2,3,4,5,6,7,8,9,10,11,12,13
521	118	53	TR16	43	Weekly	1,2,3,4,5,6,7,8,9,10,11,12,13
522	119	9	LT19	45	Weekly	1,2,3,4,5,6,7,8,9,10,11,12,13
523	119	9	LT2A	31	Weekly	1,2,3,4,5,6,7,8,9,10,11,12,13
524	120	9	LT8	1	Weekly	1,2,3,4,5,6,7,8,9,10,11,12,13
525	122	61		2	Weekly	1,2,3,4,5,6,7,8,9,10,11,12,13
526	122	62		3	Weekly	1,2,3,4,5,6,7,8,9,10,11,12,13
527	120	9	LT10	64	Weekly	1,2,3,4,5,6,7,8,9,10,11,12,13
528	121	61	CL1	49	Weekly	1,2,3,4,5,6,7,8,9,10,11,12,13
529	121	62	CL1	49	Weekly	1,2,3,4,5,6,7,8,9,10,11,12,13
530	121	61	CL1	50	Weekly	1,2,3,4,5,6,7,8,9,10,11,12,13
531	121	62	CL1	50	Weekly	1,2,3,4,5,6,7,8,9,10,11,12,13
532	120	9	LT10	30	Weekly	1,2,3,4,5,6,7,8,9,10,11,12,13
533	123	62	SWE	59	Odd	1,3,5,7,9,11,13
534	125	53	TR19	59	Weekly	1,2,3,4,5,6,7,8,9,10,11,12,13
535	125	61	TR19	59	Weekly	1,2,3,4,5,6,7,8,9,10,11,12,13
536	123	62	SWE	60	Odd	1,3,5,7,9,11,13
537	124	9		48	Weekly	1,2,3,4,5,6,7,8,9,10,11,12,13
538	124	9		65	Weekly	1,2,3,4,5,6,7,8,9,10,11,12,13
539	123	53	SWE	4	Odd	1,3,5,7,9,11,13
540	123	61	SWE	4	Odd	1,3,5,7,9,11,13
541	123	53	SWE	5	Odd	1,3,5,7,9,11,13
542	123	61	SWE	5	Odd	1,3,5,7,9,11,13
543	124	9		20	Weekly	1,2,3,4,5,6,7,8,9,10,11,12,13
544	125	62		32	Weekly	1,2,3,4,5,6,7,8,9,10,11,12,13
545	126	9	LT19	61	Weekly	1,2,3,4,5,6,7,8,9,10,11,12,13
546	127	62		2	Weekly	1,2,3,4,5,6,7,8,9,10,11,12,13
547	126	9	LT19	16	Weekly	1,2,3,4,5,6,7,8,9,10,11,12,13
548	126	9	LT19	43	Weekly	1,2,3,4,5,6,7,8,9,10,11,12,13
549	127	61		29	Weekly	1,2,3,4,5,6,7,8,9,10,11,12,13
550	128	10	LT19	2	Weekly	1,2,3,4,5,6,7,8,9,10,11,12,13
551	129	10	LT19	52	Weekly	1,2,3,4,5,6,7,8,9,10,11,12,13
552	128	10	LT19	51	Weekly	1,2,3,4,5,6,7,8,9,10,11,12,13
553	128	10	LT19	3	Weekly	1,2,3,4,5,6,7,8,9,10,11,12,13
554	130	10		59	Weekly	1,2,3,4,5,6,7,8,9,10,11,12,13
555	131	10		60	Weekly	1,2,3,4,5,6,7,8,9,10,11,12,13
556	130	10	LT8	20	Weekly	1,2,3,4,5,6,7,8,9,10,11,12,13
557	130	10		32	Weekly	1,2,3,4,5,6,7,8,9,10,11,12,13
558	132	10	LT2A	11	Weekly	1,2,3,4,5,6,7,8,9,10,11,12,13
559	132	10	LT2A	12	Weekly	1,2,3,4,5,6,7,8,9,10,11,12,13
560	133	10	LT8	33	Weekly	1,2,3,4,5,6,7,8,9,10,11,12,13
561	132	10	LT2A	13	Weekly	1,2,3,4,5,6,7,8,9,10,11,12,13
562	134	10	LT19	10	Weekly	1,2,3,4,5,6,7,8,9,10,11,12,13
563	134	10	LT19	18	Weekly	1,2,3,4,5,6,7,8,9,10,11,12,13
564	135	10	LT19	38	Weekly	1,2,3,4,5,6,7,8,9,10,11,12,13
565	134	10	LT19	37	Weekly	1,2,3,4,5,6,7,8,9,10,11,12,13
566	136	10	LT19	63	Weekly	1,2,3,4,5,6,7,8,9,10,11,12,13
567	136	10	LT19	4	Weekly	1,2,3,4,5,6,7,8,9,10,11,12,13
568	136	10	LT8	15	Weekly	1,2,3,4,5,6,7,8,9,10,11,12,13
569	137	10	LT19	17	Weekly	1,2,3,4,5,6,7,8,9,10,11,12,13
570	138	10		50	Weekly	1,2,3,4,5,6,7,8,9,10,11,12,13
571	139	10	LT3	53	Weekly	1,2,3,4,5,6,7,8,9,10,11,12,13
572	139	10	LT3	55	Weekly	1,2,3,4,5,6,7,8,9,10,11,12,13
573	139	10	LT3	54	Weekly	1,2,3,4,5,6,7,8,9,10,11,12,13
574	194	10	DSP	61	Weekly	1,2,3,4,5,6,7,8,9,10,11,12,13
575	140	10		29	Weekly	1,2,3,4,5,6,7,8,9,10,11,12,13
576	140	10		44	Weekly	1,2,3,4,5,6,7,8,9,10,11,12,13
577	194	10	DSP	62	Weekly	1,2,3,4,5,6,7,8,9,10,11,12,13
578	141	10		43	Weekly	1,2,3,4,5,6,7,8,9,10,11,12,13
579	140	10		16	Weekly	1,2,3,4,5,6,7,8,9,10,11,12,13
580	142	10	LT10	66	Weekly	1,2,3,4,5,6,7,8,9,10,11,12,13
581	142	10	LT10	46	Weekly	1,2,3,4,5,6,7,8,9,10,11,12,13
582	143	10	LT10	24	Weekly	1,2,3,4,5,6,7,8,9,10,11,12,13
583	142	10	LT10	23	Weekly	1,2,3,4,5,6,7,8,9,10,11,12,13
584	144	10	LT2A	57	Weekly	1,2,3,4,5,6,7,8,9,10,11,12,13
585	145	10	LT2A	58	Weekly	1,2,3,4,5,6,7,8,9,10,11,12,13
586	144	10	LT2A	49	Weekly	1,2,3,4,5,6,7,8,9,10,11,12,13
587	144	10	LT2A	5	Weekly	1,2,3,4,5,6,7,8,9,10,11,12,13
588	146	10	LT2A	67	Weekly	1,2,3,4,5,6,7,8,9,10,11,12,13
589	147	10	LT2A	68	Weekly	1,2,3,4,5,6,7,8,9,10,11,12,13
590	146	10	LT2A	35	Weekly	1,2,3,4,5,6,7,8,9,10,11,12,13
591	146	10		21	Weekly	1,2,3,4,5,6,7,8,9,10,11,12,13
592	148	10	LT19	36	Weekly	1,2,3,4,5,6,7,8,9,10,11,12,13
593	149	10	LT19	39	Weekly	1,2,3,4,5,6,7,8,9,10,11,12,13
594	149	10	LT19	40	Weekly	1,2,3,4,5,6,7,8,9,10,11,12,13
595	149	10	LT19	41	Weekly	1,2,3,4,5,6,7,8,9,10,11,12,13
596	195	18	MM2	57	Weekly	2,3,4,5,6,7,8,9,10,11,12,13
597	195	18	MM2	58	Weekly	2,3,4,5,6,7,8,9,10,11,12,13
598	195	19	MM2	15	Weekly	2,3,4,5,6,7,8,9,10,11,12,13
599	195	19	MM2	16	Weekly	2,3,4,5,6,7,8,9,10,11,12,13
600	195	20	MM3	15	Weekly	2,3,4,5,6,7,8,9,10,11,12,13
601	195	20	MM3	16	Weekly	2,3,4,5,6,7,8,9,10,11,12,13
602	195	25	MM2	3	Weekly	2,3,4,5,6,7,8,9,10,11,12,13
603	195	25	MM2	4	Weekly	2,3,4,5,6,7,8,9,10,11,12,13
604	195	26	MM2	29	Weekly	2,3,4,5,6,7,8,9,10,11,12,13
605	195	26	MM2	30	Weekly	2,3,4,5,6,7,8,9,10,11,12,13
606	195	27	MM3	57	Weekly	2,3,4,5,6,7,8,9,10,11,12,13
607	195	27	MM3	58	Weekly	2,3,4,5,6,7,8,9,10,11,12,13
608	195	28	MM2	3	Weekly	2,3,4,5,6,7,8,9,10,11,12,13
609	195	28	MM2	4	Weekly	2,3,4,5,6,7,8,9,10,11,12,13
610	195	52	MM3	3	Weekly	2,3,4,5,6,7,8,9,10,11,12,13
611	195	52	MM3	4	Weekly	2,3,4,5,6,7,8,9,10,11,12,13
612	195	51	MM2	3	Weekly	2,3,4,5,6,7,8,9,10,11,12,13
613	195	51	MM2	4	Weekly	2,3,4,5,6,7,8,9,10,11,12,13
614	195	49	MM3	3	Weekly	2,3,4,5,6,7,8,9,10,11,12,13
615	195	49	MM3	4	Weekly	2,3,4,5,6,7,8,9,10,11,12,13
616	195	64	MM2	7	Weekly	2,3,4,5,6,7,8,9,10,11,12,13
617	195	64	MM2	8	Weekly	2,3,4,5,6,7,8,9,10,11,12,13
618	195	65	MM2	21	Weekly	2,3,4,5,6,7,8,9,10,11,12,13
619	195	65	MM2	22	Weekly	2,3,4,5,6,7,8,9,10,11,12,13
620	195	66	MM2	49	Weekly	2,3,4,5,6,7,8,9,10,11,12,13
621	195	66	MM2	50	Weekly	2,3,4,5,6,7,8,9,10,11,12,13
622	195	67	MM2	61	Weekly	2,3,4,5,6,7,8,9,10,11,12,13
623	195	67	MM2	62	Weekly	2,3,4,5,6,7,8,9,10,11,12,13
624	191	36	CSKL3	29	Odd	3,5,7,9,11,13
625	191	36	CSKL3	30	Odd	3,5,7,9,11,13
626	191	37	CSKL3	29	Even	2,4,6,8,10,12
627	191	37	CSKL3	30	Even	2,4,6,8,10,12
628	191	38	CSKL3	49	Odd	3,5,7,9,11,13
629	191	38	CSKL3	50	Odd	3,5,7,9,11,13
630	191	39	CSKL3	49	Even	2,4,6,8,10,12
631	191	39	CSKL3	50	Even	2,4,6,8,10,12
632	191	40	CSKL3	21	Odd	3,5,7,9,11,13
633	191	40	CSKL3	22	Odd	3,5,7,9,11,13
634	191	41	CSKL3	21	Even	2,4,6,8,10,12
635	191	41	CSKL3	22	Even	2,4,6,8,10,12
