1	1	45	CL2	33	Weekly	1,2,3,4,5,6,7,8,9,10,11,12,13
2	1	45	CL2	34	Weekly	1,2,3,4,5,6,7,8,9,10,11,12,13
3	2	45	LT10	36	Weekly	1,2,3,4,5,6,7,8,9,10,11,12,13
4	2	45	LT10	37	Weekly	1,2,3,4,5,6,7,8,9,10,11,12,13
5	2	45	LT10	38	Weekly	1,2,3,4,5,6,7,8,9,10,11,12,13
6	3	45	LT10	33	Weekly	1,2,3,4,5,6,7,8,9,10,11,12,13
7	3	45	LT17	38	Weekly	1,2,3,4,5,6,7,8,9,10,11,12,13
8	3	45	LT10	34	Weekly	1,2,3,4,5,6,7,8,9,10,11,12,13
9	3	45	LT17	37	Weekly	1,2,3,4,5,6,7,8,9,10,11,12,13
10	4	45	DSP	35	Weekly	1,2,3,4,5,6,7,8,9,10,11,12,13
11	4	45	DSP	36	Weekly	1,2,3,4,5,6,7,8,9,10,11,12,13
12	5	45	LT19	36	Weekly	1,2,3,4,5,6,7,8,9,10,11,12,13
13	5	45	LT10	39	Weekly	1,2,3,4,5,6,7,8,9,10,11,12,13
14	5	45	LT19	37	Weekly	1,2,3,4,5,6,7,8,9,10,11,12,13
15	5	45	LT19	38	Weekly	1,2,3,4,5,6,7,8,9,10,11,12,13
16	6	14	ELE	57	Even	2,4,6,8,10,12
17	6	14	ELE	58	Even	2,4,6,8,10,12
18	6	23	ELE	57	Odd	1,3,5,7,9,11,13
19	6	23	ELE	58	Odd	1,3,5,7,9,11,13
20	7	19	TR11	57	Weekly	1,2,3,4,5,6,7,8,9,10,11,12,13
21	7	25	TR12	58	Weekly	1,2,3,4,5,6,7,8,9,10,11,12,13
22	6	15	ELE	59	Even	2,4,6,8,10,12
23	6	15	ELE	60	Even	2,4,6,8,10,12
24	6	20	ELE	59	Odd	1,3,5,7,9,11,13
25	6	20	ELE	60	Odd	1,3,5,7,9,11,13
26	7	22	TR11	59	Weekly	1,2,3,4,5,6,7,8,9,10,11,12,13
27	8	2	LT19	64	Weekly	1,2,3,4,5,6,7,8,9,10,11,12,13
28	6	21	ELE	1	Odd	1,3,5,7,9,11,13
29	6	21	ELE	2	Odd	1,3,5,7,9,11,13
30	7	14	TR11	1	Weekly	1,2,3,4,5,6,7,8,9,10,11,12,13
31	7	23	TR12	2	Weekly	1,2,3,4,5,6,7,8,9,10,11,12,13
32	6	26	ELE	3	Odd	1,3,5,7,9,11,13
33	6	26	ELE	4	Odd	1,3,5,7,9,11,13
34	7	97	TR13	4	Weekly	1,2,3,4,5,6,7,8,9,10,11,12,13
35	8	2	LT19	5	Weekly	1,2,3,4,5,6,7,8,9,10,11,12,13
36	7	98	TR19	8	Weekly	1,2,3,4,5,6,7,8,9,10,11,12,13
37	6	18	ELE	17	Even	2,4,6,8,10,12
38	6	18	ELE	18	Even	2,4,6,8,10,12
39	6	22	ELE	17	Odd	1,3,5,7,9,11,13
40	6	22	ELE	18	Odd	1,3,5,7,9,11,13
41	7	15	TR11	17	Weekly	1,2,3,4,5,6,7,8,9,10,11,12,13
42	7	24	TR12	18	Weekly	1,2,3,4,5,6,7,8,9,10,11,12,13
43	8	2	LT19	21	Weekly	1,2,3,4,5,6,7,8,9,10,11,12,13
44	7	26	TR11	22	Weekly	1,2,3,4,5,6,7,8,9,10,11,12,13
45	6	97	ELE	43	Odd	1,3,5,7,9,11,13
46	6	97	ELE	44	Odd	1,3,5,7,9,11,13
47	6	98	ELE	43	Even	2,4,6,8,10,12
48	6	98	ELE	44	Even	2,4,6,8,10,12
49	6	19	ELE	45	Odd	1,3,5,7,9,11,13
50	6	19	ELE	46	Odd	1,3,5,7,9,11,13
51	6	24	ELE	45	Even	2,4,6,8,10,12
52	6	24	ELE	46	Even	2,4,6,8,10,12
53	7	20	TR11	45	Weekly	1,2,3,4,5,6,7,8,9,10,11,12,13
54	7	18	TR12	46	Weekly	1,2,3,4,5,6,7,8,9,10,11,12,13
55	6	25	ELE	30	Even	2,4,6,8,10,12
56	6	25	ELE	31	Even	2,4,6,8,10,12
57	7	21	TR11	30	Weekly	1,2,3,4,5,6,7,8,9,10,11,12,13
58	9	22	CL1	57	Weekly	1,2,3,4,5,6,7,8,9,10,11,12,13
59	9	22	CL1	58	Weekly	1,2,3,4,5,6,7,8,9,10,11,12,13
60	10	25	TR12	57	Weekly	1,2,3,4,5,6,7,8,9,10,11,12,13
61	10	19	TR11	58	Weekly	1,2,3,4,5,6,7,8,9,10,11,12,13
62	9	19	CL1	59	Weekly	1,2,3,4,5,6,7,8,9,10,11,12,13
63	9	19	CL1	60	Weekly	1,2,3,4,5,6,7,8,9,10,11,12,13
64	9	25	CL1	59	Weekly	1,2,3,4,5,6,7,8,9,10,11,12,13
65	9	25	CL1	60	Weekly	1,2,3,4,5,6,7,8,9,10,11,12,13
66	10	22	TR11	60	Weekly	1,2,3,4,5,6,7,8,9,10,11,12,13
67	9	15	CL1	1	Weekly	1,2,3,4,5,6,7,8,9,10,11,12,13
68	9	15	CL1	2	Weekly	1,2,3,4,5,6,7,8,9,10,11,12,13
69	9	20	CL1	1	Weekly	1,2,3,4,5,6,7,8,9,10,11,12,13
70	9	20	CL1	2	Weekly	1,2,3,4,5,6,7,8,9,10,11,12,13
71	10	23	TR12	1	Weekly	1,2,3,4,5,6,7,8,9,10,11,12,13
72	10	14	TR11	2	Weekly	1,2,3,4,5,6,7,8,9,10,11,12,13
73	11	2	LT2A	3	Weekly	1,2,3,4,5,6,7,8,9,10,11,12,13
74	9	21	CL1	17	Weekly	1,2,3,4,5,6,7,8,9,10,11,12,13
75	9	21	CL1	18	Weekly	1,2,3,4,5,6,7,8,9,10,11,12,13
76	10	24	TR12	17	Weekly	1,2,3,4,5,6,7,8,9,10,11,12,13
77	10	15	TR11	18	Weekly	1,2,3,4,5,6,7,8,9,10,11,12,13
78	11	2	LT2	23	Weekly	1,2,3,4,5,6,7,8,9,10,11,12,13
79	11	2	LT2A	44	Weekly	1,2,3,4,5,6,7,8,9,10,11,12,13
80	9	14	CL1	45	Weekly	1,2,3,4,5,6,7,8,9,10,11,12,13
81	9	14	CL1	46	Weekly	1,2,3,4,5,6,7,8,9,10,11,12,13
82	9	23	CL1	45	Weekly	1,2,3,4,5,6,7,8,9,10,11,12,13
83	9	23	CL1	46	Weekly	1,2,3,4,5,6,7,8,9,10,11,12,13
84	10	18	TR12	45	Weekly	1,2,3,4,5,6,7,8,9,10,11,12,13
85	10	20	TR11	46	Weekly	1,2,3,4,5,6,7,8,9,10,11,12,13
86	9	18	CL1	30	Weekly	1,2,3,4,5,6,7,8,9,10,11,12,13
87	9	18	CL1	31	Weekly	1,2,3,4,5,6,7,8,9,10,11,12,13
88	9	24	CL1	30	Weekly	1,2,3,4,5,6,7,8,9,10,11,12,13
89	9	24	CL1	31	Weekly	1,2,3,4,5,6,7,8,9,10,11,12,13
90	10	21	TR11	31	Weekly	1,2,3,4,5,6,7,8,9,10,11,12,13
91	12	18	TR13	57	Weekly	1,2,3,4,5,6,7,8,9,10,11,12,13
92	12	21	TR13	59	Weekly	1,2,3,4,5,6,7,8,9,10,11,12,13
93	12	24	TR13	60	Weekly	1,2,3,4,5,6,7,8,9,10,11,12,13
94	13	2	LT2A	63	Weekly	1,2,3,4,5,6,7,8,9,10,11,12,13
95	12	19	TR13	1	Weekly	1,2,3,4,5,6,7,8,9,10,11,12,13
96	12	25	TR13	2	Weekly	1,2,3,4,5,6,7,8,9,10,11,12,13
97	12	98	TR12	4	Weekly	1,2,3,4,5,6,7,8,9,10,11,12,13
98	13	2	LT2A	7	Weekly	1,2,3,4,5,6,7,8,9,10,11,12,13
99	12	97	TR13	8	Weekly	1,2,3,4,5,6,7,8,9,10,11,12,13
100	12	20	TR13	17	Weekly	1,2,3,4,5,6,7,8,9,10,11,12,13
101	12	14	TR13	18	Weekly	1,2,3,4,5,6,7,8,9,10,11,12,13
102	12	22	TR13	45	Weekly	1,2,3,4,5,6,7,8,9,10,11,12,13
103	13	2	LT2A	29	Weekly	1,2,3,4,5,6,7,8,9,10,11,12,13
104	12	15	TR13	30	Weekly	1,2,3,4,5,6,7,8,9,10,11,12,13
105	12	23	TR13	31	Weekly	1,2,3,4,5,6,7,8,9,10,11,12,13
106	12	27	TR13	32	Weekly	1,2,3,4,5,6,7,8,9,10,11,12,13
107	12	26	TR13	33	Weekly	1,2,3,4,5,6,7,8,9,10,11,12,13
108	12	28	TR13	33	Weekly	1,2,3,4,5,6,7,8,9,10,11,12,13
109	14	31	DIG	57	Even	2,4,6,8,10,12
110	14	31	DIG	58	Even	2,4,6,8,10,12
111	14	97	DIG	59	Odd	1,3,5,7,9,11,13
112	14	97	DIG	60	Odd	1,3,5,7,9,11,13
113	14	98	DIG	59	Even	2,4,6,8,10,12
114	14	98	DIG	60	Even	2,4,6,8,10,12
115	15	98	TR15	61	Weekly	1,2,3,4,5,6,7,8,9,10,11,12,13
116	14	26	DIG	3	Even	2,4,6,8,10,12
117	14	26	DIG	4	Even	2,4,6,8,10,12
118	15	31	TR13	3	Weekly	1,2,3,4,5,6,7,8,9,10,11,12,13
119	16	2	LT8	18	Weekly	1,2,3,4,5,6,7,8,9,10,11,12,13
120	15	26	TR13	19	Weekly	1,2,3,4,5,6,7,8,9,10,11,12,13
121	15	97	TR15	47	Weekly	1,2,3,4,5,6,7,8,9,10,11,12,13
122	16	2	LT8	49	Weekly	1,2,3,4,5,6,7,8,9,10,11,12,13
123	16	2	LT4	32	Weekly	1,2,3,4,5,6,7,8,9,10,11,12,13
124	17	31	CL1	4	Weekly	1,2,3,4,5,6,7,8,9,10,11,12,13
125	17	31	CL1	5	Weekly	1,2,3,4,5,6,7,8,9,10,11,12,13
126	19	98	TR12	16	Weekly	1,2,3,4,5,6,7,8,9,10,11,12,13
127	18	2	LT8	17	Weekly	1,2,3,4,5,6,7,8,9,10,11,12,13
128	17	98	CL1	45	Weekly	1,2,3,4,5,6,7,8,9,10,11,12,13
129	17	98	CL1	46	Weekly	1,2,3,4,5,6,7,8,9,10,11,12,13
130	17	26	CL1	45	Weekly	1,2,3,4,5,6,7,8,9,10,11,12,13
131	17	26	CL1	46	Weekly	1,2,3,4,5,6,7,8,9,10,11,12,13
132	19	97	TR15	46	Weekly	1,2,3,4,5,6,7,8,9,10,11,12,13
133	19	26	TR13	48	Weekly	1,2,3,4,5,6,7,8,9,10,11,12,13
134	18	2	LT8	50	Weekly	1,2,3,4,5,6,7,8,9,10,11,12,13
135	19	31	TR16	30	Weekly	1,2,3,4,5,6,7,8,9,10,11,12,13
136	18	2	LT4	31	Weekly	1,2,3,4,5,6,7,8,9,10,11,12,13
137	17	97	CL1	34	Weekly	1,2,3,4,5,6,7,8,9,10,11,12,13
138	17	97	CL1	35	Weekly	1,2,3,4,5,6,7,8,9,10,11,12,13
139	20	31	LT12	61	Weekly	1,2,3,4,5,6,7,8,9,10,11,12,13
140	21	2	LT19	62	Weekly	1,2,3,4,5,6,7,8,9,10,11,12,13
141	21	1	LT10	22	Weekly	1,2,3,4,5,6,7,8,9,10,11,12,13
142	21	2	LT9	24	Weekly	1,2,3,4,5,6,7,8,9,10,11,12,13
143	21	2	LT10	51	Weekly	1,2,3,4,5,6,7,8,9,10,11,12,13
144	22	5	LT19	58	Weekly	1,2,3,4,5,6,7,8,9,10,11,12,13
145	22	5	LT4	3	Weekly	1,2,3,4,5,6,7,8,9,10,11,12,13
146	22	5	LT4	4	Weekly	1,2,3,4,5,6,7,8,9,10,11,12,13
147	23	71	TR16	59	Weekly	1,2,3,4,5,6,7,8,9,10,11,12,13
148	23	77	TR18	62	Weekly	1,2,3,4,5,6,7,8,9,10,11,12,13
149	23	59	TR19	64	Weekly	1,2,3,4,5,6,7,8,9,10,11,12,13
150	23	73	TR18	7	Weekly	1,2,3,4,5,6,7,8,9,10,11,12,13
151	23	79	TR11	6	Weekly	1,2,3,4,5,6,7,8,9,10,11,12,13
152	23	80	TR17	1	Weekly	1,2,3,4,5,6,7,8,9,10,11,12,13
153	23	75	TR13	63	Weekly	1,2,3,4,5,6,7,8,9,10,11,12,13
154	23	76	TR17	43	Weekly	1,2,3,4,5,6,7,8,9,10,11,12,13
155	24	3	LT2A	30	Weekly	1,2,3,4,5,6,7,8,9,10,11,12,13
156	23	72	TR18	48	Weekly	1,2,3,4,5,6,7,8,9,10,11,12,13
157	23	74	TR17	47	Weekly	1,2,3,4,5,6,7,8,9,10,11,12,13
158	24	3	LT2A	45	Weekly	1,2,3,4,5,6,7,8,9,10,11,12,13
159	23	78	TR13	44	Weekly	1,2,3,4,5,6,7,8,9,10,11,12,13
160	25	27	DIG	57	Odd	1,3,5,7,9,11,13
161	25	27	DIG	58	Odd	1,3,5,7,9,11,13
162	25	28	DIG	57	Even	2,4,6,8,10,12
163	25	28	DIG	58	Even	2,4,6,8,10,12
164	25	58	DIG	63	Odd	1,3,5,7,9,11,13
165	25	58	DIG	64	Odd	1,3,5,7,9,11,13
166	25	48	DIG	4	Odd	1,3,5,7,9,11,13
167	25	48	DIG	5	Odd	1,3,5,7,9,11,13
168	27	27	TR15	6	Weekly	1,2,3,4,5,6,7,8,9,10,11,12,13
169	27	52	TR8	16	Weekly	1,2,3,4,5,6,7,8,9,10,11,12,13
170	25	56	DIG	17	Even	2,4,6,8,10,12
171	25	56	DIG	18	Even	2,4,6,8,10,12
172	27	58	TR8	18	Weekly	1,2,3,4,5,6,7,8,9,10,11,12,13
173	27	54	TR9	49	Weekly	1,2,3,4,5,6,7,8,9,10,11,12,13
174	25	52	DIG	49	Even	2,4,6,8,10,12
175	25	52	DIG	50	Even	2,4,6,8,10,12
176	25	51	DIG	49	Odd	1,3,5,7,9,11,13
177	25	51	DIG	50	Odd	1,3,5,7,9,11,13
178	26	3	LT3	46	Weekly	1,2,3,4,5,6,7,8,9,10,11,12,13
179	27	55	TR10	44	Weekly	1,2,3,4,5,6,7,8,9,10,11,12,13
180	27	56	TR12	43	Weekly	1,2,3,4,5,6,7,8,9,10,11,12,13
181	25	57	DIG	43	Odd	1,3,5,7,9,11,13
182	25	57	DIG	44	Odd	1,3,5,7,9,11,13
183	25	49	DIG	43	Even	2,4,6,8,10,12
184	25	49	DIG	44	Even	2,4,6,8,10,12
185	26	3	LT19	19	Weekly	1,2,3,4,5,6,7,8,9,10,11,12,13
186	27	57	TR26	32	Weekly	1,2,3,4,5,6,7,8,9,10,11,12,13
187	27	49	TR26	31	Weekly	1,2,3,4,5,6,7,8,9,10,11,12,13
188	25	54	DIG	31	Even	2,4,6,8,10,12
189	25	54	DIG	32	Even	2,4,6,8,10,12
190	25	53	DIG	31	Odd	1,3,5,7,9,11,13
191	25	53	DIG	32	Odd	1,3,5,7,9,11,13
192	27	53	TR9	50	Weekly	1,2,3,4,5,6,7,8,9,10,11,12,13
193	27	51	TR10	17	Weekly	1,2,3,4,5,6,7,8,9,10,11,12,13
194	25	55	DIG	17	Odd	1,3,5,7,9,11,13
195	25	55	DIG	18	Odd	1,3,5,7,9,11,13
196	27	28	TR18	8	Weekly	1,2,3,4,5,6,7,8,9,10,11,12,13
197	25	50	DIG	4	Even	2,4,6,8,10,12
198	25	50	DIG	5	Even	2,4,6,8,10,12
199	26	3	LT19	3	Weekly	1,2,3,4,5,6,7,8,9,10,11,12,13
200	27	48	TR18	64	Weekly	1,2,3,4,5,6,7,8,9,10,11,12,13
201	27	50	TR9	63	Weekly	1,2,3,4,5,6,7,8,9,10,11,12,13
202	28	3	LT2A	59	Weekly	1,2,3,4,5,6,7,8,9,10,11,12,13
203	30	56	TR15	64	Weekly	1,2,3,4,5,6,7,8,9,10,11,12,13
204	29	28	CE	1	Even	2,4,6,8,10,12
205	29	28	CE	2	Even	2,4,6,8,10,12
206	29	52	CE	4	Odd	1,3,5,7,9,11,13
207	29	52	CE	5	Odd	1,3,5,7,9,11,13
208	30	58	TR15	43	Weekly	1,2,3,4,5,6,7,8,9,10,11,12,13
209	28	3	LT2A	21	Weekly	1,2,3,4,5,6,7,8,9,10,11,12,13
210	29	54	CE	17	Even	2,4,6,8,10,12
211	29	54	CE	18	Even	2,4,6,8,10,12
212	29	53	CE	17	Odd	1,3,5,7,9,11,13
213	29	53	CE	18	Odd	1,3,5,7,9,11,13
214	30	50	TR15	16	Weekly	1,2,3,4,5,6,7,8,9,10,11,12,13
215	30	48	TR14	15	Weekly	1,2,3,4,5,6,7,8,9,10,11,12,13
216	29	58	CE	15	Odd	1,3,5,7,9,11,13
217	29	58	CE	16	Odd	1,3,5,7,9,11,13
218	30	54	TR15	5	Weekly	1,2,3,4,5,6,7,8,9,10,11,12,13
219	30	53	TR14	4	Weekly	1,2,3,4,5,6,7,8,9,10,11,12,13
220	30	52	TR15	31	Weekly	1,2,3,4,5,6,7,8,9,10,11,12,13
221	29	50	CE	31	Even	2,4,6,8,10,12
222	29	50	CE	32	Even	2,4,6,8,10,12
223	29	48	CE	31	Odd	1,3,5,7,9,11,13
224	29	48	CE	32	Odd	1,3,5,7,9,11,13
225	30	51	TR14	30	Weekly	1,2,3,4,5,6,7,8,9,10,11,12,13
226	30	57	TR14	51	Weekly	1,2,3,4,5,6,7,8,9,10,11,12,13
227	30	49	TR15	50	Weekly	1,2,3,4,5,6,7,8,9,10,11,12,13
228	29	56	CE	49	Even	2,4,6,8,10,12
229	29	56	CE	50	Even	2,4,6,8,10,12
230	29	55	CE	49	Odd	1,3,5,7,9,11,13
231	29	55	CE	50	Odd	1,3,5,7,9,11,13
232	28	3	LT2A	47	Weekly	1,2,3,4,5,6,7,8,9,10,11,12,13
233	29	51	CE	4	Even	2,4,6,8,10,12
234	29	51	CE	5	Even	2,4,6,8,10,12
235	29	27	CE	1	Odd	1,3,5,7,9,11,13
236	29	27	CE	2	Odd	1,3,5,7,9,11,13
237	30	55	TR14	63	Weekly	1,2,3,4,5,6,7,8,9,10,11,12,13
238	30	28	TR14	61	Weekly	1,2,3,4,5,6,7,8,9,10,11,12,13
239	29	49	CE	63	Even	2,4,6,8,10,12
240	29	49	CE	64	Even	2,4,6,8,10,12
241	29	57	CE	63	Odd	1,3,5,7,9,11,13
242	29	57	CE	64	Odd	1,3,5,7,9,11,13
243	30	27	TR19	60	Weekly	1,2,3,4,5,6,7,8,9,10,11,12,13
244	31	3	LT2A	60	Weekly	1,2,3,4,5,6,7,8,9,10,11,12,13
245	32	51	TR14	31	Weekly	1,2,3,4,5,6,7,8,9,10,11,12,13
246	33	50	MS	31	Odd	1,3,5,7,9,11,13
247	33	50	MS	32	Odd	1,3,5,7,9,11,13
248	33	48	MS	31	Even	2,4,6,8,10,12
249	33	48	MS	32	Even	2,4,6,8,10,12
250	32	52	TR15	30	Weekly	1,2,3,4,5,6,7,8,9,10,11,12,13
251	32	49	TR15	51	Weekly	1,2,3,4,5,6,7,8,9,10,11,12,13
252	32	57	TR14	50	Weekly	1,2,3,4,5,6,7,8,9,10,11,12,13
253	33	56	MS	49	Odd	1,3,5,7,9,11,13
254	33	56	MS	50	Odd	1,3,5,7,9,11,13
255	33	55	MS	49	Even	2,4,6,8,10,12
256	33	55	MS	50	Even	2,4,6,8,10,12
257	32	58	TR15	44	Weekly	1,2,3,4,5,6,7,8,9,10,11,12,13
258	31	3	LT2A	22	Weekly	1,2,3,4,5,6,7,8,9,10,11,12,13
259	33	54	MS	17	Odd	1,3,5,7,9,11,13
260	33	54	MS	18	Odd	1,3,5,7,9,11,13
261	33	53	MS	17	Even	2,4,6,8,10,12
262	33	53	MS	18	Even	2,4,6,8,10,12
263	32	48	TR14	16	Weekly	1,2,3,4,5,6,7,8,9,10,11,12,13
264	32	50	TR15	15	Weekly	1,2,3,4,5,6,7,8,9,10,11,12,13
265	33	58	MS	15	Even	2,4,6,8,10,12
266	33	58	MS	16	Even	2,4,6,8,10,12
267	32	53	TR14	5	Weekly	1,2,3,4,5,6,7,8,9,10,11,12,13
268	32	54	TR15	4	Weekly	1,2,3,4,5,6,7,8,9,10,11,12,13
269	32	56	TR15	63	Weekly	1,2,3,4,5,6,7,8,9,10,11,12,13
270	32	55	TR14	64	Weekly	1,2,3,4,5,6,7,8,9,10,11,12,13
271	31	3	LT2A	1	Weekly	1,2,3,4,5,6,7,8,9,10,11,12,13
272	33	52	MS	4	Even	2,4,6,8,10,12
273	33	52	MS	5	Even	2,4,6,8,10,12
274	33	51	MS	4	Odd	1,3,5,7,9,11,13
275	33	51	MS	5	Odd	1,3,5,7,9,11,13
276	33	57	MS	63	Even	2,4,6,8,10,12
277	33	57	MS	64	Even	2,4,6,8,10,12
278	33	49	MS	63	Odd	1,3,5,7,9,11,13
279	33	49	MS	64	Odd	1,3,5,7,9,11,13
280	34	3	LT2A	58	Weekly	1,2,3,4,5,6,7,8,9,10,11,12,13
281	35	49	TR16	32	Weekly	1,2,3,4,5,6,7,8,9,10,11,12,13
282	35	57	TR16	31	Weekly	1,2,3,4,5,6,7,8,9,10,11,12,13
283	34	3	LT19	29	Weekly	1,2,3,4,5,6,7,8,9,10,11,12,13
284	35	54	TR16	50	Weekly	1,2,3,4,5,6,7,8,9,10,11,12,13
285	35	53	TR16	49	Weekly	1,2,3,4,5,6,7,8,9,10,11,12,13
286	35	56	TR11	44	Weekly	1,2,3,4,5,6,7,8,9,10,11,12,13
287	34	3	LT19	7	Weekly	1,2,3,4,5,6,7,8,9,10,11,12,13
288	35	58	TR15	8	Weekly	1,2,3,4,5,6,7,8,9,10,11,12,13
289	35	51	TR16	16	Weekly	1,2,3,4,5,6,7,8,9,10,11,12,13
290	35	55	TR16	43	Weekly	1,2,3,4,5,6,7,8,9,10,11,12,13
291	35	52	TR16	17	Weekly	1,2,3,4,5,6,7,8,9,10,11,12,13
292	35	50	TR16	64	Weekly	1,2,3,4,5,6,7,8,9,10,11,12,13
293	35	48	TR16	63	Weekly	1,2,3,4,5,6,7,8,9,10,11,12,13
294	36	60	TR12	63	Weekly	1,2,3,4,5,6,7,8,9,10,11,12,13
295	37	3	LT19	44	Weekly	1,2,3,4,5,6,7,8,9,10,11,12,13
296	38	59	CL2	46	Even	2,4,6,8,10,12
297	38	59	CL2	47	Even	2,4,6,8,10,12
298	38	61	CL2	31	Odd	1,3,5,7,9,11,13
299	38	61	CL2	32	Odd	1,3,5,7,9,11,13
300	38	60	CL2	31	Even	2,4,6,8,10,12
301	38	60	CL2	32	Even	2,4,6,8,10,12
302	36	62	TR18	45	Weekly	1,2,3,4,5,6,7,8,9,10,11,12,13
303	38	62	CL2	21	Odd	1,3,5,7,9,11,13
304	38	62	CL2	22	Odd	1,3,5,7,9,11,13
305	36	59	TR18	1	Weekly	1,2,3,4,5,6,7,8,9,10,11,12,13
306	36	66	TR14	1	Weekly	1,2,3,4,5,6,7,8,9,10,11,12,13
307	37	3	LT19	20	Weekly	1,2,3,4,5,6,7,8,9,10,11,12,13
308	37	3	LT19	2	Weekly	1,2,3,4,5,6,7,8,9,10,11,12,13
309	36	61	TR19	65	Weekly	1,2,3,4,5,6,7,8,9,10,11,12,13
310	39	3	LT19	57	Weekly	1,2,3,4,5,6,7,8,9,10,11,12,13
311	40	61	CE	34	Odd	1,3,5,7,9,11,13
312	40	61	CE	35	Odd	1,3,5,7,9,11,13
313	39	3	LT19	16	Weekly	1,2,3,4,5,6,7,8,9,10,11,12,13
314	40	62	CE	21	Even	2,4,6,8,10,12
315	40	62	CE	22	Even	2,4,6,8,10,12
316	41	61	TR14	22	Weekly	1,2,3,4,5,6,7,8,9,10,11,12,13
317	41	62	TR14	47	Weekly	1,2,3,4,5,6,7,8,9,10,11,12,13
318	39	3	LT19	43	Weekly	1,2,3,4,5,6,7,8,9,10,11,12,13
319	40	60	CE	7	Even	2,4,6,8,10,12
320	40	60	CE	8	Even	2,4,6,8,10,12
321	41	60	TR12	64	Weekly	1,2,3,4,5,6,7,8,9,10,11,12,13
322	42	60	SWE	59	Weekly	1,2,3,4,5,6,7,8,9,10,11,12,13
323	42	60	SWE	60	Weekly	1,2,3,4,5,6,7,8,9,10,11,12,13
324	43	3	LT10	4	Weekly	1,2,3,4,5,6,7,8,9,10,11,12,13
325	44	61	TR14	21	Weekly	1,2,3,4,5,6,7,8,9,10,11,12,13
326	42	61	SWE	45	Weekly	1,2,3,4,5,6,7,8,9,10,11,12,13
327	42	61	SWE	46	Weekly	1,2,3,4,5,6,7,8,9,10,11,12,13
328	43	3	LT4	30	Weekly	1,2,3,4,5,6,7,8,9,10,11,12,13
329	44	46	LT16	32	Weekly	1,2,3,4,5,6,7,8,9,10,11,12,13
330	44	62	TR14	32	Weekly	1,2,3,4,5,6,7,8,9,10,11,12,13
331	42	58	SWE	31	Weekly	1,2,3,4,5,6,7,8,9,10,11,12,13
332	42	58	SWE	32	Weekly	1,2,3,4,5,6,7,8,9,10,11,12,13
333	43	3	LT19	48	Weekly	1,2,3,4,5,6,7,8,9,10,11,12,13
334	44	60	TR15	22	Weekly	1,2,3,4,5,6,7,8,9,10,11,12,13
335	42	62	SWE	59	Weekly	1,2,3,4,5,6,7,8,9,10,11,12,13
336	42	62	SWE	60	Weekly	1,2,3,4,5,6,7,8,9,10,11,12,13
337	44	58	TR10	2	Weekly	1,2,3,4,5,6,7,8,9,10,11,12,13
338	45	61	ELE	59	Weekly	1,2,3,4,5,6,7,8,9,10,11,12,13
339	45	61	ELE	60	Weekly	1,2,3,4,5,6,7,8,9,10,11,12,13
340	46	62	TR18	18	Weekly	1,2,3,4,5,6,7,8,9,10,11,12,13
341	46	60	TR15	21	Weekly	1,2,3,4,5,6,7,8,9,10,11,12,13
342	47	3	LT19	49	Weekly	1,2,3,4,5,6,7,8,9,10,11,12,13
343	45	60	ELE	45	Weekly	1,2,3,4,5,6,7,8,9,10,11,12,13
344	45	60	ELE	46	Weekly	1,2,3,4,5,6,7,8,9,10,11,12,13
345	45	59	ELE	21	Weekly	1,2,3,4,5,6,7,8,9,10,11,12,13
346	45	59	ELE	22	Weekly	1,2,3,4,5,6,7,8,9,10,11,12,13
347	47	3	LT19	17	Weekly	1,2,3,4,5,6,7,8,9,10,11,12,13
348	46	59	TR19	63	Weekly	1,2,3,4,5,6,7,8,9,10,11,12,13
349	46	61	TR11	64	Weekly	1,2,3,4,5,6,7,8,9,10,11,12,13
350	47	3	LT19	6	Weekly	1,2,3,4,5,6,7,8,9,10,11,12,13
351	45	62	ELE	63	Weekly	1,2,3,4,5,6,7,8,9,10,11,12,13
352	45	62	ELE	64	Weekly	1,2,3,4,5,6,7,8,9,10,11,12,13
353	48	59	COMM	57	Odd	1,3,5,7,9,11,13
354	48	59	COMM	58	Odd	1,3,5,7,9,11,13
355	49	59	TR11	16	Weekly	1,2,3,4,5,6,7,8,9,10,11,12,13
356	50	4	LT19	15	Weekly	1,2,3,4,5,6,7,8,9,10,11,12,13
357	48	61	COMM	7	Even	2,4,6,8,10,12
358	48	61	COMM	8	Even	2,4,6,8,10,12
359	48	60	COMM	7	Odd	1,3,5,7,9,11,13
360	48	60	COMM	8	Odd	1,3,5,7,9,11,13
361	49	78	TR17	6	Weekly	1,2,3,4,5,6,7,8,9,10,11,12,13
362	49	77	TR13	5	Weekly	1,2,3,4,5,6,7,8,9,10,11,12,13
363	48	72	COMM	5	Even	2,4,6,8,10,12
364	48	72	COMM	6	Even	2,4,6,8,10,12
365	49	76	TR16	2	Weekly	1,2,3,4,5,6,7,8,9,10,11,12,13
366	49	75	TR15	1	Weekly	1,2,3,4,5,6,7,8,9,10,11,12,13
367	48	78	COMM	47	Odd	1,3,5,7,9,11,13
368	48	78	COMM	48	Odd	1,3,5,7,9,11,13
369	48	77	COMM	43	Even	2,4,6,8,10,12
370	48	77	COMM	44	Even	2,4,6,8,10,12
371	49	71	TR18	22	Weekly	1,2,3,4,5,6,7,8,9,10,11,12,13
372	49	72	TR16	21	Weekly	1,2,3,4,5,6,7,8,9,10,11,12,13
373	48	75	COMM	21	Even	2,4,6,8,10,12
374	48	75	COMM	22	Even	2,4,6,8,10,12
375	49	80	TR17	19	Weekly	1,2,3,4,5,6,7,8,9,10,11,12,13
376	48	74	COMM	19	Odd	1,3,5,7,9,11,13
377	48	74	COMM	20	Odd	1,3,5,7,9,11,13
378	49	79	TR16	18	Weekly	1,2,3,4,5,6,7,8,9,10,11,12,13
379	48	73	COMM	17	Even	2,4,6,8,10,12
380	48	73	COMM	18	Even	2,4,6,8,10,12
381	49	74	TR17	29	Weekly	1,2,3,4,5,6,7,8,9,10,11,12,13
382	48	76	COMM	29	Odd	1,3,5,7,9,11,13
383	48	76	COMM	30	Odd	1,3,5,7,9,11,13
384	50	4	LT19	51	Weekly	1,2,3,4,5,6,7,8,9,10,11,12,13
385	50	4	LT19	61	Weekly	1,2,3,4,5,6,7,8,9,10,11,12,13
386	48	80	COMM	63	Odd	1,3,5,7,9,11,13
387	48	80	COMM	64	Odd	1,3,5,7,9,11,13
388	49	61	TR11	63	Weekly	1,2,3,4,5,6,7,8,9,10,11,12,13
389	48	71	COMM	1	Odd	1,3,5,7,9,11,13
390	48	71	COMM	2	Odd	1,3,5,7,9,11,13
391	49	60	TR16	65	Weekly	1,2,3,4,5,6,7,8,9,10,11,12,13
392	48	79	COMM	59	Even	2,4,6,8,10,12
393	48	79	COMM	60	Even	2,4,6,8,10,12
394	49	73	TR17	57	Weekly	1,2,3,4,5,6,7,8,9,10,11,12,13
395	51	81	COMM	57	Odd	1,3,5,7,9,11,13
396	51	81	COMM	58	Odd	1,3,5,7,9,11,13
397	52	83	TR15	58	Weekly	1,2,3,4,5,6,7,8,9,10,11,12,13
398	51	80	COMM	63	Even	2,4,6,8,10,12
399	51	80	COMM	64	Even	2,4,6,8,10,12
400	52	76	TR16	1	Weekly	1,2,3,4,5,6,7,8,9,10,11,12,13
401	51	82	COMM	3	Odd	1,3,5,7,9,11,13
402	51	82	COMM	4	Odd	1,3,5,7,9,11,13
403	51	72	COMM	5	Odd	1,3,5,7,9,11,13
404	51	72	COMM	6	Odd	1,3,5,7,9,11,13
405	53	4	LT2A	32	Weekly	1,2,3,4,5,6,7,8,9,10,11,12,13
406	52	74	TR17	30	Weekly	1,2,3,4,5,6,7,8,9,10,11,12,13
407	51	76	COMM	29	Even	2,4,6,8,10,12
408	51	76	COMM	30	Even	2,4,6,8,10,12
409	52	81	TR11	51	Weekly	1,2,3,4,5,6,7,8,9,10,11,12,13
410	51	78	COMM	47	Even	2,4,6,8,10,12
411	51	78	COMM	48	Even	2,4,6,8,10,12
412	53	4	LT2A	46	Weekly	1,2,3,4,5,6,7,8,9,10,11,12,13
413	51	77	COMM	43	Odd	1,3,5,7,9,11,13
414	51	77	COMM	44	Odd	1,3,5,7,9,11,13
415	52	72	TR16	22	Weekly	1,2,3,4,5,6,7,8,9,10,11,12,13
416	52	71	TR18	21	Weekly	1,2,3,4,5,6,7,8,9,10,11,12,13
417	51	75	COMM	21	Odd	1,3,5,7,9,11,13
418	51	75	COMM	22	Odd	1,3,5,7,9,11,13
419	52	79	TR16	19	Weekly	1,2,3,4,5,6,7,8,9,10,11,12,13
420	51	74	COMM	19	Even	2,4,6,8,10,12
421	51	74	COMM	20	Even	2,4,6,8,10,12
422	52	80	TR17	18	Weekly	1,2,3,4,5,6,7,8,9,10,11,12,13
423	51	73	COMM	17	Odd	1,3,5,7,9,11,13
424	51	73	COMM	18	Odd	1,3,5,7,9,11,13
425	53	4	LT2A	9	Weekly	1,2,3,4,5,6,7,8,9,10,11,12,13
426	52	77	TR13	6	Weekly	1,2,3,4,5,6,7,8,9,10,11,12,13
427	52	78	TR17	5	Weekly	1,2,3,4,5,6,7,8,9,10,11,12,13
428	51	83	COMM	3	Even	2,4,6,8,10,12
429	51	83	COMM	4	Even	2,4,6,8,10,12
430	52	75	TR15	2	Weekly	1,2,3,4,5,6,7,8,9,10,11,12,13
431	51	71	COMM	1	Even	2,4,6,8,10,12
432	51	71	COMM	2	Even	2,4,6,8,10,12
433	51	79	COMM	59	Odd	1,3,5,7,9,11,13
434	51	79	COMM	60	Odd	1,3,5,7,9,11,13
435	52	73	TR17	58	Weekly	1,2,3,4,5,6,7,8,9,10,11,12,13
436	52	82	TR9	57	Weekly	1,2,3,4,5,6,7,8,9,10,11,12,13
437	54	59	DB	57	Even	2,4,6,8,10,12
438	54	59	DB	58	Even	2,4,6,8,10,12
439	55	75	TR13	64	Weekly	1,2,3,4,5,6,7,8,9,10,11,12,13
440	54	77	DB	19	Even	2,4,6,8,10,12
441	54	77	DB	20	Even	2,4,6,8,10,12
442	54	76	DB	17	Even	2,4,6,8,10,12
443	54	76	DB	18	Even	2,4,6,8,10,12
444	56	4	LT2A	8	Weekly	1,2,3,4,5,6,7,8,9,10,11,12,13
445	55	80	TR18	6	Weekly	1,2,3,4,5,6,7,8,9,10,11,12,13
446	54	74	DB	5	Odd	1,3,5,7,9,11,13
447	54	74	DB	6	Odd	1,3,5,7,9,11,13
448	54	83	DB	3	Odd	1,3,5,7,9,11,13
449	54	83	DB	4	Odd	1,3,5,7,9,11,13
450	54	82	DB	3	Even	2,4,6,8,10,12
451	54	82	DB	4	Even	2,4,6,8,10,12
452	55	79	TR17	2	Weekly	1,2,3,4,5,6,7,8,9,10,11,12,13
453	54	73	DB	1	Even	2,4,6,8,10,12
454	54	73	DB	2	Even	2,4,6,8,10,12
455	56	4	LT2A	31	Weekly	1,2,3,4,5,6,7,8,9,10,11,12,13
456	55	59	TR11	29	Weekly	1,2,3,4,5,6,7,8,9,10,11,12,13
457	56	4	LT2A	50	Weekly	1,2,3,4,5,6,7,8,9,10,11,12,13
458	55	74	TR17	48	Weekly	1,2,3,4,5,6,7,8,9,10,11,12,13
459	55	72	TR18	47	Weekly	1,2,3,4,5,6,7,8,9,10,11,12,13
460	55	76	TR17	44	Weekly	1,2,3,4,5,6,7,8,9,10,11,12,13
461	55	78	TR13	43	Weekly	1,2,3,4,5,6,7,8,9,10,11,12,13
462	54	80	DB	43	Odd	1,3,5,7,9,11,13
463	54	80	DB	44	Odd	1,3,5,7,9,11,13
464	54	75	DB	43	Even	2,4,6,8,10,12
465	54	75	DB	44	Even	2,4,6,8,10,12
466	54	79	DB	21	Even	2,4,6,8,10,12
467	54	79	DB	22	Even	2,4,6,8,10,12
468	54	78	DB	21	Odd	1,3,5,7,9,11,13
469	54	78	DB	22	Odd	1,3,5,7,9,11,13
470	55	71	TR18	20	Weekly	1,2,3,4,5,6,7,8,9,10,11,12,13
471	55	77	TR18	63	Weekly	1,2,3,4,5,6,7,8,9,10,11,12,13
472	55	83	TR15	57	Weekly	1,2,3,4,5,6,7,8,9,10,11,12,13
473	54	72	DB	59	Even	2,4,6,8,10,12
474	54	72	DB	60	Even	2,4,6,8,10,12
475	55	73	TR17	59	Weekly	1,2,3,4,5,6,7,8,9,10,11,12,13
476	54	71	DB	63	Odd	1,3,5,7,9,11,13
477	54	71	DB	64	Odd	1,3,5,7,9,11,13
478	55	82	TR9	58	Weekly	1,2,3,4,5,6,7,8,9,10,11,12,13
479	57	5	LT19	68	Weekly	1,2,3,4,5,6,7,8,9,10,11,12,13
480	58	5	LT19	69	Weekly	1,2,3,4,5,6,7,8,9,10,11,12,13
481	57	5	LT19	46	Weekly	1,2,3,4,5,6,7,8,9,10,11,12,13
482	57	5	LT19	47	Weekly	1,2,3,4,5,6,7,8,9,10,11,12,13
483	57	5	LT5	7	Weekly	1,2,3,4,5,6,7,8,9,10,11,12,13
484	59	5	LT2A	66	Weekly	1,2,3,4,5,6,7,8,9,10,11,12,13
485	59	5	LT2A	24	Weekly	1,2,3,4,5,6,7,8,9,10,11,12,13
486	60	5	LT2A	67	Weekly	1,2,3,4,5,6,7,8,9,10,11,12,13
487	59	5	LT2A	23	Weekly	1,2,3,4,5,6,7,8,9,10,11,12,13
488	61	5	LT10	63	Weekly	1,2,3,4,5,6,7,8,9,10,11,12,13
489	61	5	LT10	15	Weekly	1,2,3,4,5,6,7,8,9,10,11,12,13
490	61	5	LT3	45	Weekly	1,2,3,4,5,6,7,8,9,10,11,12,13
491	62	5	LT10	16	Weekly	1,2,3,4,5,6,7,8,9,10,11,12,13
492	63	5	LT2A	62	Weekly	1,2,3,4,5,6,7,8,9,10,11,12,13
493	63	5	LT2A	6	Weekly	1,2,3,4,5,6,7,8,9,10,11,12,13
494	64	5	LT2A	17	Weekly	1,2,3,4,5,6,7,8,9,10,11,12,13
495	63	5	LT2A	18	Weekly	1,2,3,4,5,6,7,8,9,10,11,12,13
496	65	5	LT19	1	Weekly	1,2,3,4,5,6,7,8,9,10,11,12,13
497	66	5	LT19	55	Weekly	1,2,3,4,5,6,7,8,9,10,11,12,13
498	65	5	LT19	54	Weekly	1,2,3,4,5,6,7,8,9,10,11,12,13
499	65	5	LT19	22	Weekly	1,2,3,4,5,6,7,8,9,10,11,12,13
500	67	5	LT10	21	Weekly	1,2,3,4,5,6,7,8,9,10,11,12,13
501	68	5	LT8	27	Weekly	1,2,3,4,5,6,7,8,9,10,11,12,13
502	67	5	LT8	26	Weekly	1,2,3,4,5,6,7,8,9,10,11,12,13
503	67	5	LT8	25	Weekly	1,2,3,4,5,6,7,8,9,10,11,12,13
504	69	63	CL2	3	Odd	1,3,5,7,9,11,13
505	69	63	CL2	4	Odd	1,3,5,7,9,11,13
506	70	64	TR19	15	Weekly	1,2,3,4,5,6,7,8,9,10,11,12,13
507	71	5	LT8	43	Weekly	1,2,3,4,5,6,7,8,9,10,11,12,13
508	70	65	TR19	31	Weekly	1,2,3,4,5,6,7,8,9,10,11,12,13
509	71	5	LT8	29	Weekly	1,2,3,4,5,6,7,8,9,10,11,12,13
510	70	63	TR18	16	Weekly	1,2,3,4,5,6,7,8,9,10,11,12,13
511	69	65	CL2	8	Odd	1,3,5,7,9,11,13
512	69	65	CL2	9	Odd	1,3,5,7,9,11,13
513	69	64	CL2	3	Even	2,4,6,8,10,12
514	69	64	CL2	4	Even	2,4,6,8,10,12
515	71	5	LT8	7	Weekly	1,2,3,4,5,6,7,8,9,10,11,12,13
516	72	5	LT2A	10	Weekly	1,2,3,4,5,6,7,8,9,10,11,12,13
517	72	5	LT2A	11	Weekly	1,2,3,4,5,6,7,8,9,10,11,12,13
518	73	5	LT2A	53	Weekly	1,2,3,4,5,6,7,8,9,10,11,12,13
519	72	5	LT2A	52	Weekly	1,2,3,4,5,6,7,8,9,10,11,12,13
520	74	5	LT2A	33	Weekly	1,2,3,4,5,6,7,8,9,10,11,12,13
521	75	5	LT19	39	Weekly	1,2,3,4,5,6,7,8,9,10,11,12,13
522	75	5	LT19	41	Weekly	1,2,3,4,5,6,7,8,9,10,11,12,13
523	75	5	LT19	40	Weekly	1,2,3,4,5,6,7,8,9,10,11,12,13
524	76	5	LT8	60	Weekly	1,2,3,4,5,6,7,8,9,10,11,12,13
525	76	5	LT4	35	Weekly	1,2,3,4,5,6,7,8,9,10,11,12,13
526	76	5	LT19	4	Weekly	1,2,3,4,5,6,7,8,9,10,11,12,13
527	77	5	LT8	61	Weekly	1,2,3,4,5,6,7,8,9,10,11,12,13
528	78	5	LT8	2	Weekly	1,2,3,4,5,6,7,8,9,10,11,12,13
529	79	5	LT8	3	Weekly	1,2,3,4,5,6,7,8,9,10,11,12,13
530	78	5	LT8	44	Weekly	1,2,3,4,5,6,7,8,9,10,11,12,13
531	78	5	LT2A	20	Weekly	1,2,3,4,5,6,7,8,9,10,11,12,13
532	80	5	LT8	8	Weekly	1,2,3,4,5,6,7,8,9,10,11,12,13
533	80	5	LT8	9	Weekly	1,2,3,4,5,6,7,8,9,10,11,12,13
534	80	5	LT4	36	Weekly	1,2,3,4,5,6,7,8,9,10,11,12,13
535	81	5	LT19	50	Weekly	1,2,3,4,5,6,7,8,9,10,11,12,13
536	82	5	LT2A	64	Weekly	1,2,3,4,5,6,7,8,9,10,11,12,13
537	83	5	LT2A	65	Weekly	1,2,3,4,5,6,7,8,9,10,11,12,13
538	82	5	LT2A	19	Weekly	1,2,3,4,5,6,7,8,9,10,11,12,13
539	82	5	LT2A	5	Weekly	1,2,3,4,5,6,7,8,9,10,11,12,13
540	84	5	LT2A	57	Weekly	1,2,3,4,5,6,7,8,9,10,11,12,13
541	84	5	LT1A	37	Weekly	1,2,3,4,5,6,7,8,9,10,11,12,13
542	85	5	LT19	13	Weekly	1,2,3,4,5,6,7,8,9,10,11,12,13
543	84	5	LT19	12	Weekly	1,2,3,4,5,6,7,8,9,10,11,12,13
544	86	44	LT6	61	Weekly	1,2,3,4,5,6,7,8,9,10,11,12,13
545	86	44	LT6	62	Weekly	1,2,3,4,5,6,7,8,9,10,11,12,13
546	86	44	LT6	17	Weekly	1,2,3,4,5,6,7,8,9,10,11,12,13
547	87	34	TR19	59	Weekly	1,2,3,4,5,6,7,8,9,10,11,12,13
548	87	38	TR12	62	Weekly	1,2,3,4,5,6,7,8,9,10,11,12,13
549	87	35	TR12	15	Weekly	1,2,3,4,5,6,7,8,9,10,11,12,13
550	87	37	TR12	20	Weekly	1,2,3,4,5,6,7,8,9,10,11,12,13
551	87	11	TR10	43	Weekly	1,2,3,4,5,6,7,8,9,10,11,12,13
552	87	36	TR12	47	Weekly	1,2,3,4,5,6,7,8,9,10,11,12,13
553	87	32	TR18	30	Weekly	1,2,3,4,5,6,7,8,9,10,11,12,13
554	88	6	LT8	45	Weekly	1,2,3,4,5,6,7,8,9,10,11,12,13
555	88	6	LT8	22	Weekly	1,2,3,4,5,6,7,8,9,10,11,12,13
556	87	33	TR15	18	Weekly	1,2,3,4,5,6,7,8,9,10,11,12,13
557	88	6	LT8	64	Weekly	1,2,3,4,5,6,7,8,9,10,11,12,13
558	89	34	TR19	57	Weekly	1,2,3,4,5,6,7,8,9,10,11,12,13
559	90	11	CL1	5	Weekly	1,2,3,4,5,6,7,8,9,10,11,12,13
560	90	11	CL1	6	Weekly	1,2,3,4,5,6,7,8,9,10,11,12,13
561	89	32	TR14	18	Weekly	1,2,3,4,5,6,7,8,9,10,11,12,13
562	91	6	LT2A	44	Weekly	1,2,3,4,5,6,7,8,9,10,11,12,13
563	89	10	TR8	30	Weekly	1,2,3,4,5,6,7,8,9,10,11,12,13
564	90	43	CL1	50	Weekly	1,2,3,4,5,6,7,8,9,10,11,12,13
565	90	34	CL1	50	Weekly	1,2,3,4,5,6,7,8,9,10,11,12,13
566	90	43	CL1	49	Weekly	1,2,3,4,5,6,7,8,9,10,11,12,13
567	90	34	CL1	49	Weekly	1,2,3,4,5,6,7,8,9,10,11,12,13
568	90	33	CL1	48	Weekly	1,2,3,4,5,6,7,8,9,10,11,12,13
569	90	32	CL1	48	Weekly	1,2,3,4,5,6,7,8,9,10,11,12,13
570	90	33	CL1	47	Weekly	1,2,3,4,5,6,7,8,9,10,11,12,13
571	90	32	CL1	47	Weekly	1,2,3,4,5,6,7,8,9,10,11,12,13
572	91	6	LT2	23	Weekly	1,2,3,4,5,6,7,8,9,10,11,12,13
573	89	33	TR15	17	Weekly	1,2,3,4,5,6,7,8,9,10,11,12,13
574	91	6	LT2A	3	Weekly	1,2,3,4,5,6,7,8,9,10,11,12,13
575	89	43	TR18	57	Weekly	1,2,3,4,5,6,7,8,9,10,11,12,13
576	89	11	TR10	58	Weekly	1,2,3,4,5,6,7,8,9,10,11,12,13
577	92	11	TR10	57	Weekly	1,2,3,4,5,6,7,8,9,10,11,12,13
578	93	6	LT2A	7	Weekly	1,2,3,4,5,6,7,8,9,10,11,12,13
579	92	37	TR19	46	Weekly	1,2,3,4,5,6,7,8,9,10,11,12,13
580	92	32	TR18	31	Weekly	1,2,3,4,5,6,7,8,9,10,11,12,13
581	92	10	TR17	31	Weekly	1,2,3,4,5,6,7,8,9,10,11,12,13
582	92	33	TR19	30	Weekly	1,2,3,4,5,6,7,8,9,10,11,12,13
583	93	6	LT2A	29	Weekly	1,2,3,4,5,6,7,8,9,10,11,12,13
584	92	36	TR18	9	Weekly	1,2,3,4,5,6,7,8,9,10,11,12,13
585	92	35	TR10	6	Weekly	1,2,3,4,5,6,7,8,9,10,11,12,13
586	92	34	TR19	58	Weekly	1,2,3,4,5,6,7,8,9,10,11,12,13
587	92	38	TR19	58	Weekly	1,2,3,4,5,6,7,8,9,10,11,12,13
588	93	6	LT2A	63	Weekly	1,2,3,4,5,6,7,8,9,10,11,12,13
589	94	31	DIG	57	Even	2,4,6,8,10,12
590	94	31	DIG	58	Even	2,4,6,8,10,12
591	94	35	DIG	57	Odd	1,3,5,7,9,11,13
592	94	35	DIG	58	Odd	1,3,5,7,9,11,13
593	95	36	TR14	60	Weekly	1,2,3,4,5,6,7,8,9,10,11,12,13
594	94	37	DIG	1	Odd	1,3,5,7,9,11,13
595	94	37	DIG	2	Odd	1,3,5,7,9,11,13
596	96	6	LT8	18	Weekly	1,2,3,4,5,6,7,8,9,10,11,12,13
597	96	6	LT8	49	Weekly	1,2,3,4,5,6,7,8,9,10,11,12,13
598	96	6	LT4	32	Weekly	1,2,3,4,5,6,7,8,9,10,11,12,13
599	94	38	DIG	46	Even	2,4,6,8,10,12
600	94	38	DIG	47	Even	2,4,6,8,10,12
601	95	37	TR12	8	Weekly	1,2,3,4,5,6,7,8,9,10,11,12,13
602	94	36	DIG	1	Even	2,4,6,8,10,12
603	94	36	DIG	2	Even	2,4,6,8,10,12
604	95	35	TR15	59	Weekly	1,2,3,4,5,6,7,8,9,10,11,12,13
605	97	35	TR14	59	Weekly	1,2,3,4,5,6,7,8,9,10,11,12,13
606	99	6	LT8	17	Weekly	1,2,3,4,5,6,7,8,9,10,11,12,13
607	98	37	CL1	43	Weekly	1,2,3,4,5,6,7,8,9,10,11,12,13
608	98	37	CL1	44	Weekly	1,2,3,4,5,6,7,8,9,10,11,12,13
609	99	6	LT8	50	Weekly	1,2,3,4,5,6,7,8,9,10,11,12,13
610	98	38	CL1	35	Weekly	1,2,3,4,5,6,7,8,9,10,11,12,13
611	98	35	CL1	35	Weekly	1,2,3,4,5,6,7,8,9,10,11,12,13
612	98	28	CL1	34	Weekly	1,2,3,4,5,6,7,8,9,10,11,12,13
613	98	28	CL1	35	Weekly	1,2,3,4,5,6,7,8,9,10,11,12,13
614	99	6	LT4	31	Weekly	1,2,3,4,5,6,7,8,9,10,11,12,13
615	97	28	TR13	48	Weekly	1,2,3,4,5,6,7,8,9,10,11,12,13
616	98	36	CL1	43	Weekly	1,2,3,4,5,6,7,8,9,10,11,12,13
617	98	36	CL1	44	Weekly	1,2,3,4,5,6,7,8,9,10,11,12,13
618	97	38	TR17	16	Weekly	1,2,3,4,5,6,7,8,9,10,11,12,13
619	97	36	TR15	60	Weekly	1,2,3,4,5,6,7,8,9,10,11,12,13
620	97	37	TR16	61	Weekly	1,2,3,4,5,6,7,8,9,10,11,12,13
621	100	36	TR19	3	Weekly	1,2,3,4,5,6,7,8,9,10,11,12,13
622	101	6	LT8	4	Weekly	1,2,3,4,5,6,7,8,9,10,11,12,13
623	101	6	LT9	19	Weekly	1,2,3,4,5,6,7,8,9,10,11,12,13
624	101	6	LT8	48	Weekly	1,2,3,4,5,6,7,8,9,10,11,12,13
625	100	37	TR12	30	Weekly	1,2,3,4,5,6,7,8,9,10,11,12,13
626	100	38	TR12	21	Weekly	1,2,3,4,5,6,7,8,9,10,11,12,13
627	100	35	TR12	5	Weekly	1,2,3,4,5,6,7,8,9,10,11,12,13
628	102	9	LT19	58	Weekly	1,2,3,4,5,6,7,8,9,10,11,12,13
629	102	9	LT4	3	Weekly	1,2,3,4,5,6,7,8,9,10,11,12,13
630	102	9	LT4	4	Weekly	1,2,3,4,5,6,7,8,9,10,11,12,13
631	103	66	TR18	58	Weekly	1,2,3,4,5,6,7,8,9,10,11,12,13
632	103	84	TR24	60	Weekly	1,2,3,4,5,6,7,8,9,10,11,12,13
633	103	85	TR19	2	Weekly	1,2,3,4,5,6,7,8,9,10,11,12,13
634	103	68	TR18	3	Weekly	1,2,3,4,5,6,7,8,9,10,11,12,13
635	104	7	LT2A	45	Weekly	1,2,3,4,5,6,7,8,9,10,11,12,13
636	103	69	TR14	49	Weekly	1,2,3,4,5,6,7,8,9,10,11,12,13
637	104	7	LT2A	30	Weekly	1,2,3,4,5,6,7,8,9,10,11,12,13
638	103	67	TR14	49	Weekly	1,2,3,4,5,6,7,8,9,10,11,12,13
639	103	78	TR13	44	Weekly	1,2,3,4,5,6,7,8,9,10,11,12,13
640	105	63	CE	57	Odd	1,3,5,7,9,11,13
641	105	63	CE	58	Odd	1,3,5,7,9,11,13
642	107	43	TR18	60	Weekly	1,2,3,4,5,6,7,8,9,10,11,12,13
643	105	12	CE	7	Odd	1,3,5,7,9,11,13
644	105	12	CE	8	Odd	1,3,5,7,9,11,13
645	107	12	TR14	15	Weekly	1,2,3,4,5,6,7,8,9,10,11,12,13
646	106	7	LT2A	21	Weekly	1,2,3,4,5,6,7,8,9,10,11,12,13
647	105	39	CE	45	Odd	1,3,5,7,9,11,13
648	105	39	CE	46	Odd	1,3,5,7,9,11,13
649	106	7	LT2A	47	Weekly	1,2,3,4,5,6,7,8,9,10,11,12,13
650	107	64	TR16	45	Weekly	1,2,3,4,5,6,7,8,9,10,11,12,13
651	107	63	TR14	44	Weekly	1,2,3,4,5,6,7,8,9,10,11,12,13
652	107	13	TR15	16	Weekly	1,2,3,4,5,6,7,8,9,10,11,12,13
653	105	43	CE	15	Even	2,4,6,8,10,12
654	105	43	CE	16	Even	2,4,6,8,10,12
655	105	13	CE	4	Odd	1,3,5,7,9,11,13
656	105	13	CE	5	Odd	1,3,5,7,9,11,13
657	107	39	TR17	60	Weekly	1,2,3,4,5,6,7,8,9,10,11,12,13
658	105	64	CE	57	Even	2,4,6,8,10,12
659	105	64	CE	58	Even	2,4,6,8,10,12
660	106	7	LT2A	59	Weekly	1,2,3,4,5,6,7,8,9,10,11,12,13
661	108	12	TR16	57	Weekly	1,2,3,4,5,6,7,8,9,10,11,12,13
662	109	7	LT8	63	Weekly	1,2,3,4,5,6,7,8,9,10,11,12,13
663	109	7	LT8	19	Weekly	1,2,3,4,5,6,7,8,9,10,11,12,13
664	108	64	TR16	44	Weekly	1,2,3,4,5,6,7,8,9,10,11,12,13
665	108	63	TR14	45	Weekly	1,2,3,4,5,6,7,8,9,10,11,12,13
666	108	13	TR16	44	Weekly	1,2,3,4,5,6,7,8,9,10,11,12,13
667	109	7	LT8	6	Weekly	1,2,3,4,5,6,7,8,9,10,11,12,13
668	108	65	TR16	57	Weekly	1,2,3,4,5,6,7,8,9,10,11,12,13
669	108	69	TR16	57	Weekly	1,2,3,4,5,6,7,8,9,10,11,12,13
670	110	63	MS	57	Even	2,4,6,8,10,12
671	110	63	MS	58	Even	2,4,6,8,10,12
672	111	7	LT2A	1	Weekly	1,2,3,4,5,6,7,8,9,10,11,12,13
673	110	13	MS	4	Even	2,4,6,8,10,12
674	110	13	MS	5	Even	2,4,6,8,10,12
675	112	13	TR15	15	Weekly	1,2,3,4,5,6,7,8,9,10,11,12,13
676	112	12	TR14	16	Weekly	1,2,3,4,5,6,7,8,9,10,11,12,13
677	112	69	TR19	16	Weekly	1,2,3,4,5,6,7,8,9,10,11,12,13
678	110	69	MS	31	Even	2,4,6,8,10,12
679	110	69	MS	32	Even	2,4,6,8,10,12
680	111	7	LT2A	22	Weekly	1,2,3,4,5,6,7,8,9,10,11,12,13
681	112	64	TR19	16	Weekly	1,2,3,4,5,6,7,8,9,10,11,12,13
682	112	63	TR18	15	Weekly	1,2,3,4,5,6,7,8,9,10,11,12,13
683	110	65	MS	15	Even	2,4,6,8,10,12
684	110	65	MS	16	Even	2,4,6,8,10,12
685	110	12	MS	4	Odd	1,3,5,7,9,11,13
686	110	12	MS	5	Odd	1,3,5,7,9,11,13
687	111	7	LT2A	60	Weekly	1,2,3,4,5,6,7,8,9,10,11,12,13
688	110	64	MS	57	Odd	1,3,5,7,9,11,13
689	110	64	MS	58	Odd	1,3,5,7,9,11,13
690	112	65	TR16	58	Weekly	1,2,3,4,5,6,7,8,9,10,11,12,13
691	113	63	CL2	3	Odd	1,3,5,7,9,11,13
692	113	63	CL2	4	Odd	1,3,5,7,9,11,13
693	113	65	CL2	8	Odd	1,3,5,7,9,11,13
694	113	65	CL2	9	Odd	1,3,5,7,9,11,13
695	114	63	TR18	16	Weekly	1,2,3,4,5,6,7,8,9,10,11,12,13
696	115	7	LT8	29	Weekly	1,2,3,4,5,6,7,8,9,10,11,12,13
697	114	65	TR19	31	Weekly	1,2,3,4,5,6,7,8,9,10,11,12,13
698	115	7	LT8	43	Weekly	1,2,3,4,5,6,7,8,9,10,11,12,13
699	114	64	TR19	15	Weekly	1,2,3,4,5,6,7,8,9,10,11,12,13
700	113	64	CL2	3	Even	2,4,6,8,10,12
701	113	64	CL2	4	Even	2,4,6,8,10,12
702	115	7	LT8	7	Weekly	1,2,3,4,5,6,7,8,9,10,11,12,13
703	116	66	CL2	59	Even	2,4,6,8,10,12
704	116	66	CL2	60	Even	2,4,6,8,10,12
705	116	70	CL2	15	Even	2,4,6,8,10,12
706	116	70	CL2	16	Even	2,4,6,8,10,12
707	117	67	TR13	21	Weekly	1,2,3,4,5,6,7,8,9,10,11,12,13
708	118	7	LT19	44	Weekly	1,2,3,4,5,6,7,8,9,10,11,12,13
709	116	67	CL2	29	Odd	1,3,5,7,9,11,13
710	116	67	CL2	30	Odd	1,3,5,7,9,11,13
711	116	68	CL2	29	Even	2,4,6,8,10,12
712	116	68	CL2	30	Even	2,4,6,8,10,12
713	117	70	TR18	45	Weekly	1,2,3,4,5,6,7,8,9,10,11,12,13
714	117	68	TR19	22	Weekly	1,2,3,4,5,6,7,8,9,10,11,12,13
715	118	7	LT19	20	Weekly	1,2,3,4,5,6,7,8,9,10,11,12,13
716	117	88	TR12	3	Weekly	1,2,3,4,5,6,7,8,9,10,11,12,13
717	117	66	TR14	1	Weekly	1,2,3,4,5,6,7,8,9,10,11,12,13
718	118	7	LT19	2	Weekly	1,2,3,4,5,6,7,8,9,10,11,12,13
719	119	7	LT2A	8	Weekly	1,2,3,4,5,6,7,8,9,10,11,12,13
720	119	7	LT2A	31	Weekly	1,2,3,4,5,6,7,8,9,10,11,12,13
721	121	70	TR12	32	Weekly	1,2,3,4,5,6,7,8,9,10,11,12,13
722	121	66	TR11	32	Weekly	1,2,3,4,5,6,7,8,9,10,11,12,13
723	120	68	DB	29	Odd	1,3,5,7,9,11,13
724	120	68	DB	30	Odd	1,3,5,7,9,11,13
725	121	67	TR13	22	Weekly	1,2,3,4,5,6,7,8,9,10,11,12,13
726	120	70	DB	47	Odd	1,3,5,7,9,11,13
727	120	70	DB	48	Odd	1,3,5,7,9,11,13
728	119	7	LT2A	50	Weekly	1,2,3,4,5,6,7,8,9,10,11,12,13
729	120	67	DB	29	Even	2,4,6,8,10,12
730	120	67	DB	30	Even	2,4,6,8,10,12
731	120	66	DB	47	Even	2,4,6,8,10,12
732	120	66	DB	48	Even	2,4,6,8,10,12
733	121	68	TR19	21	Weekly	1,2,3,4,5,6,7,8,9,10,11,12,13
734	122	65	TR18	2	Weekly	1,2,3,4,5,6,7,8,9,10,11,12,13
735	123	70	SWE	15	Even	2,4,6,8,10,12
736	123	70	SWE	16	Even	2,4,6,8,10,12
737	122	70	TR19	18	Weekly	1,2,3,4,5,6,7,8,9,10,11,12,13
738	124	7	LT10	49	Weekly	1,2,3,4,5,6,7,8,9,10,11,12,13
739	124	7	LT10	17	Weekly	1,2,3,4,5,6,7,8,9,10,11,12,13
740	124	7	LT10	3	Weekly	1,2,3,4,5,6,7,8,9,10,11,12,13
741	123	65	SWE	15	Odd	1,3,5,7,9,11,13
742	123	65	SWE	16	Odd	1,3,5,7,9,11,13
743	125	8	LT2A	64	Weekly	1,2,3,4,5,6,7,8,9,10,11,12,13
744	125	8	LT2A	5	Weekly	1,2,3,4,5,6,7,8,9,10,11,12,13
745	126	87	TR17	17	Weekly	1,2,3,4,5,6,7,8,9,10,11,12,13
746	126	84	TR19	44	Weekly	1,2,3,4,5,6,7,8,9,10,11,12,13
747	125	8	LT2A	19	Weekly	1,2,3,4,5,6,7,8,9,10,11,12,13
748	126	66	TR18	65	Weekly	1,2,3,4,5,6,7,8,9,10,11,12,13
749	126	85	TR19	1	Weekly	1,2,3,4,5,6,7,8,9,10,11,12,13
750	127	8	LT10	59	Weekly	1,2,3,4,5,6,7,8,9,10,11,12,13
751	129	86	CL1	31	Weekly	1,2,3,4,5,6,7,8,9,10,11,12,13
752	129	86	CL1	32	Weekly	1,2,3,4,5,6,7,8,9,10,11,12,13
753	129	85	CL1	21	Weekly	1,2,3,4,5,6,7,8,9,10,11,12,13
754	129	85	CL1	22	Weekly	1,2,3,4,5,6,7,8,9,10,11,12,13
755	128	85	TR12	48	Weekly	1,2,3,4,5,6,7,8,9,10,11,12,13
756	128	84	TR11	49	Weekly	1,2,3,4,5,6,7,8,9,10,11,12,13
757	127	8	LT8	51	Weekly	1,2,3,4,5,6,7,8,9,10,11,12,13
758	128	86	TR13	50	Weekly	1,2,3,4,5,6,7,8,9,10,11,12,13
759	129	84	CL1	21	Weekly	1,2,3,4,5,6,7,8,9,10,11,12,13
760	129	84	CL1	22	Weekly	1,2,3,4,5,6,7,8,9,10,11,12,13
761	127	8	LT8	16	Weekly	1,2,3,4,5,6,7,8,9,10,11,12,13
762	130	8	LT10	57	Weekly	1,2,3,4,5,6,7,8,9,10,11,12,13
763	130	8	LT8	15	Weekly	1,2,3,4,5,6,7,8,9,10,11,12,13
764	132	67	TR18	17	Weekly	1,2,3,4,5,6,7,8,9,10,11,12,13
765	130	8	LT8	46	Weekly	1,2,3,4,5,6,7,8,9,10,11,12,13
766	132	84	TR11	48	Weekly	1,2,3,4,5,6,7,8,9,10,11,12,13
767	132	66	TR14	29	Weekly	1,2,3,4,5,6,7,8,9,10,11,12,13
768	132	85	TR12	49	Weekly	1,2,3,4,5,6,7,8,9,10,11,12,13
769	131	66	SWE	47	Even	2,4,6,8,10,12
770	131	66	SWE	48	Even	2,4,6,8,10,12
771	131	85	SWE	43	Odd	1,3,5,7,9,11,13
772	131	85	SWE	44	Odd	1,3,5,7,9,11,13
773	131	67	SWE	63	Even	2,4,6,8,10,12
774	131	67	SWE	64	Even	2,4,6,8,10,12
775	131	84	SWE	1	Even	2,4,6,8,10,12
776	131	84	SWE	2	Even	2,4,6,8,10,12
777	133	8	LT2A	62	Weekly	1,2,3,4,5,6,7,8,9,10,11,12,13
778	133	8	LT2A	18	Weekly	1,2,3,4,5,6,7,8,9,10,11,12,13
779	134	68	TR15	49	Weekly	1,2,3,4,5,6,7,8,9,10,11,12,13
780	134	84	TR19	43	Weekly	1,2,3,4,5,6,7,8,9,10,11,12,13
781	134	66	TR14	17	Weekly	1,2,3,4,5,6,7,8,9,10,11,12,13
782	134	88	TR17	63	Weekly	1,2,3,4,5,6,7,8,9,10,11,12,13
783	134	67	TR15	7	Weekly	1,2,3,4,5,6,7,8,9,10,11,12,13
784	133	8	LT2A	6	Weekly	1,2,3,4,5,6,7,8,9,10,11,12,13
785	135	9	LT19	68	Weekly	1,2,3,4,5,6,7,8,9,10,11,12,13
786	135	9	LT19	47	Weekly	1,2,3,4,5,6,7,8,9,10,11,12,13
787	136	9	LT19	69	Weekly	1,2,3,4,5,6,7,8,9,10,11,12,13
788	135	9	LT19	46	Weekly	1,2,3,4,5,6,7,8,9,10,11,12,13
789	135	9	LT5	7	Weekly	1,2,3,4,5,6,7,8,9,10,11,12,13
790	137	9	LT2A	66	Weekly	1,2,3,4,5,6,7,8,9,10,11,12,13
791	137	9	LT2A	24	Weekly	1,2,3,4,5,6,7,8,9,10,11,12,13
792	138	9	LT2A	67	Weekly	1,2,3,4,5,6,7,8,9,10,11,12,13
793	137	9	LT2A	23	Weekly	1,2,3,4,5,6,7,8,9,10,11,12,13
794	139	9	LT19	1	Weekly	1,2,3,4,5,6,7,8,9,10,11,12,13
795	139	9	LT19	54	Weekly	1,2,3,4,5,6,7,8,9,10,11,12,13
796	140	9	LT19	55	Weekly	1,2,3,4,5,6,7,8,9,10,11,12,13
797	139	9	LT19	22	Weekly	1,2,3,4,5,6,7,8,9,10,11,12,13
798	141	9	LT10	21	Weekly	1,2,3,4,5,6,7,8,9,10,11,12,13
799	141	9	LT8	25	Weekly	1,2,3,4,5,6,7,8,9,10,11,12,13
800	142	9	LT8	27	Weekly	1,2,3,4,5,6,7,8,9,10,11,12,13
801	141	9	LT8	26	Weekly	1,2,3,4,5,6,7,8,9,10,11,12,13
802	143	9	LT2A	10	Weekly	1,2,3,4,5,6,7,8,9,10,11,12,13
803	144	9	LT2A	53	Weekly	1,2,3,4,5,6,7,8,9,10,11,12,13
804	143	9	LT2A	11	Weekly	1,2,3,4,5,6,7,8,9,10,11,12,13
805	143	9	LT2A	52	Weekly	1,2,3,4,5,6,7,8,9,10,11,12,13
806	145	9	LT2A	33	Weekly	1,2,3,4,5,6,7,8,9,10,11,12,13
807	146	9	LT19	40	Weekly	1,2,3,4,5,6,7,8,9,10,11,12,13
808	146	9	LT19	41	Weekly	1,2,3,4,5,6,7,8,9,10,11,12,13
809	146	9	LT19	39	Weekly	1,2,3,4,5,6,7,8,9,10,11,12,13
810	147	9	LT12	63	Weekly	1,2,3,4,5,6,7,8,9,10,11,12,13
811	147	9	LT13	15	Weekly	1,2,3,4,5,6,7,8,9,10,11,12,13
812	148	9	LT13	16	Weekly	1,2,3,4,5,6,7,8,9,10,11,12,13
813	147	9	LT12	43	Weekly	1,2,3,4,5,6,7,8,9,10,11,12,13
814	149	9	LT8	60	Weekly	1,2,3,4,5,6,7,8,9,10,11,12,13
815	149	9	LT4	35	Weekly	1,2,3,4,5,6,7,8,9,10,11,12,13
816	150	9	LT8	61	Weekly	1,2,3,4,5,6,7,8,9,10,11,12,13
817	149	9	LT19	4	Weekly	1,2,3,4,5,6,7,8,9,10,11,12,13
818	151	9	LT8	2	Weekly	1,2,3,4,5,6,7,8,9,10,11,12,13
819	151	9	LT2A	20	Weekly	1,2,3,4,5,6,7,8,9,10,11,12,13
820	151	9	LT8	44	Weekly	1,2,3,4,5,6,7,8,9,10,11,12,13
821	152	9	LT8	3	Weekly	1,2,3,4,5,6,7,8,9,10,11,12,13
822	161	99	TR11	10	Weekly	1,2,3,4,5,6,7,8,9,10,11,12,13
823	161	101	TR12	65	Weekly	1,2,3,4,5,6,7,8,9,10,11,12,13
824	161	104	TR13	10	Weekly	1,2,3,4,5,6,7,8,9,10,11,12,13
825	161	106	TR12	24	Weekly	1,2,3,4,5,6,7,8,9,10,11,12,13
826	161	108	TR11	52	Weekly	1,2,3,4,5,6,7,8,9,10,11,12,13
827	160	99	LKCLT	10	Weekly	1,2,3,4,5,6,7,8,9,10,11,12,13
828	161	100	TR11	65	Weekly	1,2,3,4,5,6,7,8,9,10,11,12,13
829	161	110	TR13	52	Weekly	1,2,3,4,5,6,7,8,9,10,11,12,13
830	160	99	LKCLT	9	Weekly	1,2,3,4,5,6,7,8,9,10,11,12,13
831	161	103	TR12	10	Weekly	1,2,3,4,5,6,7,8,9,10,11,12,13
832	161	105	TR11	24	Weekly	1,2,3,4,5,6,7,8,9,10,11,12,13
833	161	107	TR13	24	Weekly	1,2,3,4,5,6,7,8,9,10,11,12,13
834	161	109	TR12	52	Weekly	1,2,3,4,5,6,7,8,9,10,11,12,13
835	160	103	LKCLT	52	Weekly	1,2,3,4,5,6,7,8,9,10,11,12,13
836	160	103	LKCLT	51	Weekly	1,2,3,4,5,6,7,8,9,10,11,12,13
837	161	102	TR13	65	Weekly	1,2,3,4,5,6,7,8,9,10,11,12,13
838	163	103	MM2	1	Weekly	1,2,3,4,5,6,7,8,9,10,11,12,13
839	163	105	MM2	45	Weekly	1,2,3,4,5,6,7,8,9,10,11,12,13
840	163	107	MM2	6	Weekly	1,2,3,4,5,6,7,8,9,10,11,12,13
841	163	99	MM2	59	Weekly	1,2,3,4,5,6,7,8,9,10,11,12,13
842	162	99	LT19A	16	Weekly	1,2,3,4,5,6,7,8,9,10,11,12,13
843	163	104	MM2	30	Weekly	1,2,3,4,5,6,7,8,9,10,11,12,13
844	163	106	MM2	5	Weekly	1,2,3,4,5,6,7,8,9,10,11,12,13
845	163	108	MM2	46	Weekly	1,2,3,4,5,6,7,8,9,10,11,12,13
846	164	99	MM3	45	Weekly	1,2,3,4,5,6,7,8,9,10,11,12,13
847	166	103	CSKL3	9	Even	2,4,6,8,10,12
848	166	105	CSKL3	30	Even	2,4,6,8,10,12
849	166	107	CSKL3	49	Even	2,4,6,8,10,12
850	166	99	CSKL3	9	Odd	1,3,5,7,9,11,13
851	166	103	CSKL3	8	Even	2,4,6,8,10,12
852	166	105	CSKL3	29	Even	2,4,6,8,10,12
853	166	107	CSKL3	48	Even	2,4,6,8,10,12
854	166	109	CSKL3	60	Even	2,4,6,8,10,12
855	166	99	CSKL3	8	Odd	1,3,5,7,9,11,13
856	166	109	CSKL3	59	Even	2,4,6,8,10,12
857	165	99	LT3	21	Weekly	1,2,3,4,5,6,7,8,9,10,11,12,13
858	166	104	CSKL3	30	Odd	1,3,5,7,9,11,13
859	166	106	CSKL3	49	Odd	1,3,5,7,9,11,13
860	166	108	CSKL3	60	Odd	1,3,5,7,9,11,13
861	166	104	CSKL3	29	Odd	1,3,5,7,9,11,13
862	166	106	CSKL3	48	Odd	1,3,5,7,9,11,13
863	166	108	CSKL3	59	Odd	1,3,5,7,9,11,13
