1	3	45	LT10	33	Weekly	1,2,3,4,5,6,7,8,9,10,11,12,13
2	3	45	LT17	38	Weekly	1,2,3,4,5,6,7,8,9,10,11,12,13
3	3	45	LT10	34	Weekly	1,2,3,4,5,6,7,8,9,10,11,12,13
4	3	45	LT17	37	Weekly	1,2,3,4,5,6,7,8,9,10,11,12,13
5	4	45	DSP	35	Weekly	1,2,3,4,5,6,7,8,9,10,11,12,13
6	4	45	DSP	36	Weekly	1,2,3,4,5,6,7,8,9,10,11,12,13
7	5	45	LT10	36	Weekly	1,2,3,4,5,6,7,8,9,10,11,12,13
8	5	45	LT10	39	Weekly	1,2,3,4,5,6,7,8,9,10,11,12,13
9	5	45	LT10	37	Weekly	1,2,3,4,5,6,7,8,9,10,11,12,13
10	5	45	LT10	38	Weekly	1,2,3,4,5,6,7,8,9,10,11,12,13
11	6	14	ELE	57	Even	2,4,6,8,10,12
12	6	14	ELE	58	Even	2,4,6,8,10,12
13	6	23	ELE	57	Odd	1,3,5,7,9,11,13
14	6	23	ELE	58	Odd	1,3,5,7,9,11,13
15	7	19	TR11	57	Weekly	1,2,3,4,5,6,7,8,9,10,11,12,13
16	7	25	TR12	58	Weekly	1,2,3,4,5,6,7,8,9,10,11,12,13
17	6	15	ELE	59	Even	2,4,6,8,10,12
18	6	15	ELE	60	Even	2,4,6,8,10,12
19	6	20	ELE	59	Odd	1,3,5,7,9,11,13
20	6	20	ELE	60	Odd	1,3,5,7,9,11,13
21	7	22	TR11	59	Weekly	1,2,3,4,5,6,7,8,9,10,11,12,13
22	8	2	LT19	64	Weekly	1,2,3,4,5,6,7,8,9,10,11,12,13
23	6	21	ELE	1	Odd	1,3,5,7,9,11,13
24	6	21	ELE	2	Odd	1,3,5,7,9,11,13
25	6	26	ELE	1	Even	2,4,6,8,10,12
26	6	26	ELE	2	Even	2,4,6,8,10,12
27	7	14	TR11	1	Weekly	1,2,3,4,5,6,7,8,9,10,11,12,13
28	7	97	TR11	1	Weekly	1,2,3,4,5,6,7,8,9,10,11,12,13
29	7	23	TR12	2	Weekly	1,2,3,4,5,6,7,8,9,10,11,12,13
30	8	2	LT19	5	Weekly	1,2,3,4,5,6,7,8,9,10,11,12,13
31	7	98	TR19	8	Weekly	1,2,3,4,5,6,7,8,9,10,11,12,13
32	6	18	ELE	17	Even	2,4,6,8,10,12
33	6	18	ELE	18	Even	2,4,6,8,10,12
34	6	22	ELE	17	Odd	1,3,5,7,9,11,13
35	6	22	ELE	18	Odd	1,3,5,7,9,11,13
36	7	15	TR11	17	Weekly	1,2,3,4,5,6,7,8,9,10,11,12,13
37	7	24	TR12	18	Weekly	1,2,3,4,5,6,7,8,9,10,11,12,13
38	8	2	LT19	21	Weekly	1,2,3,4,5,6,7,8,9,10,11,12,13
39	7	26	TR11	22	Weekly	1,2,3,4,5,6,7,8,9,10,11,12,13
40	6	97	ELE	43	Odd	1,3,5,7,9,11,13
41	6	97	ELE	44	Odd	1,3,5,7,9,11,13
42	6	98	ELE	43	Even	2,4,6,8,10,12
43	6	98	ELE	44	Even	2,4,6,8,10,12
44	6	19	ELE	45	Odd	1,3,5,7,9,11,13
45	6	19	ELE	46	Odd	1,3,5,7,9,11,13
46	6	24	ELE	45	Even	2,4,6,8,10,12
47	6	24	ELE	46	Even	2,4,6,8,10,12
48	7	20	TR11	45	Weekly	1,2,3,4,5,6,7,8,9,10,11,12,13
49	7	18	TR12	46	Weekly	1,2,3,4,5,6,7,8,9,10,11,12,13
50	6	25	ELE	30	Even	2,4,6,8,10,12
51	6	25	ELE	31	Even	2,4,6,8,10,12
52	7	21	TR11	30	Weekly	1,2,3,4,5,6,7,8,9,10,11,12,13
53	9	22	CL1	57	Weekly	1,2,3,4,5,6,7,8,9,10,11,12,13
54	9	22	CL1	58	Weekly	1,2,3,4,5,6,7,8,9,10,11,12,13
55	10	25	TR12	57	Weekly	1,2,3,4,5,6,7,8,9,10,11,12,13
56	10	19	TR11	58	Weekly	1,2,3,4,5,6,7,8,9,10,11,12,13
57	9	19	CL1	59	Weekly	1,2,3,4,5,6,7,8,9,10,11,12,13
58	9	19	CL1	60	Weekly	1,2,3,4,5,6,7,8,9,10,11,12,13
59	9	25	CL1	59	Weekly	1,2,3,4,5,6,7,8,9,10,11,12,13
60	9	25	CL1	60	Weekly	1,2,3,4,5,6,7,8,9,10,11,12,13
61	10	22	TR11	60	Weekly	1,2,3,4,5,6,7,8,9,10,11,12,13
62	9	20	CL1	1	Weekly	1,2,3,4,5,6,7,8,9,10,11,12,13
63	9	20	CL1	2	Weekly	1,2,3,4,5,6,7,8,9,10,11,12,13
64	10	23	TR12	1	Weekly	1,2,3,4,5,6,7,8,9,10,11,12,13
65	10	14	TR11	2	Weekly	1,2,3,4,5,6,7,8,9,10,11,12,13
66	11	2	LT2A	3	Weekly	1,2,3,4,5,6,7,8,9,10,11,12,13
67	9	21	CL1	17	Weekly	1,2,3,4,5,6,7,8,9,10,11,12,13
68	9	21	CL1	18	Weekly	1,2,3,4,5,6,7,8,9,10,11,12,13
69	10	24	TR12	17	Weekly	1,2,3,4,5,6,7,8,9,10,11,12,13
70	10	15	TR11	18	Weekly	1,2,3,4,5,6,7,8,9,10,11,12,13
71	11	2	LT2	23	Weekly	1,2,3,4,5,6,7,8,9,10,11,12,13
72	11	2	LT2A	44	Weekly	1,2,3,4,5,6,7,8,9,10,11,12,13
73	9	14	CL1	45	Weekly	1,2,3,4,5,6,7,8,9,10,11,12,13
74	9	14	CL1	46	Weekly	1,2,3,4,5,6,7,8,9,10,11,12,13
75	9	23	CL1	45	Weekly	1,2,3,4,5,6,7,8,9,10,11,12,13
76	9	23	CL1	46	Weekly	1,2,3,4,5,6,7,8,9,10,11,12,13
77	10	18	TR12	45	Weekly	1,2,3,4,5,6,7,8,9,10,11,12,13
78	10	20	TR11	46	Weekly	1,2,3,4,5,6,7,8,9,10,11,12,13
79	9	18	CL1	30	Weekly	1,2,3,4,5,6,7,8,9,10,11,12,13
80	9	18	CL1	31	Weekly	1,2,3,4,5,6,7,8,9,10,11,12,13
81	9	24	CL1	30	Weekly	1,2,3,4,5,6,7,8,9,10,11,12,13
82	9	24	CL1	31	Weekly	1,2,3,4,5,6,7,8,9,10,11,12,13
83	10	21	TR11	31	Weekly	1,2,3,4,5,6,7,8,9,10,11,12,13
84	12	18	TR13	57	Weekly	1,2,3,4,5,6,7,8,9,10,11,12,13
85	12	21	TR13	59	Weekly	1,2,3,4,5,6,7,8,9,10,11,12,13
86	12	24	TR13	60	Weekly	1,2,3,4,5,6,7,8,9,10,11,12,13
87	13	2	LT2A	63	Weekly	1,2,3,4,5,6,7,8,9,10,11,12,13
88	12	19	TR13	1	Weekly	1,2,3,4,5,6,7,8,9,10,11,12,13
89	12	25	TR13	2	Weekly	1,2,3,4,5,6,7,8,9,10,11,12,13
90	12	98	TR13	2	Weekly	1,2,3,4,5,6,7,8,9,10,11,12,13
91	13	2	LT2A	7	Weekly	1,2,3,4,5,6,7,8,9,10,11,12,13
92	12	97	TR13	8	Weekly	1,2,3,4,5,6,7,8,9,10,11,12,13
93	12	20	TR13	17	Weekly	1,2,3,4,5,6,7,8,9,10,11,12,13
94	12	14	TR13	18	Weekly	1,2,3,4,5,6,7,8,9,10,11,12,13
95	12	22	TR13	45	Weekly	1,2,3,4,5,6,7,8,9,10,11,12,13
96	13	2	LT2A	29	Weekly	1,2,3,4,5,6,7,8,9,10,11,12,13
97	12	15	TR13	30	Weekly	1,2,3,4,5,6,7,8,9,10,11,12,13
98	12	23	TR13	31	Weekly	1,2,3,4,5,6,7,8,9,10,11,12,13
99	12	26	TR13	33	Weekly	1,2,3,4,5,6,7,8,9,10,11,12,13
100	14	31	DIG	57	Even	2,4,6,8,10,12
101	14	31	DIG	58	Even	2,4,6,8,10,12
102	14	97	DIG	59	Odd	1,3,5,7,9,11,13
103	14	97	DIG	60	Odd	1,3,5,7,9,11,13
104	14	98	DIG	59	Even	2,4,6,8,10,12
105	14	98	DIG	60	Even	2,4,6,8,10,12
106	15	98	TR15	61	Weekly	1,2,3,4,5,6,7,8,9,10,11,12,13
107	14	26	DIG	3	Even	2,4,6,8,10,12
108	14	26	DIG	4	Even	2,4,6,8,10,12
109	15	31	TR13	9	Weekly	1,2,3,4,5,6,7,8,9,10,11,12,13
110	16	2	LT8	18	Weekly	1,2,3,4,5,6,7,8,9,10,11,12,13
111	15	26	TR13	19	Weekly	1,2,3,4,5,6,7,8,9,10,11,12,13
112	15	97	TR15	47	Weekly	1,2,3,4,5,6,7,8,9,10,11,12,13
113	16	2	LT8	49	Weekly	1,2,3,4,5,6,7,8,9,10,11,12,13
114	16	2	LT4	32	Weekly	1,2,3,4,5,6,7,8,9,10,11,12,13
115	17	97	CL1	3	Weekly	1,2,3,4,5,6,7,8,9,10,11,12,13
116	17	97	CL1	4	Weekly	1,2,3,4,5,6,7,8,9,10,11,12,13
117	17	98	CL1	3	Weekly	1,2,3,4,5,6,7,8,9,10,11,12,13
118	17	98	CL1	4	Weekly	1,2,3,4,5,6,7,8,9,10,11,12,13
119	17	31	CL1	3	Weekly	1,2,3,4,5,6,7,8,9,10,11,12,13
120	17	31	CL1	4	Weekly	1,2,3,4,5,6,7,8,9,10,11,12,13
121	17	26	CL1	15	Weekly	1,2,3,4,5,6,7,8,9,10,11,12,13
122	17	26	CL1	16	Weekly	1,2,3,4,5,6,7,8,9,10,11,12,13
123	19	97	TR13	15	Weekly	1,2,3,4,5,6,7,8,9,10,11,12,13
124	19	98	TR13	16	Weekly	1,2,3,4,5,6,7,8,9,10,11,12,13
125	18	2	LT8	17	Weekly	1,2,3,4,5,6,7,8,9,10,11,12,13
126	19	26	TR13	48	Weekly	1,2,3,4,5,6,7,8,9,10,11,12,13
127	18	2	LT8	50	Weekly	1,2,3,4,5,6,7,8,9,10,11,12,13
128	19	31	TR16	30	Weekly	1,2,3,4,5,6,7,8,9,10,11,12,13
129	18	2	LT4	31	Weekly	1,2,3,4,5,6,7,8,9,10,11,12,13
130	20	31	LT12	61	Weekly	1,2,3,4,5,6,7,8,9,10,11,12,13
131	21	2	LT19	62	Weekly	1,2,3,4,5,6,7,8,9,10,11,12,13
132	21	99	LT10	22	Weekly	1,2,3,4,5,6,7,8,9,10,11,12,13
133	21	2	LT9	24	Weekly	1,2,3,4,5,6,7,8,9,10,11,12,13
134	21	2	LT10	51	Weekly	1,2,3,4,5,6,7,8,9,10,11,12,13
135	22	5	LT19	58	Weekly	1,2,3,4,5,6,7,8,9,10,11,12,13
136	22	5	LT4	2	Weekly	1,2,3,4,5,6,7,8,9,10,11,12,13
137	22	5	LT4	3	Weekly	1,2,3,4,5,6,7,8,9,10,11,12,13
138	23	71	TR16	59	Weekly	1,2,3,4,5,6,7,8,9,10,11,12,13
139	23	79	TR11	6	Weekly	1,2,3,4,5,6,7,8,9,10,11,12,13
140	23	76	TR17	43	Weekly	1,2,3,4,5,6,7,8,9,10,11,12,13
141	24	3	LT2A	30	Weekly	1,2,3,4,5,6,7,8,9,10,11,12,13
142	23	72	TR18	48	Weekly	1,2,3,4,5,6,7,8,9,10,11,12,13
143	23	74	TR17	47	Weekly	1,2,3,4,5,6,7,8,9,10,11,12,13
144	24	3	LT2A	45	Weekly	1,2,3,4,5,6,7,8,9,10,11,12,13
145	23	78	TR13	44	Weekly	1,2,3,4,5,6,7,8,9,10,11,12,13
146	23	73	TR18	7	Weekly	1,2,3,4,5,6,7,8,9,10,11,12,13
147	23	59	TR12	4	Weekly	1,2,3,4,5,6,7,8,9,10,11,12,13
148	23	77	TR18	62	Weekly	1,2,3,4,5,6,7,8,9,10,11,12,13
149	23	75	TR13	63	Weekly	1,2,3,4,5,6,7,8,9,10,11,12,13
150	23	80	TR17	1	Weekly	1,2,3,4,5,6,7,8,9,10,11,12,13
151	25	58	DIG	63	Odd	1,3,5,7,9,11,13
152	25	58	DIG	64	Odd	1,3,5,7,9,11,13
153	25	50	DIG	4	Even	2,4,6,8,10,12
154	25	50	DIG	5	Even	2,4,6,8,10,12
155	25	55	DIG	17	Odd	1,3,5,7,9,11,13
156	25	55	DIG	18	Odd	1,3,5,7,9,11,13
157	26	3	LT3	46	Weekly	1,2,3,4,5,6,7,8,9,10,11,12,13
158	27	55	TR10	44	Weekly	1,2,3,4,5,6,7,8,9,10,11,12,13
159	27	56	TR12	43	Weekly	1,2,3,4,5,6,7,8,9,10,11,12,13
160	25	57	DIG	43	Odd	1,3,5,7,9,11,13
161	25	57	DIG	44	Odd	1,3,5,7,9,11,13
162	25	49	DIG	43	Even	2,4,6,8,10,12
163	25	49	DIG	44	Even	2,4,6,8,10,12
164	26	3	LT19	19	Weekly	1,2,3,4,5,6,7,8,9,10,11,12,13
165	27	58	TR8	18	Weekly	1,2,3,4,5,6,7,8,9,10,11,12,13
166	27	51	TR10	17	Weekly	1,2,3,4,5,6,7,8,9,10,11,12,13
167	25	56	DIG	17	Even	2,4,6,8,10,12
168	25	56	DIG	18	Even	2,4,6,8,10,12
169	27	57	TR26	32	Weekly	1,2,3,4,5,6,7,8,9,10,11,12,13
170	27	49	TR26	31	Weekly	1,2,3,4,5,6,7,8,9,10,11,12,13
171	25	54	DIG	31	Even	2,4,6,8,10,12
172	25	54	DIG	32	Even	2,4,6,8,10,12
173	25	53	DIG	31	Odd	1,3,5,7,9,11,13
174	25	53	DIG	32	Odd	1,3,5,7,9,11,13
175	27	53	TR9	50	Weekly	1,2,3,4,5,6,7,8,9,10,11,12,13
176	27	54	TR9	49	Weekly	1,2,3,4,5,6,7,8,9,10,11,12,13
177	25	52	DIG	49	Even	2,4,6,8,10,12
178	25	52	DIG	50	Even	2,4,6,8,10,12
179	25	51	DIG	49	Odd	1,3,5,7,9,11,13
180	25	51	DIG	50	Odd	1,3,5,7,9,11,13
181	27	52	TR8	16	Weekly	1,2,3,4,5,6,7,8,9,10,11,12,13
182	25	48	DIG	4	Odd	1,3,5,7,9,11,13
183	25	48	DIG	5	Odd	1,3,5,7,9,11,13
184	27	50	TR9	63	Weekly	1,2,3,4,5,6,7,8,9,10,11,12,13
185	27	48	TR18	64	Weekly	1,2,3,4,5,6,7,8,9,10,11,12,13
186	26	3	LT19	3	Weekly	1,2,3,4,5,6,7,8,9,10,11,12,13
187	28	3	LT2A	59	Weekly	1,2,3,4,5,6,7,8,9,10,11,12,13
188	29	51	CE	4	Even	2,4,6,8,10,12
189	29	51	CE	5	Even	2,4,6,8,10,12
190	30	53	TR14	4	Weekly	1,2,3,4,5,6,7,8,9,10,11,12,13
191	30	52	TR15	31	Weekly	1,2,3,4,5,6,7,8,9,10,11,12,13
192	29	50	CE	31	Even	2,4,6,8,10,12
193	29	50	CE	32	Even	2,4,6,8,10,12
194	29	48	CE	31	Odd	1,3,5,7,9,11,13
195	29	48	CE	32	Odd	1,3,5,7,9,11,13
196	30	51	TR14	30	Weekly	1,2,3,4,5,6,7,8,9,10,11,12,13
197	30	57	TR14	51	Weekly	1,2,3,4,5,6,7,8,9,10,11,12,13
198	30	49	TR15	50	Weekly	1,2,3,4,5,6,7,8,9,10,11,12,13
199	29	56	CE	49	Even	2,4,6,8,10,12
200	29	56	CE	50	Even	2,4,6,8,10,12
201	29	55	CE	49	Odd	1,3,5,7,9,11,13
202	29	55	CE	50	Odd	1,3,5,7,9,11,13
203	28	3	LT2A	47	Weekly	1,2,3,4,5,6,7,8,9,10,11,12,13
204	30	58	TR15	43	Weekly	1,2,3,4,5,6,7,8,9,10,11,12,13
205	28	3	LT2A	21	Weekly	1,2,3,4,5,6,7,8,9,10,11,12,13
206	29	54	CE	17	Even	2,4,6,8,10,12
207	29	54	CE	18	Even	2,4,6,8,10,12
208	29	53	CE	17	Odd	1,3,5,7,9,11,13
209	29	53	CE	18	Odd	1,3,5,7,9,11,13
210	30	50	TR15	16	Weekly	1,2,3,4,5,6,7,8,9,10,11,12,13
211	30	48	TR14	15	Weekly	1,2,3,4,5,6,7,8,9,10,11,12,13
212	29	58	CE	15	Odd	1,3,5,7,9,11,13
213	29	58	CE	16	Odd	1,3,5,7,9,11,13
214	30	54	TR15	5	Weekly	1,2,3,4,5,6,7,8,9,10,11,12,13
215	29	52	CE	4	Odd	1,3,5,7,9,11,13
216	29	52	CE	5	Odd	1,3,5,7,9,11,13
217	30	56	TR15	64	Weekly	1,2,3,4,5,6,7,8,9,10,11,12,13
218	29	49	CE	63	Even	2,4,6,8,10,12
219	29	49	CE	64	Even	2,4,6,8,10,12
220	29	57	CE	63	Odd	1,3,5,7,9,11,13
221	29	57	CE	64	Odd	1,3,5,7,9,11,13
222	30	55	TR14	63	Weekly	1,2,3,4,5,6,7,8,9,10,11,12,13
223	31	3	LT2A	60	Weekly	1,2,3,4,5,6,7,8,9,10,11,12,13
224	31	3	LT2A	1	Weekly	1,2,3,4,5,6,7,8,9,10,11,12,13
225	33	52	MS	4	Even	2,4,6,8,10,12
226	33	52	MS	5	Even	2,4,6,8,10,12
227	32	58	TR15	44	Weekly	1,2,3,4,5,6,7,8,9,10,11,12,13
228	31	3	LT2A	22	Weekly	1,2,3,4,5,6,7,8,9,10,11,12,13
229	33	54	MS	17	Odd	1,3,5,7,9,11,13
230	33	54	MS	18	Odd	1,3,5,7,9,11,13
231	33	53	MS	17	Even	2,4,6,8,10,12
232	33	53	MS	18	Even	2,4,6,8,10,12
233	32	48	TR14	16	Weekly	1,2,3,4,5,6,7,8,9,10,11,12,13
234	32	50	TR15	15	Weekly	1,2,3,4,5,6,7,8,9,10,11,12,13
235	33	58	MS	15	Even	2,4,6,8,10,12
236	33	58	MS	16	Even	2,4,6,8,10,12
237	32	53	TR14	5	Weekly	1,2,3,4,5,6,7,8,9,10,11,12,13
238	32	54	TR15	4	Weekly	1,2,3,4,5,6,7,8,9,10,11,12,13
239	32	51	TR14	31	Weekly	1,2,3,4,5,6,7,8,9,10,11,12,13
240	33	50	MS	31	Odd	1,3,5,7,9,11,13
241	33	50	MS	32	Odd	1,3,5,7,9,11,13
242	33	48	MS	31	Even	2,4,6,8,10,12
243	33	48	MS	32	Even	2,4,6,8,10,12
244	32	52	TR15	30	Weekly	1,2,3,4,5,6,7,8,9,10,11,12,13
245	32	49	TR15	51	Weekly	1,2,3,4,5,6,7,8,9,10,11,12,13
246	32	57	TR14	50	Weekly	1,2,3,4,5,6,7,8,9,10,11,12,13
247	33	56	MS	49	Odd	1,3,5,7,9,11,13
248	33	56	MS	50	Odd	1,3,5,7,9,11,13
249	33	55	MS	49	Even	2,4,6,8,10,12
250	33	55	MS	50	Even	2,4,6,8,10,12
251	33	51	MS	4	Odd	1,3,5,7,9,11,13
252	33	51	MS	5	Odd	1,3,5,7,9,11,13
253	32	55	TR14	64	Weekly	1,2,3,4,5,6,7,8,9,10,11,12,13
254	33	49	MS	63	Odd	1,3,5,7,9,11,13
255	33	49	MS	64	Odd	1,3,5,7,9,11,13
256	33	57	MS	63	Even	2,4,6,8,10,12
257	33	57	MS	64	Even	2,4,6,8,10,12
258	32	56	TR15	63	Weekly	1,2,3,4,5,6,7,8,9,10,11,12,13
259	34	3	LT2A	58	Weekly	1,2,3,4,5,6,7,8,9,10,11,12,13
260	35	51	TR16	16	Weekly	1,2,3,4,5,6,7,8,9,10,11,12,13
261	35	55	TR16	43	Weekly	1,2,3,4,5,6,7,8,9,10,11,12,13
262	35	49	TR16	32	Weekly	1,2,3,4,5,6,7,8,9,10,11,12,13
263	35	57	TR16	31	Weekly	1,2,3,4,5,6,7,8,9,10,11,12,13
264	34	3	LT19	29	Weekly	1,2,3,4,5,6,7,8,9,10,11,12,13
265	35	54	TR16	50	Weekly	1,2,3,4,5,6,7,8,9,10,11,12,13
266	35	53	TR16	49	Weekly	1,2,3,4,5,6,7,8,9,10,11,12,13
267	35	56	TR11	44	Weekly	1,2,3,4,5,6,7,8,9,10,11,12,13
268	35	52	TR16	17	Weekly	1,2,3,4,5,6,7,8,9,10,11,12,13
269	35	58	TR15	8	Weekly	1,2,3,4,5,6,7,8,9,10,11,12,13
270	35	48	TR16	63	Weekly	1,2,3,4,5,6,7,8,9,10,11,12,13
271	35	50	TR16	64	Weekly	1,2,3,4,5,6,7,8,9,10,11,12,13
272	34	3	LT19	7	Weekly	1,2,3,4,5,6,7,8,9,10,11,12,13
273	36	60	TR12	63	Weekly	1,2,3,4,5,6,7,8,9,10,11,12,13
274	36	66	TR14	1	Weekly	1,2,3,4,5,6,7,8,9,10,11,12,13
275	37	3	LT19	20	Weekly	1,2,3,4,5,6,7,8,9,10,11,12,13
276	37	3	LT19	44	Weekly	1,2,3,4,5,6,7,8,9,10,11,12,13
277	38	59	CL2	46	Even	2,4,6,8,10,12
278	38	59	CL2	47	Even	2,4,6,8,10,12
279	38	61	CL2	31	Odd	1,3,5,7,9,11,13
280	38	61	CL2	32	Odd	1,3,5,7,9,11,13
281	38	60	CL2	31	Even	2,4,6,8,10,12
282	38	60	CL2	32	Even	2,4,6,8,10,12
283	36	62	TR18	45	Weekly	1,2,3,4,5,6,7,8,9,10,11,12,13
284	38	62	CL2	21	Odd	1,3,5,7,9,11,13
285	38	62	CL2	22	Odd	1,3,5,7,9,11,13
286	37	3	LT19	2	Weekly	1,2,3,4,5,6,7,8,9,10,11,12,13
287	36	59	TR18	1	Weekly	1,2,3,4,5,6,7,8,9,10,11,12,13
288	36	61	TR19	65	Weekly	1,2,3,4,5,6,7,8,9,10,11,12,13
289	39	3	LT19	57	Weekly	1,2,3,4,5,6,7,8,9,10,11,12,13
290	41	61	TR14	22	Weekly	1,2,3,4,5,6,7,8,9,10,11,12,13
291	41	62	TR14	47	Weekly	1,2,3,4,5,6,7,8,9,10,11,12,13
292	40	61	CE	34	Odd	1,3,5,7,9,11,13
293	40	61	CE	35	Odd	1,3,5,7,9,11,13
294	39	3	LT19	43	Weekly	1,2,3,4,5,6,7,8,9,10,11,12,13
295	40	62	CE	21	Even	2,4,6,8,10,12
296	40	62	CE	22	Even	2,4,6,8,10,12
297	41	60	TR12	64	Weekly	1,2,3,4,5,6,7,8,9,10,11,12,13
298	40	60	CE	7	Even	2,4,6,8,10,12
299	40	60	CE	8	Even	2,4,6,8,10,12
300	39	3	LT19	16	Weekly	1,2,3,4,5,6,7,8,9,10,11,12,13
301	42	60	SWE	59	Weekly	1,2,3,4,5,6,7,8,9,10,11,12,13
302	42	60	SWE	60	Weekly	1,2,3,4,5,6,7,8,9,10,11,12,13
303	42	61	SWE	45	Weekly	1,2,3,4,5,6,7,8,9,10,11,12,13
304	42	61	SWE	46	Weekly	1,2,3,4,5,6,7,8,9,10,11,12,13
305	44	62	TR14	32	Weekly	1,2,3,4,5,6,7,8,9,10,11,12,13
306	44	46	LT16	32	Weekly	1,2,3,4,5,6,7,8,9,10,11,12,13
307	42	58	SWE	31	Weekly	1,2,3,4,5,6,7,8,9,10,11,12,13
308	42	58	SWE	32	Weekly	1,2,3,4,5,6,7,8,9,10,11,12,13
309	43	3	LT4	30	Weekly	1,2,3,4,5,6,7,8,9,10,11,12,13
310	43	3	LT19	48	Weekly	1,2,3,4,5,6,7,8,9,10,11,12,13
311	44	60	TR15	22	Weekly	1,2,3,4,5,6,7,8,9,10,11,12,13
312	42	62	SWE	59	Weekly	1,2,3,4,5,6,7,8,9,10,11,12,13
313	42	62	SWE	60	Weekly	1,2,3,4,5,6,7,8,9,10,11,12,13
314	44	58	TR10	2	Weekly	1,2,3,4,5,6,7,8,9,10,11,12,13
315	43	3	LT10	4	Weekly	1,2,3,4,5,6,7,8,9,10,11,12,13
316	44	61	TR14	21	Weekly	1,2,3,4,5,6,7,8,9,10,11,12,13
317	45	61	ELE	59	Weekly	1,2,3,4,5,6,7,8,9,10,11,12,13
318	45	61	ELE	60	Weekly	1,2,3,4,5,6,7,8,9,10,11,12,13
319	46	59	TR19	63	Weekly	1,2,3,4,5,6,7,8,9,10,11,12,13
320	47	3	LT19	6	Weekly	1,2,3,4,5,6,7,8,9,10,11,12,13
321	46	62	TR18	18	Weekly	1,2,3,4,5,6,7,8,9,10,11,12,13
322	46	60	TR15	21	Weekly	1,2,3,4,5,6,7,8,9,10,11,12,13
323	47	3	LT19	49	Weekly	1,2,3,4,5,6,7,8,9,10,11,12,13
324	45	60	ELE	45	Weekly	1,2,3,4,5,6,7,8,9,10,11,12,13
325	45	60	ELE	46	Weekly	1,2,3,4,5,6,7,8,9,10,11,12,13
326	45	59	ELE	21	Weekly	1,2,3,4,5,6,7,8,9,10,11,12,13
327	45	59	ELE	22	Weekly	1,2,3,4,5,6,7,8,9,10,11,12,13
328	47	3	LT19	17	Weekly	1,2,3,4,5,6,7,8,9,10,11,12,13
329	46	61	TR11	64	Weekly	1,2,3,4,5,6,7,8,9,10,11,12,13
330	45	62	ELE	63	Weekly	1,2,3,4,5,6,7,8,9,10,11,12,13
331	45	62	ELE	64	Weekly	1,2,3,4,5,6,7,8,9,10,11,12,13
332	48	59	COMM	57	Odd	1,3,5,7,9,11,13
333	48	59	COMM	58	Odd	1,3,5,7,9,11,13
334	49	61	TR11	63	Weekly	1,2,3,4,5,6,7,8,9,10,11,12,13
335	48	71	COMM	1	Odd	1,3,5,7,9,11,13
336	48	71	COMM	2	Odd	1,3,5,7,9,11,13
337	49	59	TR11	16	Weekly	1,2,3,4,5,6,7,8,9,10,11,12,13
338	50	4	LT19	15	Weekly	1,2,3,4,5,6,7,8,9,10,11,12,13
339	48	61	COMM	7	Even	2,4,6,8,10,12
340	48	61	COMM	8	Even	2,4,6,8,10,12
341	48	60	COMM	7	Odd	1,3,5,7,9,11,13
342	48	60	COMM	8	Odd	1,3,5,7,9,11,13
343	49	78	TR17	6	Weekly	1,2,3,4,5,6,7,8,9,10,11,12,13
344	49	77	TR13	5	Weekly	1,2,3,4,5,6,7,8,9,10,11,12,13
345	48	76	COMM	5	Odd	1,3,5,7,9,11,13
346	48	76	COMM	6	Odd	1,3,5,7,9,11,13
347	49	76	TR16	2	Weekly	1,2,3,4,5,6,7,8,9,10,11,12,13
348	49	75	TR15	1	Weekly	1,2,3,4,5,6,7,8,9,10,11,12,13
349	49	72	TR17	29	Weekly	1,2,3,4,5,6,7,8,9,10,11,12,13
350	48	72	COMM	29	Odd	1,3,5,7,9,11,13
351	48	72	COMM	30	Odd	1,3,5,7,9,11,13
352	50	4	LT19	51	Weekly	1,2,3,4,5,6,7,8,9,10,11,12,13
353	48	78	COMM	47	Odd	1,3,5,7,9,11,13
354	48	78	COMM	48	Odd	1,3,5,7,9,11,13
355	48	77	COMM	43	Even	2,4,6,8,10,12
356	48	77	COMM	44	Even	2,4,6,8,10,12
357	49	71	TR18	22	Weekly	1,2,3,4,5,6,7,8,9,10,11,12,13
358	49	74	TR16	21	Weekly	1,2,3,4,5,6,7,8,9,10,11,12,13
359	48	75	COMM	21	Even	2,4,6,8,10,12
360	48	75	COMM	22	Even	2,4,6,8,10,12
361	49	80	TR17	19	Weekly	1,2,3,4,5,6,7,8,9,10,11,12,13
362	48	74	COMM	19	Odd	1,3,5,7,9,11,13
363	48	74	COMM	20	Odd	1,3,5,7,9,11,13
364	49	79	TR16	18	Weekly	1,2,3,4,5,6,7,8,9,10,11,12,13
365	48	73	COMM	17	Even	2,4,6,8,10,12
366	48	73	COMM	18	Even	2,4,6,8,10,12
367	49	60	TR16	65	Weekly	1,2,3,4,5,6,7,8,9,10,11,12,13
368	48	80	COMM	63	Odd	1,3,5,7,9,11,13
369	48	80	COMM	64	Odd	1,3,5,7,9,11,13
370	49	73	TR17	57	Weekly	1,2,3,4,5,6,7,8,9,10,11,12,13
371	48	79	COMM	59	Even	2,4,6,8,10,12
372	48	79	COMM	60	Even	2,4,6,8,10,12
373	50	4	LT19	61	Weekly	1,2,3,4,5,6,7,8,9,10,11,12,13
374	51	81	COMM	57	Odd	1,3,5,7,9,11,13
375	51	81	COMM	58	Odd	1,3,5,7,9,11,13
376	51	80	COMM	63	Even	2,4,6,8,10,12
377	51	80	COMM	64	Even	2,4,6,8,10,12
378	52	76	TR16	1	Weekly	1,2,3,4,5,6,7,8,9,10,11,12,13
379	52	80	TR17	18	Weekly	1,2,3,4,5,6,7,8,9,10,11,12,13
380	51	73	COMM	17	Odd	1,3,5,7,9,11,13
381	51	73	COMM	18	Odd	1,3,5,7,9,11,13
382	53	4	LT2A	9	Weekly	1,2,3,4,5,6,7,8,9,10,11,12,13
383	52	77	TR13	6	Weekly	1,2,3,4,5,6,7,8,9,10,11,12,13
384	52	78	TR17	5	Weekly	1,2,3,4,5,6,7,8,9,10,11,12,13
385	51	76	COMM	5	Even	2,4,6,8,10,12
386	51	76	COMM	6	Even	2,4,6,8,10,12
387	51	83	COMM	3	Even	2,4,6,8,10,12
388	51	83	COMM	4	Even	2,4,6,8,10,12
389	51	82	COMM	3	Odd	1,3,5,7,9,11,13
390	51	82	COMM	4	Odd	1,3,5,7,9,11,13
391	52	75	TR15	2	Weekly	1,2,3,4,5,6,7,8,9,10,11,12,13
392	52	81	TR11	51	Weekly	1,2,3,4,5,6,7,8,9,10,11,12,13
393	51	78	COMM	47	Even	2,4,6,8,10,12
394	51	78	COMM	48	Even	2,4,6,8,10,12
395	53	4	LT2A	46	Weekly	1,2,3,4,5,6,7,8,9,10,11,12,13
396	51	77	COMM	43	Odd	1,3,5,7,9,11,13
397	51	77	COMM	44	Odd	1,3,5,7,9,11,13
398	52	74	TR16	22	Weekly	1,2,3,4,5,6,7,8,9,10,11,12,13
399	52	71	TR18	21	Weekly	1,2,3,4,5,6,7,8,9,10,11,12,13
400	51	75	COMM	21	Odd	1,3,5,7,9,11,13
401	51	75	COMM	22	Odd	1,3,5,7,9,11,13
402	52	79	TR16	19	Weekly	1,2,3,4,5,6,7,8,9,10,11,12,13
403	51	74	COMM	19	Even	2,4,6,8,10,12
404	51	74	COMM	20	Even	2,4,6,8,10,12
405	53	4	LT2A	32	Weekly	1,2,3,4,5,6,7,8,9,10,11,12,13
406	52	72	TR17	30	Weekly	1,2,3,4,5,6,7,8,9,10,11,12,13
407	51	72	COMM	29	Even	2,4,6,8,10,12
408	51	72	COMM	30	Even	2,4,6,8,10,12
409	51	71	COMM	1	Even	2,4,6,8,10,12
410	51	71	COMM	2	Even	2,4,6,8,10,12
411	51	79	COMM	59	Odd	1,3,5,7,9,11,13
412	51	79	COMM	60	Odd	1,3,5,7,9,11,13
413	52	82	TR9	57	Weekly	1,2,3,4,5,6,7,8,9,10,11,12,13
414	52	73	TR17	58	Weekly	1,2,3,4,5,6,7,8,9,10,11,12,13
415	52	83	TR15	58	Weekly	1,2,3,4,5,6,7,8,9,10,11,12,13
416	54	59	DB	57	Even	2,4,6,8,10,12
417	54	59	DB	58	Even	2,4,6,8,10,12
418	55	83	TR15	57	Weekly	1,2,3,4,5,6,7,8,9,10,11,12,13
419	55	82	TR9	58	Weekly	1,2,3,4,5,6,7,8,9,10,11,12,13
420	55	73	TR17	59	Weekly	1,2,3,4,5,6,7,8,9,10,11,12,13
421	55	77	TR18	63	Weekly	1,2,3,4,5,6,7,8,9,10,11,12,13
422	54	73	DB	1	Even	2,4,6,8,10,12
423	54	73	DB	2	Even	2,4,6,8,10,12
424	54	82	DB	3	Even	2,4,6,8,10,12
425	54	82	DB	4	Even	2,4,6,8,10,12
426	54	74	DB	5	Odd	1,3,5,7,9,11,13
427	54	74	DB	6	Odd	1,3,5,7,9,11,13
428	56	4	LT2A	31	Weekly	1,2,3,4,5,6,7,8,9,10,11,12,13
429	55	59	TR11	29	Weekly	1,2,3,4,5,6,7,8,9,10,11,12,13
430	56	4	LT2A	50	Weekly	1,2,3,4,5,6,7,8,9,10,11,12,13
431	55	74	TR17	48	Weekly	1,2,3,4,5,6,7,8,9,10,11,12,13
432	55	72	TR18	47	Weekly	1,2,3,4,5,6,7,8,9,10,11,12,13
433	55	76	TR17	44	Weekly	1,2,3,4,5,6,7,8,9,10,11,12,13
434	55	78	TR13	43	Weekly	1,2,3,4,5,6,7,8,9,10,11,12,13
435	54	80	DB	43	Odd	1,3,5,7,9,11,13
436	54	80	DB	44	Odd	1,3,5,7,9,11,13
437	54	75	DB	43	Even	2,4,6,8,10,12
438	54	75	DB	44	Even	2,4,6,8,10,12
439	54	79	DB	21	Even	2,4,6,8,10,12
440	54	79	DB	22	Even	2,4,6,8,10,12
441	54	78	DB	21	Odd	1,3,5,7,9,11,13
442	54	78	DB	22	Odd	1,3,5,7,9,11,13
443	55	71	TR18	20	Weekly	1,2,3,4,5,6,7,8,9,10,11,12,13
444	54	77	DB	19	Even	2,4,6,8,10,12
445	54	77	DB	20	Even	2,4,6,8,10,12
446	54	76	DB	17	Even	2,4,6,8,10,12
447	54	76	DB	18	Even	2,4,6,8,10,12
448	56	4	LT2A	8	Weekly	1,2,3,4,5,6,7,8,9,10,11,12,13
449	55	80	TR18	6	Weekly	1,2,3,4,5,6,7,8,9,10,11,12,13
450	54	83	DB	3	Odd	1,3,5,7,9,11,13
451	54	83	DB	4	Odd	1,3,5,7,9,11,13
452	55	79	TR17	2	Weekly	1,2,3,4,5,6,7,8,9,10,11,12,13
453	55	75	TR13	64	Weekly	1,2,3,4,5,6,7,8,9,10,11,12,13
454	54	71	DB	63	Odd	1,3,5,7,9,11,13
455	54	71	DB	64	Odd	1,3,5,7,9,11,13
456	54	72	DB	59	Even	2,4,6,8,10,12
457	54	72	DB	60	Even	2,4,6,8,10,12
459	57	5	LT5	29	Weekly	1,2,3,4,5,6,7,8,9,10,11,12,13
460	57	5	LT5	7	Weekly	1,2,3,4,5,6,7,8,9,10,11,12,13
461	57	5	LT19	46	Weekly	1,2,3,4,5,6,7,8,9,10,11,12,13
462	58	5	LT19	47	Weekly	1,2,3,4,5,6,7,8,9,10,11,12,13
463	59	5	LT2A	66	Weekly	1,2,3,4,5,6,7,8,9,10,11,12,13
464	59	5	LT2A	23	Weekly	1,2,3,4,5,6,7,8,9,10,11,12,13
465	59	5	LT2A	24	Weekly	1,2,3,4,5,6,7,8,9,10,11,12,13
466	60	5	LT2A	67	Weekly	1,2,3,4,5,6,7,8,9,10,11,12,13
467	61	5	LT10	63	Weekly	1,2,3,4,5,6,7,8,9,10,11,12,13
468	61	5	LT10	15	Weekly	1,2,3,4,5,6,7,8,9,10,11,12,13
469	62	5	LT10	16	Weekly	1,2,3,4,5,6,7,8,9,10,11,12,13
470	61	5	LT3	45	Weekly	1,2,3,4,5,6,7,8,9,10,11,12,13
471	63	5	LT2A	62	Weekly	1,2,3,4,5,6,7,8,9,10,11,12,13
472	63	5	LT2A	18	Weekly	1,2,3,4,5,6,7,8,9,10,11,12,13
473	64	5	LT2A	17	Weekly	1,2,3,4,5,6,7,8,9,10,11,12,13
474	63	5	LT2A	6	Weekly	1,2,3,4,5,6,7,8,9,10,11,12,13
475	65	5	LT19	1	Weekly	1,2,3,4,5,6,7,8,9,10,11,12,13
476	65	5	LT19	22	Weekly	1,2,3,4,5,6,7,8,9,10,11,12,13
477	66	5	LT19	55	Weekly	1,2,3,4,5,6,7,8,9,10,11,12,13
478	65	5	LT19	54	Weekly	1,2,3,4,5,6,7,8,9,10,11,12,13
479	67	5	LT10	21	Weekly	1,2,3,4,5,6,7,8,9,10,11,12,13
480	68	5	LT8	27	Weekly	1,2,3,4,5,6,7,8,9,10,11,12,13
481	69	63	CL2	3	Odd	1,3,5,7,9,11,13
482	69	63	CL2	4	Odd	1,3,5,7,9,11,13
483	70	63	TR18	16	Weekly	1,2,3,4,5,6,7,8,9,10,11,12,13
484	71	5	LT8	29	Weekly	1,2,3,4,5,6,7,8,9,10,11,12,13
485	70	65	TR19	31	Weekly	1,2,3,4,5,6,7,8,9,10,11,12,13
486	70	5	LT7	30	Weekly	1,2,3,4,5,6,7,8,9,10,11,12,13
487	71	5	LT8	43	Weekly	1,2,3,4,5,6,7,8,9,10,11,12,13
488	70	64	TR19	15	Weekly	1,2,3,4,5,6,7,8,9,10,11,12,13
489	69	64	CL2	3	Even	2,4,6,8,10,12
490	69	64	CL2	4	Even	2,4,6,8,10,12
491	71	5	LT8	7	Weekly	1,2,3,4,5,6,7,8,9,10,11,12,13
492	69	65	CL2	8	Odd	1,3,5,7,9,11,13
493	69	65	CL2	9	Odd	1,3,5,7,9,11,13
494	72	5	LT2A	10	Weekly	1,2,3,4,5,6,7,8,9,10,11,12,13
495	72	5	LT2A	11	Weekly	1,2,3,4,5,6,7,8,9,10,11,12,13
496	73	5	LT2A	53	Weekly	1,2,3,4,5,6,7,8,9,10,11,12,13
497	72	5	LT2A	52	Weekly	1,2,3,4,5,6,7,8,9,10,11,12,13
498	74	5	LT4	36	Weekly	1,2,3,4,5,6,7,8,9,10,11,12,13
499	75	5	LT19	39	Weekly	1,2,3,4,5,6,7,8,9,10,11,12,13
500	75	5	LT19	41	Weekly	1,2,3,4,5,6,7,8,9,10,11,12,13
501	75	5	LT19	40	Weekly	1,2,3,4,5,6,7,8,9,10,11,12,13
502	76	5	LT8	60	Weekly	1,2,3,4,5,6,7,8,9,10,11,12,13
503	76	5	LT4	35	Weekly	1,2,3,4,5,6,7,8,9,10,11,12,13
504	76	5	LT19	4	Weekly	1,2,3,4,5,6,7,8,9,10,11,12,13
505	77	5	LT8	61	Weekly	1,2,3,4,5,6,7,8,9,10,11,12,13
506	78	5	LT8	2	Weekly	1,2,3,4,5,6,7,8,9,10,11,12,13
507	78	5	LT8	44	Weekly	1,2,3,4,5,6,7,8,9,10,11,12,13
508	78	5	LT2A	20	Weekly	1,2,3,4,5,6,7,8,9,10,11,12,13
509	79	5	LT8	3	Weekly	1,2,3,4,5,6,7,8,9,10,11,12,13
510	80	5	LT8	8	Weekly	1,2,3,4,5,6,7,8,9,10,11,12,13
511	81	5	LT8	9	Weekly	1,2,3,4,5,6,7,8,9,10,11,12,13
512	80	5	LT8	33	Weekly	1,2,3,4,5,6,7,8,9,10,11,12,13
513	80	5	LT19	50	Weekly	1,2,3,4,5,6,7,8,9,10,11,12,13
514	82	5	LT2A	64	Weekly	1,2,3,4,5,6,7,8,9,10,11,12,13
515	83	5	LT2A	65	Weekly	1,2,3,4,5,6,7,8,9,10,11,12,13
516	82	5	LT2A	19	Weekly	1,2,3,4,5,6,7,8,9,10,11,12,13
517	82	5	LT2A	5	Weekly	1,2,3,4,5,6,7,8,9,10,11,12,13
518	84	5	LT8	25	Weekly	1,2,3,4,5,6,7,8,9,10,11,12,13
519	84	5	LT19	38	Weekly	1,2,3,4,5,6,7,8,9,10,11,12,13
520	84	5	LT19	37	Weekly	1,2,3,4,5,6,7,8,9,10,11,12,13
521	85	5	LT8	26	Weekly	1,2,3,4,5,6,7,8,9,10,11,12,13
522	86	47	LT6	61	Weekly	1,2,3,4,5,6,7,8,9,10,11,12,13
523	86	47	LT6	62	Weekly	1,2,3,4,5,6,7,8,9,10,11,12,13
524	86	47	LT6	17	Weekly	1,2,3,4,5,6,7,8,9,10,11,12,13
525	87	34	TR19	59	Weekly	1,2,3,4,5,6,7,8,9,10,11,12,13
526	87	35	TR12	15	Weekly	1,2,3,4,5,6,7,8,9,10,11,12,13
527	87	37	TR12	20	Weekly	1,2,3,4,5,6,7,8,9,10,11,12,13
528	87	32	TR18	30	Weekly	1,2,3,4,5,6,7,8,9,10,11,12,13
529	87	36	TR12	47	Weekly	1,2,3,4,5,6,7,8,9,10,11,12,13
530	88	6	LT8	45	Weekly	1,2,3,4,5,6,7,8,9,10,11,12,13
531	87	11	TR10	43	Weekly	1,2,3,4,5,6,7,8,9,10,11,12,13
532	88	6	LT8	22	Weekly	1,2,3,4,5,6,7,8,9,10,11,12,13
533	87	33	TR15	18	Weekly	1,2,3,4,5,6,7,8,9,10,11,12,13
534	87	121	TR18	4	Weekly	1,2,3,4,5,6,7,8,9,10,11,12,13
535	87	38	TR12	62	Weekly	1,2,3,4,5,6,7,8,9,10,11,12,13
536	88	6	LT8	64	Weekly	1,2,3,4,5,6,7,8,9,10,11,12,13
537	89	34	TR19	57	Weekly	1,2,3,4,5,6,7,8,9,10,11,12,13
538	89	11	TR10	58	Weekly	1,2,3,4,5,6,7,8,9,10,11,12,13
539	91	6	LT2A	3	Weekly	1,2,3,4,5,6,7,8,9,10,11,12,13
540	89	121	TR10	8	Weekly	1,2,3,4,5,6,7,8,9,10,11,12,13
541	89	32	TR14	18	Weekly	1,2,3,4,5,6,7,8,9,10,11,12,13
542	91	6	LT2A	44	Weekly	1,2,3,4,5,6,7,8,9,10,11,12,13
543	90	32	CL1	47	Weekly	1,2,3,4,5,6,7,8,9,10,11,12,13
544	90	32	CL1	48	Weekly	1,2,3,4,5,6,7,8,9,10,11,12,13
545	89	10	TR8	30	Weekly	1,2,3,4,5,6,7,8,9,10,11,12,13
546	90	34	CL1	49	Weekly	1,2,3,4,5,6,7,8,9,10,11,12,13
547	90	34	CL1	50	Weekly	1,2,3,4,5,6,7,8,9,10,11,12,13
548	90	33	CL1	47	Weekly	1,2,3,4,5,6,7,8,9,10,11,12,13
549	90	33	CL1	48	Weekly	1,2,3,4,5,6,7,8,9,10,11,12,13
550	90	121	CL1	47	Weekly	1,2,3,4,5,6,7,8,9,10,11,12,13
551	90	121	CL1	48	Weekly	1,2,3,4,5,6,7,8,9,10,11,12,13
552	91	6	LT2	23	Weekly	1,2,3,4,5,6,7,8,9,10,11,12,13
553	89	33	TR15	17	Weekly	1,2,3,4,5,6,7,8,9,10,11,12,13
554	90	11	CL1	5	Weekly	1,2,3,4,5,6,7,8,9,10,11,12,13
555	90	11	CL1	6	Weekly	1,2,3,4,5,6,7,8,9,10,11,12,13
556	92	11	TR10	57	Weekly	1,2,3,4,5,6,7,8,9,10,11,12,13
557	92	32	TR18	31	Weekly	1,2,3,4,5,6,7,8,9,10,11,12,13
558	92	33	TR19	30	Weekly	1,2,3,4,5,6,7,8,9,10,11,12,13
559	93	6	LT2A	29	Weekly	1,2,3,4,5,6,7,8,9,10,11,12,13
560	92	37	TR19	46	Weekly	1,2,3,4,5,6,7,8,9,10,11,12,13
561	92	121	TR19	17	Weekly	1,2,3,4,5,6,7,8,9,10,11,12,13
562	92	36	TR18	9	Weekly	1,2,3,4,5,6,7,8,9,10,11,12,13
563	93	6	LT2A	7	Weekly	1,2,3,4,5,6,7,8,9,10,11,12,13
564	92	38	TR19	58	Weekly	1,2,3,4,5,6,7,8,9,10,11,12,13
565	93	6	LT2A	63	Weekly	1,2,3,4,5,6,7,8,9,10,11,12,13
566	92	34	TR19	58	Weekly	1,2,3,4,5,6,7,8,9,10,11,12,13
567	92	35	TR10	6	Weekly	1,2,3,4,5,6,7,8,9,10,11,12,13
568	94	121	DIG	57	Odd	1,3,5,7,9,11,13
569	94	121	DIG	58	Odd	1,3,5,7,9,11,13
570	95	35	TR14	60	Weekly	1,2,3,4,5,6,7,8,9,10,11,12,13
571	94	37	DIG	1	Odd	1,3,5,7,9,11,13
572	94	37	DIG	2	Odd	1,3,5,7,9,11,13
573	96	6	LT8	18	Weekly	1,2,3,4,5,6,7,8,9,10,11,12,13
574	94	35	DIG	46	Odd	1,3,5,7,9,11,13
575	94	35	DIG	47	Odd	1,3,5,7,9,11,13
576	96	6	LT4	32	Weekly	1,2,3,4,5,6,7,8,9,10,11,12,13
577	95	121	TR12	31	Weekly	1,2,3,4,5,6,7,8,9,10,11,12,13
578	96	6	LT8	49	Weekly	1,2,3,4,5,6,7,8,9,10,11,12,13
579	94	38	DIG	46	Even	2,4,6,8,10,12
580	94	38	DIG	47	Even	2,4,6,8,10,12
581	95	38	TR14	43	Weekly	1,2,3,4,5,6,7,8,9,10,11,12,13
582	95	37	TR12	8	Weekly	1,2,3,4,5,6,7,8,9,10,11,12,13
583	94	36	DIG	1	Even	2,4,6,8,10,12
584	94	36	DIG	2	Even	2,4,6,8,10,12
585	95	36	TR15	59	Weekly	1,2,3,4,5,6,7,8,9,10,11,12,13
586	97	35	TR14	59	Weekly	1,2,3,4,5,6,7,8,9,10,11,12,13
587	97	37	TR16	61	Weekly	1,2,3,4,5,6,7,8,9,10,11,12,13
588	97	36	TR15	60	Weekly	1,2,3,4,5,6,7,8,9,10,11,12,13
589	97	38	TR17	16	Weekly	1,2,3,4,5,6,7,8,9,10,11,12,13
590	98	36	CL1	43	Weekly	1,2,3,4,5,6,7,8,9,10,11,12,13
591	98	36	CL1	44	Weekly	1,2,3,4,5,6,7,8,9,10,11,12,13
592	99	6	LT8	50	Weekly	1,2,3,4,5,6,7,8,9,10,11,12,13
593	98	35	CL1	35	Weekly	1,2,3,4,5,6,7,8,9,10,11,12,13
594	98	35	CL1	36	Weekly	1,2,3,4,5,6,7,8,9,10,11,12,13
595	98	38	CL1	35	Weekly	1,2,3,4,5,6,7,8,9,10,11,12,13
596	98	38	CL1	36	Weekly	1,2,3,4,5,6,7,8,9,10,11,12,13
597	99	6	LT4	31	Weekly	1,2,3,4,5,6,7,8,9,10,11,12,13
598	98	37	CL1	43	Weekly	1,2,3,4,5,6,7,8,9,10,11,12,13
599	98	37	CL1	44	Weekly	1,2,3,4,5,6,7,8,9,10,11,12,13
600	99	6	LT8	17	Weekly	1,2,3,4,5,6,7,8,9,10,11,12,13
601	100	36	TR19	3	Weekly	1,2,3,4,5,6,7,8,9,10,11,12,13
602	100	35	TR12	5	Weekly	1,2,3,4,5,6,7,8,9,10,11,12,13
603	100	38	TR12	21	Weekly	1,2,3,4,5,6,7,8,9,10,11,12,13
604	100	37	TR12	30	Weekly	1,2,3,4,5,6,7,8,9,10,11,12,13
605	101	6	LT8	48	Weekly	1,2,3,4,5,6,7,8,9,10,11,12,13
606	101	6	LT9	19	Weekly	1,2,3,4,5,6,7,8,9,10,11,12,13
607	101	6	LT8	4	Weekly	1,2,3,4,5,6,7,8,9,10,11,12,13
608	102	9	LT19	58	Weekly	1,2,3,4,5,6,7,8,9,10,11,12,13
609	102	9	LT4	3	Weekly	1,2,3,4,5,6,7,8,9,10,11,12,13
610	102	9	LT4	2	Weekly	1,2,3,4,5,6,7,8,9,10,11,12,13
611	103	66	TR18	58	Weekly	1,2,3,4,5,6,7,8,9,10,11,12,13
612	104	7	LT2A	45	Weekly	1,2,3,4,5,6,7,8,9,10,11,12,13
613	103	69	TR14	49	Weekly	1,2,3,4,5,6,7,8,9,10,11,12,13
614	104	7	LT2A	30	Weekly	1,2,3,4,5,6,7,8,9,10,11,12,13
615	103	67	TR14	49	Weekly	1,2,3,4,5,6,7,8,9,10,11,12,13
616	103	78	TR13	44	Weekly	1,2,3,4,5,6,7,8,9,10,11,12,13
617	103	84	TR24	60	Weekly	1,2,3,4,5,6,7,8,9,10,11,12,13
618	103	85	TR19	2	Weekly	1,2,3,4,5,6,7,8,9,10,11,12,13
619	103	68	TR18	3	Weekly	1,2,3,4,5,6,7,8,9,10,11,12,13
620	105	63	CE	57	Odd	1,3,5,7,9,11,13
621	105	63	CE	58	Odd	1,3,5,7,9,11,13
622	107	64	TR16	45	Weekly	1,2,3,4,5,6,7,8,9,10,11,12,13
623	107	119	TR14	51	Weekly	1,2,3,4,5,6,7,8,9,10,11,12,13
624	106	7	LT2A	47	Weekly	1,2,3,4,5,6,7,8,9,10,11,12,13
625	107	63	TR14	44	Weekly	1,2,3,4,5,6,7,8,9,10,11,12,13
626	106	7	LT2A	59	Weekly	1,2,3,4,5,6,7,8,9,10,11,12,13
627	105	13	CE	4	Odd	1,3,5,7,9,11,13
628	105	13	CE	5	Odd	1,3,5,7,9,11,13
629	106	7	LT2A	21	Weekly	1,2,3,4,5,6,7,8,9,10,11,12,13
630	105	119	CE	7	Odd	1,3,5,7,9,11,13
631	105	119	CE	8	Odd	1,3,5,7,9,11,13
632	105	64	CE	57	Even	2,4,6,8,10,12
633	105	64	CE	58	Even	2,4,6,8,10,12
634	108	119	TR16	57	Weekly	1,2,3,4,5,6,7,8,9,10,11,12,13
635	108	63	TR14	45	Weekly	1,2,3,4,5,6,7,8,9,10,11,12,13
636	109	7	LT8	63	Weekly	1,2,3,4,5,6,7,8,9,10,11,12,13
637	109	7	LT8	6	Weekly	1,2,3,4,5,6,7,8,9,10,11,12,13
638	109	7	LT8	19	Weekly	1,2,3,4,5,6,7,8,9,10,11,12,13
639	108	64	TR16	44	Weekly	1,2,3,4,5,6,7,8,9,10,11,12,13
640	108	13	TR16	44	Weekly	1,2,3,4,5,6,7,8,9,10,11,12,13
641	108	69	TR16	57	Weekly	1,2,3,4,5,6,7,8,9,10,11,12,13
642	108	65	TR16	57	Weekly	1,2,3,4,5,6,7,8,9,10,11,12,13
643	110	63	MS	57	Even	2,4,6,8,10,12
644	110	63	MS	58	Even	2,4,6,8,10,12
645	111	7	LT2A	60	Weekly	1,2,3,4,5,6,7,8,9,10,11,12,13
646	112	119	TR14	65	Weekly	1,2,3,4,5,6,7,8,9,10,11,12,13
647	110	119	MS	4	Odd	1,3,5,7,9,11,13
648	110	119	MS	5	Odd	1,3,5,7,9,11,13
649	112	63	TR18	15	Weekly	1,2,3,4,5,6,7,8,9,10,11,12,13
650	112	69	TR19	16	Weekly	1,2,3,4,5,6,7,8,9,10,11,12,13
651	110	69	MS	31	Even	2,4,6,8,10,12
652	110	69	MS	32	Even	2,4,6,8,10,12
653	111	7	LT2A	22	Weekly	1,2,3,4,5,6,7,8,9,10,11,12,13
654	112	64	TR19	16	Weekly	1,2,3,4,5,6,7,8,9,10,11,12,13
655	110	65	MS	15	Even	2,4,6,8,10,12
656	110	65	MS	16	Even	2,4,6,8,10,12
657	111	7	LT2A	1	Weekly	1,2,3,4,5,6,7,8,9,10,11,12,13
658	110	64	MS	57	Odd	1,3,5,7,9,11,13
659	110	64	MS	58	Odd	1,3,5,7,9,11,13
660	112	65	TR16	58	Weekly	1,2,3,4,5,6,7,8,9,10,11,12,13
661	113	63	CL2	3	Odd	1,3,5,7,9,11,13
662	113	63	CL2	4	Odd	1,3,5,7,9,11,13
663	115	7	LT8	29	Weekly	1,2,3,4,5,6,7,8,9,10,11,12,13
664	114	65	TR19	31	Weekly	1,2,3,4,5,6,7,8,9,10,11,12,13
665	115	7	LT8	43	Weekly	1,2,3,4,5,6,7,8,9,10,11,12,13
666	115	7	LT8	7	Weekly	1,2,3,4,5,6,7,8,9,10,11,12,13
667	113	65	CL2	8	Odd	1,3,5,7,9,11,13
668	113	65	CL2	9	Odd	1,3,5,7,9,11,13
669	114	63	TR18	16	Weekly	1,2,3,4,5,6,7,8,9,10,11,12,13
670	114	64	TR19	15	Weekly	1,2,3,4,5,6,7,8,9,10,11,12,13
671	113	64	CL2	3	Even	2,4,6,8,10,12
672	113	64	CL2	4	Even	2,4,6,8,10,12
673	116	66	CL2	59	Even	2,4,6,8,10,12
674	116	66	CL2	60	Even	2,4,6,8,10,12
675	118	7	LT19	44	Weekly	1,2,3,4,5,6,7,8,9,10,11,12,13
676	116	68	CL2	29	Even	2,4,6,8,10,12
677	116	68	CL2	30	Even	2,4,6,8,10,12
678	116	67	CL2	29	Odd	1,3,5,7,9,11,13
679	116	67	CL2	30	Odd	1,3,5,7,9,11,13
680	117	70	TR18	45	Weekly	1,2,3,4,5,6,7,8,9,10,11,12,13
681	117	68	TR19	22	Weekly	1,2,3,4,5,6,7,8,9,10,11,12,13
682	118	7	LT19	2	Weekly	1,2,3,4,5,6,7,8,9,10,11,12,13
683	116	70	CL2	15	Even	2,4,6,8,10,12
684	116	70	CL2	16	Even	2,4,6,8,10,12
685	118	7	LT19	20	Weekly	1,2,3,4,5,6,7,8,9,10,11,12,13
686	117	67	TR13	21	Weekly	1,2,3,4,5,6,7,8,9,10,11,12,13
687	117	88	TR12	3	Weekly	1,2,3,4,5,6,7,8,9,10,11,12,13
688	117	66	TR14	1	Weekly	1,2,3,4,5,6,7,8,9,10,11,12,13
689	119	7	LT2A	8	Weekly	1,2,3,4,5,6,7,8,9,10,11,12,13
690	120	70	DB	47	Odd	1,3,5,7,9,11,13
691	120	70	DB	48	Odd	1,3,5,7,9,11,13
692	120	67	DB	29	Even	2,4,6,8,10,12
693	120	67	DB	30	Even	2,4,6,8,10,12
694	119	7	LT2A	31	Weekly	1,2,3,4,5,6,7,8,9,10,11,12,13
695	121	70	TR12	32	Weekly	1,2,3,4,5,6,7,8,9,10,11,12,13
696	121	66	TR11	32	Weekly	1,2,3,4,5,6,7,8,9,10,11,12,13
697	120	68	DB	29	Odd	1,3,5,7,9,11,13
698	120	68	DB	30	Odd	1,3,5,7,9,11,13
699	119	7	LT2A	50	Weekly	1,2,3,4,5,6,7,8,9,10,11,12,13
700	120	66	DB	47	Even	2,4,6,8,10,12
701	120	66	DB	48	Even	2,4,6,8,10,12
702	121	68	TR19	21	Weekly	1,2,3,4,5,6,7,8,9,10,11,12,13
703	121	67	TR13	22	Weekly	1,2,3,4,5,6,7,8,9,10,11,12,13
704	122	65	TR18	2	Weekly	1,2,3,4,5,6,7,8,9,10,11,12,13
705	124	7	LT10	49	Weekly	1,2,3,4,5,6,7,8,9,10,11,12,13
706	123	65	SWE	15	Odd	1,3,5,7,9,11,13
707	123	65	SWE	16	Odd	1,3,5,7,9,11,13
708	123	70	SWE	15	Even	2,4,6,8,10,12
709	123	70	SWE	16	Even	2,4,6,8,10,12
710	122	70	TR19	18	Weekly	1,2,3,4,5,6,7,8,9,10,11,12,13
711	124	7	LT10	17	Weekly	1,2,3,4,5,6,7,8,9,10,11,12,13
712	124	7	LT10	3	Weekly	1,2,3,4,5,6,7,8,9,10,11,12,13
713	125	8	LT2A	64	Weekly	1,2,3,4,5,6,7,8,9,10,11,12,13
714	125	8	LT2A	19	Weekly	1,2,3,4,5,6,7,8,9,10,11,12,13
715	126	84	TR19	44	Weekly	1,2,3,4,5,6,7,8,9,10,11,12,13
716	126	87	TR17	17	Weekly	1,2,3,4,5,6,7,8,9,10,11,12,13
717	126	85	TR19	1	Weekly	1,2,3,4,5,6,7,8,9,10,11,12,13
718	126	120	TR17	3	Weekly	1,2,3,4,5,6,7,8,9,10,11,12,13
719	125	8	LT2A	5	Weekly	1,2,3,4,5,6,7,8,9,10,11,12,13
720	126	66	TR18	65	Weekly	1,2,3,4,5,6,7,8,9,10,11,12,13
721	128	120	TR14	58	Weekly	1,2,3,4,5,6,7,8,9,10,11,12,13
722	128	85	TR12	48	Weekly	1,2,3,4,5,6,7,8,9,10,11,12,13
723	128	86	TR13	50	Weekly	1,2,3,4,5,6,7,8,9,10,11,12,13
724	129	86	CL1	31	Weekly	1,2,3,4,5,6,7,8,9,10,11,12,13
725	129	86	CL1	32	Weekly	1,2,3,4,5,6,7,8,9,10,11,12,13
726	127	8	LT8	51	Weekly	1,2,3,4,5,6,7,8,9,10,11,12,13
727	128	84	TR11	49	Weekly	1,2,3,4,5,6,7,8,9,10,11,12,13
728	129	85	CL1	21	Weekly	1,2,3,4,5,6,7,8,9,10,11,12,13
729	129	85	CL1	22	Weekly	1,2,3,4,5,6,7,8,9,10,11,12,13
730	129	120	CL1	1	Weekly	1,2,3,4,5,6,7,8,9,10,11,12,13
731	129	120	CL1	2	Weekly	1,2,3,4,5,6,7,8,9,10,11,12,13
732	127	8	LT8	16	Weekly	1,2,3,4,5,6,7,8,9,10,11,12,13
733	129	84	CL1	21	Weekly	1,2,3,4,5,6,7,8,9,10,11,12,13
734	129	84	CL1	22	Weekly	1,2,3,4,5,6,7,8,9,10,11,12,13
735	127	8	LT10	59	Weekly	1,2,3,4,5,6,7,8,9,10,11,12,13
736	130	8	LT10	57	Weekly	1,2,3,4,5,6,7,8,9,10,11,12,13
737	132	66	TR14	29	Weekly	1,2,3,4,5,6,7,8,9,10,11,12,13
738	132	85	TR12	49	Weekly	1,2,3,4,5,6,7,8,9,10,11,12,13
739	132	84	TR11	48	Weekly	1,2,3,4,5,6,7,8,9,10,11,12,13
740	130	8	LT8	15	Weekly	1,2,3,4,5,6,7,8,9,10,11,12,13
741	132	67	TR18	17	Weekly	1,2,3,4,5,6,7,8,9,10,11,12,13
742	131	85	SWE	43	Odd	1,3,5,7,9,11,13
743	131	85	SWE	44	Odd	1,3,5,7,9,11,13
744	131	66	SWE	47	Even	2,4,6,8,10,12
745	131	66	SWE	48	Even	2,4,6,8,10,12
746	130	8	LT8	46	Weekly	1,2,3,4,5,6,7,8,9,10,11,12,13
747	131	84	SWE	1	Even	2,4,6,8,10,12
748	131	84	SWE	2	Even	2,4,6,8,10,12
749	131	67	SWE	63	Even	2,4,6,8,10,12
750	131	67	SWE	64	Even	2,4,6,8,10,12
751	133	8	LT2A	62	Weekly	1,2,3,4,5,6,7,8,9,10,11,12,13
752	134	120	TR17	15	Weekly	1,2,3,4,5,6,7,8,9,10,11,12,13
753	133	8	LT2A	18	Weekly	1,2,3,4,5,6,7,8,9,10,11,12,13
754	134	68	TR15	49	Weekly	1,2,3,4,5,6,7,8,9,10,11,12,13
755	134	84	TR19	43	Weekly	1,2,3,4,5,6,7,8,9,10,11,12,13
756	134	66	TR14	17	Weekly	1,2,3,4,5,6,7,8,9,10,11,12,13
757	134	67	TR15	7	Weekly	1,2,3,4,5,6,7,8,9,10,11,12,13
758	134	88	TR17	63	Weekly	1,2,3,4,5,6,7,8,9,10,11,12,13
759	133	8	LT2A	6	Weekly	1,2,3,4,5,6,7,8,9,10,11,12,13
760	136	47	LT19	69	Weekly	1,2,3,4,5,6,7,8,9,10,11,12,13
761	135	9	LT5	29	Weekly	1,2,3,4,5,6,7,8,9,10,11,12,13
762	135	9	LT5	7	Weekly	1,2,3,4,5,6,7,8,9,10,11,12,13
763	136	9	LT19	47	Weekly	1,2,3,4,5,6,7,8,9,10,11,12,13
764	135	9	LT19	46	Weekly	1,2,3,4,5,6,7,8,9,10,11,12,13
765	137	9	LT2A	66	Weekly	1,2,3,4,5,6,7,8,9,10,11,12,13
766	137	9	LT2A	24	Weekly	1,2,3,4,5,6,7,8,9,10,11,12,13
767	138	9	LT2A	67	Weekly	1,2,3,4,5,6,7,8,9,10,11,12,13
768	137	9	LT2A	23	Weekly	1,2,3,4,5,6,7,8,9,10,11,12,13
769	139	9	LT19	1	Weekly	1,2,3,4,5,6,7,8,9,10,11,12,13
770	139	9	LT19	54	Weekly	1,2,3,4,5,6,7,8,9,10,11,12,13
771	140	9	LT19	55	Weekly	1,2,3,4,5,6,7,8,9,10,11,12,13
772	139	9	LT19	22	Weekly	1,2,3,4,5,6,7,8,9,10,11,12,13
773	141	9	LT10	21	Weekly	1,2,3,4,5,6,7,8,9,10,11,12,13
774	142	9	LT8	27	Weekly	1,2,3,4,5,6,7,8,9,10,11,12,13
775	143	9	LT2A	10	Weekly	1,2,3,4,5,6,7,8,9,10,11,12,13
776	144	9	LT2A	53	Weekly	1,2,3,4,5,6,7,8,9,10,11,12,13
777	143	9	LT2A	11	Weekly	1,2,3,4,5,6,7,8,9,10,11,12,13
778	143	9	LT2A	52	Weekly	1,2,3,4,5,6,7,8,9,10,11,12,13
779	145	9	LT4	36	Weekly	1,2,3,4,5,6,7,8,9,10,11,12,13
780	146	9	LT19	40	Weekly	1,2,3,4,5,6,7,8,9,10,11,12,13
781	146	9	LT19	41	Weekly	1,2,3,4,5,6,7,8,9,10,11,12,13
782	146	9	LT19	39	Weekly	1,2,3,4,5,6,7,8,9,10,11,12,13
783	147	9	LT12	63	Weekly	1,2,3,4,5,6,7,8,9,10,11,12,13
784	147	9	LT13	15	Weekly	1,2,3,4,5,6,7,8,9,10,11,12,13
785	148	9	LT13	16	Weekly	1,2,3,4,5,6,7,8,9,10,11,12,13
786	147	9	LT12	43	Weekly	1,2,3,4,5,6,7,8,9,10,11,12,13
787	149	9	LT8	60	Weekly	1,2,3,4,5,6,7,8,9,10,11,12,13
788	149	9	LT4	35	Weekly	1,2,3,4,5,6,7,8,9,10,11,12,13
789	150	9	LT8	61	Weekly	1,2,3,4,5,6,7,8,9,10,11,12,13
790	149	9	LT19	4	Weekly	1,2,3,4,5,6,7,8,9,10,11,12,13
791	151	9	LT8	2	Weekly	1,2,3,4,5,6,7,8,9,10,11,12,13
792	151	9	LT2A	20	Weekly	1,2,3,4,5,6,7,8,9,10,11,12,13
793	151	9	LT8	44	Weekly	1,2,3,4,5,6,7,8,9,10,11,12,13
794	152	9	LT8	3	Weekly	1,2,3,4,5,6,7,8,9,10,11,12,13
795	161	99	TR11	10	Weekly	1,2,3,4,5,6,7,8,9,10,11,12,13
796	161	101	TR12	65	Weekly	1,2,3,4,5,6,7,8,9,10,11,12,13
797	161	104	TR13	10	Weekly	1,2,3,4,5,6,7,8,9,10,11,12,13
798	161	106	TR12	24	Weekly	1,2,3,4,5,6,7,8,9,10,11,12,13
799	161	108	TR11	52	Weekly	1,2,3,4,5,6,7,8,9,10,11,12,13
800	160	99	LKCLT	10	Weekly	1,2,3,4,5,6,7,8,9,10,11,12,13
801	161	100	TR11	65	Weekly	1,2,3,4,5,6,7,8,9,10,11,12,13
802	161	110	TR13	52	Weekly	1,2,3,4,5,6,7,8,9,10,11,12,13
803	160	99	LKCLT	9	Weekly	1,2,3,4,5,6,7,8,9,10,11,12,13
804	161	103	TR12	10	Weekly	1,2,3,4,5,6,7,8,9,10,11,12,13
805	161	105	TR11	24	Weekly	1,2,3,4,5,6,7,8,9,10,11,12,13
806	161	107	TR13	24	Weekly	1,2,3,4,5,6,7,8,9,10,11,12,13
807	161	109	TR12	52	Weekly	1,2,3,4,5,6,7,8,9,10,11,12,13
808	160	103	LKCLT	52	Weekly	1,2,3,4,5,6,7,8,9,10,11,12,13
809	160	103	LKCLT	51	Weekly	1,2,3,4,5,6,7,8,9,10,11,12,13
810	161	102	TR13	65	Weekly	1,2,3,4,5,6,7,8,9,10,11,12,13
811	163	103	MM2	1	Weekly	1,2,3,4,5,6,7,8,9,10,11,12,13
812	163	105	MM2	45	Weekly	1,2,3,4,5,6,7,8,9,10,11,12,13
813	163	107	MM2	6	Weekly	1,2,3,4,5,6,7,8,9,10,11,12,13
814	163	99	MM2	59	Weekly	1,2,3,4,5,6,7,8,9,10,11,12,13
815	162	99	LT19A	16	Weekly	1,2,3,4,5,6,7,8,9,10,11,12,13
816	163	104	MM2	30	Weekly	1,2,3,4,5,6,7,8,9,10,11,12,13
817	163	106	MM2	5	Weekly	1,2,3,4,5,6,7,8,9,10,11,12,13
818	163	108	MM2	46	Weekly	1,2,3,4,5,6,7,8,9,10,11,12,13
819	164	99	MM3	45	Weekly	1,2,3,4,5,6,7,8,9,10,11,12,13
820	166	103	CSKL3	9	Even	2,4,6,8,10,12
821	166	105	CSKL3	30	Even	2,4,6,8,10,12
822	166	107	CSKL3	49	Even	2,4,6,8,10,12
823	166	99	CSKL3	9	Odd	1,3,5,7,9,11,13
824	166	103	CSKL3	8	Even	2,4,6,8,10,12
825	166	105	CSKL3	29	Even	2,4,6,8,10,12
826	166	107	CSKL3	48	Even	2,4,6,8,10,12
827	166	109	CSKL3	60	Even	2,4,6,8,10,12
828	166	99	CSKL3	8	Odd	1,3,5,7,9,11,13
829	166	109	CSKL3	59	Even	2,4,6,8,10,12
830	165	99	LT3	21	Weekly	1,2,3,4,5,6,7,8,9,10,11,12,13
831	166	104	CSKL3	30	Odd	1,3,5,7,9,11,13
832	166	106	CSKL3	49	Odd	1,3,5,7,9,11,13
833	166	108	CSKL3	60	Odd	1,3,5,7,9,11,13
834	166	104	CSKL3	29	Odd	1,3,5,7,9,11,13
835	166	106	CSKL3	48	Odd	1,3,5,7,9,11,13
836	166	108	CSKL3	59	Odd	1,3,5,7,9,11,13
