1	201	31	CL1	33	Weekly	1,2,3,4,5,6,7,8,9,10,11,12,13
2	193	31	LT10	33	Weekly	1,2,3,4,5,6,7,8,9,10,11,12,13
3	201	31	CL1	34	Weekly	1,2,3,4,5,6,7,8,9,10,11,12,13
4	193	31	LT10	34	Weekly	1,2,3,4,5,6,7,8,9,10,11,12,13
5	193	31	LT10	37	Weekly	1,2,3,4,5,6,7,8,9,10,11,12,13
6	193	31	LT10	36	Weekly	1,2,3,4,5,6,7,8,9,10,11,12,13
7	193	31	LT10	35	Weekly	1,2,3,4,5,6,7,8,9,10,11,12,13
8	4	21	TR11	3	Weekly	1,2,3,4,5,6,7,8,9,10,11,12,13
9	3	3	LT10	4	Weekly	1,2,3,4,5,6,7,8,9,10,11,12,13
10	5	21	ELE	15	Even	2,4,6,8,10,12
11	5	21	ELE	16	Even	2,4,6,8,10,12
12	3	3	LT10	21	Weekly	1,2,3,4,5,6,7,8,9,10,11,12,13
13	3	3	LT12	33	Weekly	1,2,3,4,5,6,7,8,9,10,11,12,13
14	6	3	LT10	58	Weekly	1,2,3,4,5,6,7,8,9,10,11,12,13
15	8	21	CL1	62	Weekly	1,2,3,4,5,6,7,8,9,10,11,12,13
16	8	21	CL1	63	Weekly	1,2,3,4,5,6,7,8,9,10,11,12,13
17	6	3	LT9	23	Weekly	1,2,3,4,5,6,7,8,9,10,11,12,13
18	7	21	TR11	43	Weekly	1,2,3,4,5,6,7,8,9,10,11,12,13
19	6	3	LT10	44	Weekly	1,2,3,4,5,6,7,8,9,10,11,12,13
20	9	3	LT11	60	Weekly	1,2,3,4,5,6,7,8,9,10,11,12,13
21	9	3	LT11	5	Weekly	1,2,3,4,5,6,7,8,9,10,11,12,13
22	9	3	LT11	31	Weekly	1,2,3,4,5,6,7,8,9,10,11,12,13
23	10	21	TR14	32	Weekly	1,2,3,4,5,6,7,8,9,10,11,12,13
24	13	1	TR12	58	Weekly	1,2,3,4,5,6,7,8,9,10,11,12,13
25	11	15	DIG	59	Odd	1,3,5,7,9,11,13
26	11	16	DIG	59	Even	2,4,6,8,10,12
27	13	22	TR14	59	Weekly	1,2,3,4,5,6,7,8,9,10,11,12,13
28	11	15	DIG	60	Odd	1,3,5,7,9,11,13
29	11	16	DIG	60	Even	2,4,6,8,10,12
30	12	3	LT4	61	Weekly	1,2,3,4,5,6,7,8,9,10,11,12,13
31	12	3	LT4	1	Weekly	1,2,3,4,5,6,7,8,9,10,11,12,13
32	13	15	TR13	6	Weekly	1,2,3,4,5,6,7,8,9,10,11,12,13
33	11	17	DIG	7	Odd	1,3,5,7,9,11,13
34	11	17	DIG	8	Odd	1,3,5,7,9,11,13
35	13	16	TR14	8	Weekly	1,2,3,4,5,6,7,8,9,10,11,12,13
36	13	11	TR11	15	Weekly	1,2,3,4,5,6,7,8,9,10,11,12,13
37	13	12	TR12	16	Weekly	1,2,3,4,5,6,7,8,9,10,11,12,13
38	12	3	LT4	19	Weekly	1,2,3,4,5,6,7,8,9,10,11,12,13
39	13	17	TR15	21	Weekly	1,2,3,4,5,6,7,8,9,10,11,12,13
40	11	13	DIG	45	Odd	1,3,5,7,9,11,13
41	11	14	DIG	45	Even	2,4,6,8,10,12
42	11	13	DIG	46	Odd	1,3,5,7,9,11,13
43	11	14	DIG	46	Even	2,4,6,8,10,12
44	11	11	DIG	31	Odd	1,3,5,7,9,11,13
45	11	12	DIG	31	Even	2,4,6,8,10,12
46	13	13	TR11	31	Weekly	1,2,3,4,5,6,7,8,9,10,11,12,13
47	11	11	DIG	32	Odd	1,3,5,7,9,11,13
48	11	12	DIG	32	Even	2,4,6,8,10,12
49	13	14	TR12	32	Weekly	1,2,3,4,5,6,7,8,9,10,11,12,13
50	14	17	CL1	59	Weekly	1,2,3,4,5,6,7,8,9,10,11,12,13
51	14	17	CL1	60	Weekly	1,2,3,4,5,6,7,8,9,10,11,12,13
52	16	3	LT4	2	Weekly	1,2,3,4,5,6,7,8,9,10,11,12,13
53	14	11	CL1	5	Weekly	1,2,3,4,5,6,7,8,9,10,11,12,13
54	14	11	CL1	6	Weekly	1,2,3,4,5,6,7,8,9,10,11,12,13
55	14	12	CL1	7	Weekly	1,2,3,4,5,6,7,8,9,10,11,12,13
56	15	16	TR14	7	Weekly	1,2,3,4,5,6,7,8,9,10,11,12,13
57	14	12	CL1	8	Weekly	1,2,3,4,5,6,7,8,9,10,11,12,13
58	15	15	TR13	8	Weekly	1,2,3,4,5,6,7,8,9,10,11,12,13
59	14	13	CL1	15	Weekly	1,2,3,4,5,6,7,8,9,10,11,12,13
60	15	12	TR12	15	Weekly	1,2,3,4,5,6,7,8,9,10,11,12,13
61	14	13	CL1	16	Weekly	1,2,3,4,5,6,7,8,9,10,11,12,13
62	15	11	TR11	16	Weekly	1,2,3,4,5,6,7,8,9,10,11,12,13
63	14	14	CL1	21	Weekly	1,2,3,4,5,6,7,8,9,10,11,12,13
64	14	16	CL1	21	Weekly	1,2,3,4,5,6,7,8,9,10,11,12,13
65	14	14	CL1	22	Weekly	1,2,3,4,5,6,7,8,9,10,11,12,13
66	14	16	CL1	22	Weekly	1,2,3,4,5,6,7,8,9,10,11,12,13
67	15	17	TR15	22	Weekly	1,2,3,4,5,6,7,8,9,10,11,12,13
68	16	3	LT8	51	Weekly	1,2,3,4,5,6,7,8,9,10,11,12,13
69	16	3	LT4	30	Weekly	1,2,3,4,5,6,7,8,9,10,11,12,13
70	14	15	CL1	31	Weekly	1,2,3,4,5,6,7,8,9,10,11,12,13
71	15	14	TR12	31	Weekly	1,2,3,4,5,6,7,8,9,10,11,12,13
72	14	15	CL1	32	Weekly	1,2,3,4,5,6,7,8,9,10,11,12,13
73	15	13	TR11	32	Weekly	1,2,3,4,5,6,7,8,9,10,11,12,13
74	17	13	TR13	60	Weekly	1,2,3,4,5,6,7,8,9,10,11,12,13
75	18	3	LT4	64	Weekly	1,2,3,4,5,6,7,8,9,10,11,12,13
76	17	68	TR16	3	Weekly	1,2,3,4,5,6,7,8,9,10,11,12,13
77	17	16	TR14	6	Weekly	1,2,3,4,5,6,7,8,9,10,11,12,13
78	17	15	TR13	7	Weekly	1,2,3,4,5,6,7,8,9,10,11,12,13
79	17	11	TR18	8	Weekly	1,2,3,4,5,6,7,8,9,10,11,12,13
80	17	14	TR13	16	Weekly	1,2,3,4,5,6,7,8,9,10,11,12,13
81	18	3	LT4	20	Weekly	1,2,3,4,5,6,7,8,9,10,11,12,13
82	17	17	TR12	44	Weekly	1,2,3,4,5,6,7,8,9,10,11,12,13
83	17	12	TR15	47	Weekly	1,2,3,4,5,6,7,8,9,10,11,12,13
84	18	3	LT4	29	Weekly	1,2,3,4,5,6,7,8,9,10,11,12,13
85	17	69	TR19	30	Weekly	1,2,3,4,5,6,7,8,9,10,11,12,13
86	19	6	LT2A	7	Weekly	1,2,3,4,5,6,7,8,9,10,11,12,13
87	19	6	LT2A	8	Weekly	1,2,3,4,5,6,7,8,9,10,11,12,13
88	19	6	LT2A	19	Weekly	1,2,3,4,5,6,7,8,9,10,11,12,13
89	20	57	TR10	16	Weekly	1,2,3,4,5,6,7,8,9,10,11,12,13
90	20	52	TR18	46	Weekly	1,2,3,4,5,6,7,8,9,10,11,12,13
91	20	60	TR16	50	Weekly	1,2,3,4,5,6,7,8,9,10,11,12,13
92	20	59	TR14	51	Weekly	1,2,3,4,5,6,7,8,9,10,11,12,13
93	21	6	LT8	47	Weekly	1,2,3,4,5,6,7,8,9,10,11,12,13
94	20	58	TR11	45	Weekly	1,2,3,4,5,6,7,8,9,10,11,12,13
95	20	53	TR14	18	Weekly	1,2,3,4,5,6,7,8,9,10,11,12,13
96	21	6	LT8	21	Weekly	1,2,3,4,5,6,7,8,9,10,11,12,13
97	20	56	TR17	22	Weekly	1,2,3,4,5,6,7,8,9,10,11,12,13
98	22	68	DIG	57	Odd	1,3,5,7,9,11,13
99	22	68	DIG	58	Odd	1,3,5,7,9,11,13
100	22	69	DIG	57	Even	2,4,6,8,10,12
101	22	69	DIG	58	Even	2,4,6,8,10,12
102	22	50	DIG	61	Odd	1,3,5,7,9,11,13
103	22	50	DIG	62	Odd	1,3,5,7,9,11,13
104	23	68	TR19	63	Weekly	1,2,3,4,5,6,7,8,9,10,11,12,13
105	23	69	TR14	2	Weekly	1,2,3,4,5,6,7,8,9,10,11,12,13
106	24	4	LT8	5	Weekly	1,2,3,4,5,6,7,8,9,10,11,12,13
107	24	4	LT8	22	Weekly	1,2,3,4,5,6,7,8,9,10,11,12,13
108	23	50	TR12	23	Weekly	1,2,3,4,5,6,7,8,9,10,11,12,13
109	24	4	LT8	49	Weekly	1,2,3,4,5,6,7,8,9,10,11,12,13
110	25	68	CE	57	Even	2,4,6,8,10,12
111	25	68	CE	58	Even	2,4,6,8,10,12
112	25	69	CE	57	Odd	1,3,5,7,9,11,13
113	25	69	CE	58	Odd	1,3,5,7,9,11,13
114	25	50	CE	61	Even	2,4,6,8,10,12
115	25	50	CE	62	Even	2,4,6,8,10,12
116	26	4	LT19	8	Weekly	1,2,3,4,5,6,7,8,9,10,11,12,13
117	26	4	LT19	21	Weekly	1,2,3,4,5,6,7,8,9,10,11,12,13
118	27	68	TR14	44	Weekly	1,2,3,4,5,6,7,8,9,10,11,12,13
119	27	69	TR19	45	Weekly	1,2,3,4,5,6,7,8,9,10,11,12,13
120	26	4	LT19	48	Weekly	1,2,3,4,5,6,7,8,9,10,11,12,13
121	27	50	TR19	51	Weekly	1,2,3,4,5,6,7,8,9,10,11,12,13
122	28	4	LT4	65	Weekly	1,2,3,4,5,6,7,8,9,10,11,12,13
123	28	4	LT4	9	Weekly	1,2,3,4,5,6,7,8,9,10,11,12,13
124	30	68	MS	17	Even	2,4,6,8,10,12
125	30	68	MS	18	Even	2,4,6,8,10,12
126	29	69	TR11	17	Weekly	1,2,3,4,5,6,7,8,9,10,11,12,13
127	29	50	TR11	17	Weekly	1,2,3,4,5,6,7,8,9,10,11,12,13
128	28	4	LT8	43	Weekly	1,2,3,4,5,6,7,8,9,10,11,12,13
129	29	69	TR13	45	Weekly	1,2,3,4,5,6,7,8,9,10,11,12,13
130	30	50	MS	46	Odd	1,3,5,7,9,11,13
131	30	50	MS	47	Odd	1,3,5,7,9,11,13
132	29	68	TR12	30	Weekly	1,2,3,4,5,6,7,8,9,10,11,12,13
133	30	69	MS	31	Odd	1,3,5,7,9,11,13
134	30	69	MS	32	Odd	1,3,5,7,9,11,13
135	31	69	TR13	63	Weekly	1,2,3,4,5,6,7,8,9,10,11,12,13
136	31	19	TR13	3	Weekly	1,2,3,4,5,6,7,8,9,10,11,12,13
137	32	4	LT14	7	Weekly	1,2,3,4,5,6,7,8,9,10,11,12,13
138	32	4	LT14	23	Weekly	1,2,3,4,5,6,7,8,9,10,11,12,13
139	32	4	LT14	50	Weekly	1,2,3,4,5,6,7,8,9,10,11,12,13
140	31	68	TR14	16	Weekly	1,2,3,4,5,6,7,8,9,10,11,12,13
141	31	50	TR11	6	Weekly	1,2,3,4,5,6,7,8,9,10,11,12,13
142	33	4	LT2A	57	Weekly	1,2,3,4,5,6,7,8,9,10,11,12,13
143	35	45	CL2	63	Odd	1,3,5,7,9,11,13
144	35	46	CL2	63	Even	2,4,6,8,10,12
145	35	45	CL2	64	Odd	1,3,5,7,9,11,13
146	34	48	TR13	64	Weekly	1,2,3,4,5,6,7,8,9,10,11,12,13
147	34	46	TR12	2	Weekly	1,2,3,4,5,6,7,8,9,10,11,12,13
148	35	52	CL2	32	Odd	1,3,5,7,9,11,13
149	35	52	CL2	31	Odd	1,3,5,7,9,11,13
150	34	49	TR15	50	Weekly	1,2,3,4,5,6,7,8,9,10,11,12,13
151	35	44	CL2	50	Even	2,4,6,8,10,12
152	35	43	CL2	50	Odd	1,3,5,7,9,11,13
153	35	44	CL2	49	Even	2,4,6,8,10,12
154	35	43	CL2	49	Odd	1,3,5,7,9,11,13
155	35	49	CL2	46	Odd	1,3,5,7,9,11,13
156	35	49	CL2	45	Odd	1,3,5,7,9,11,13
157	33	4	LT2A	44	Weekly	1,2,3,4,5,6,7,8,9,10,11,12,13
158	34	44	TR12	22	Weekly	1,2,3,4,5,6,7,8,9,10,11,12,13
159	34	43	TR15	19	Weekly	1,2,3,4,5,6,7,8,9,10,11,12,13
160	33	4	LT2A	15	Weekly	1,2,3,4,5,6,7,8,9,10,11,12,13
161	35	48	CL2	8	Even	2,4,6,8,10,12
162	35	47	CL2	8	Odd	1,3,5,7,9,11,13
163	35	48	CL2	7	Even	2,4,6,8,10,12
164	35	47	CL2	7	Odd	1,3,5,7,9,11,13
165	34	45	TR11	1	Weekly	1,2,3,4,5,6,7,8,9,10,11,12,13
166	35	46	CL2	64	Even	2,4,6,8,10,12
167	34	47	TR11	63	Weekly	1,2,3,4,5,6,7,8,9,10,11,12,13
168	36	47	TR11	58	Weekly	1,2,3,4,5,6,7,8,9,10,11,12,13
169	38	4	LT4	59	Weekly	1,2,3,4,5,6,7,8,9,10,11,12,13
170	37	46	CE	63	Odd	1,3,5,7,9,11,13
171	37	45	CE	64	Even	2,4,6,8,10,12
172	36	46	TR12	1	Weekly	1,2,3,4,5,6,7,8,9,10,11,12,13
173	37	49	CE	45	Even	2,4,6,8,10,12
174	36	44	TR12	21	Weekly	1,2,3,4,5,6,7,8,9,10,11,12,13
175	36	43	TR19	20	Weekly	1,2,3,4,5,6,7,8,9,10,11,12,13
176	37	48	CE	8	Odd	1,3,5,7,9,11,13
177	37	47	CE	8	Even	2,4,6,8,10,12
178	37	48	CE	7	Odd	1,3,5,7,9,11,13
179	37	47	CE	7	Even	2,4,6,8,10,12
180	38	4	LT4	4	Weekly	1,2,3,4,5,6,7,8,9,10,11,12,13
181	36	45	TR11	2	Weekly	1,2,3,4,5,6,7,8,9,10,11,12,13
182	38	4	LT4	32	Weekly	1,2,3,4,5,6,7,8,9,10,11,12,13
183	36	68	TR16	31	Weekly	1,2,3,4,5,6,7,8,9,10,11,12,13
184	36	49	TR15	51	Weekly	1,2,3,4,5,6,7,8,9,10,11,12,13
185	37	44	CE	50	Odd	1,3,5,7,9,11,13
186	37	43	CE	50	Even	2,4,6,8,10,12
187	37	44	CE	49	Odd	1,3,5,7,9,11,13
188	37	43	CE	49	Even	2,4,6,8,10,12
189	37	68	CE	47	Odd	1,3,5,7,9,11,13
190	37	68	CE	48	Odd	1,3,5,7,9,11,13
191	37	49	CE	46	Even	2,4,6,8,10,12
192	37	46	CE	64	Odd	1,3,5,7,9,11,13
193	36	48	TR12	63	Weekly	1,2,3,4,5,6,7,8,9,10,11,12,13
194	37	45	CE	63	Even	2,4,6,8,10,12
195	39	68	SWE	61	Weekly	1,2,3,4,5,6,7,8,9,10,11,12,13
196	39	68	SWE	62	Weekly	1,2,3,4,5,6,7,8,9,10,11,12,13
197	39	43	SWE	63	Weekly	1,2,3,4,5,6,7,8,9,10,11,12,13
198	39	43	SWE	64	Weekly	1,2,3,4,5,6,7,8,9,10,11,12,13
199	40	4	LT4	3	Weekly	1,2,3,4,5,6,7,8,9,10,11,12,13
200	40	4	LT4	16	Weekly	1,2,3,4,5,6,7,8,9,10,11,12,13
201	41	45	TR13	30	Weekly	1,2,3,4,5,6,7,8,9,10,11,12,13
202	39	48	SWE	30	Weekly	1,2,3,4,5,6,7,8,9,10,11,12,13
203	39	47	SWE	30	Weekly	1,2,3,4,5,6,7,8,9,10,11,12,13
204	41	46	TR14	29	Weekly	1,2,3,4,5,6,7,8,9,10,11,12,13
205	39	48	SWE	29	Weekly	1,2,3,4,5,6,7,8,9,10,11,12,13
206	39	47	SWE	29	Weekly	1,2,3,4,5,6,7,8,9,10,11,12,13
207	41	44	TR12	48	Weekly	1,2,3,4,5,6,7,8,9,10,11,12,13
208	39	46	SWE	48	Weekly	1,2,3,4,5,6,7,8,9,10,11,12,13
209	39	45	SWE	48	Weekly	1,2,3,4,5,6,7,8,9,10,11,12,13
210	41	43	TR11	47	Weekly	1,2,3,4,5,6,7,8,9,10,11,12,13
211	39	46	SWE	47	Weekly	1,2,3,4,5,6,7,8,9,10,11,12,13
212	39	45	SWE	47	Weekly	1,2,3,4,5,6,7,8,9,10,11,12,13
213	40	4	LT8	45	Weekly	1,2,3,4,5,6,7,8,9,10,11,12,13
214	41	48	TR12	20	Weekly	1,2,3,4,5,6,7,8,9,10,11,12,13
215	41	47	TR11	19	Weekly	1,2,3,4,5,6,7,8,9,10,11,12,13
216	41	68	TR12	6	Weekly	1,2,3,4,5,6,7,8,9,10,11,12,13
217	39	44	SWE	64	Weekly	1,2,3,4,5,6,7,8,9,10,11,12,13
218	39	44	SWE	63	Weekly	1,2,3,4,5,6,7,8,9,10,11,12,13
219	42	4	LT8	62	Weekly	1,2,3,4,5,6,7,8,9,10,11,12,13
220	43	43	ELE	1	Weekly	1,2,3,4,5,6,7,8,9,10,11,12,13
221	42	4	LT8	18	Weekly	1,2,3,4,5,6,7,8,9,10,11,12,13
222	44	48	TR12	19	Weekly	1,2,3,4,5,6,7,8,9,10,11,12,13
223	44	47	TR11	20	Weekly	1,2,3,4,5,6,7,8,9,10,11,12,13
224	44	43	TR11	48	Weekly	1,2,3,4,5,6,7,8,9,10,11,12,13
225	43	48	ELE	48	Weekly	1,2,3,4,5,6,7,8,9,10,11,12,13
226	44	44	TR12	47	Weekly	1,2,3,4,5,6,7,8,9,10,11,12,13
227	43	48	ELE	47	Weekly	1,2,3,4,5,6,7,8,9,10,11,12,13
228	43	17	ELE	46	Weekly	1,2,3,4,5,6,7,8,9,10,11,12,13
229	43	17	ELE	45	Weekly	1,2,3,4,5,6,7,8,9,10,11,12,13
230	44	17	TR12	43	Weekly	1,2,3,4,5,6,7,8,9,10,11,12,13
231	43	46	ELE	22	Weekly	1,2,3,4,5,6,7,8,9,10,11,12,13
232	43	46	ELE	21	Weekly	1,2,3,4,5,6,7,8,9,10,11,12,13
233	42	4	LT8	31	Weekly	1,2,3,4,5,6,7,8,9,10,11,12,13
234	44	46	TR14	30	Weekly	1,2,3,4,5,6,7,8,9,10,11,12,13
235	43	44	ELE	30	Weekly	1,2,3,4,5,6,7,8,9,10,11,12,13
236	44	45	TR13	29	Weekly	1,2,3,4,5,6,7,8,9,10,11,12,13
237	43	44	ELE	29	Weekly	1,2,3,4,5,6,7,8,9,10,11,12,13
238	43	47	ELE	50	Weekly	1,2,3,4,5,6,7,8,9,10,11,12,13
239	43	47	ELE	49	Weekly	1,2,3,4,5,6,7,8,9,10,11,12,13
240	43	45	ELE	20	Weekly	1,2,3,4,5,6,7,8,9,10,11,12,13
241	43	45	ELE	19	Weekly	1,2,3,4,5,6,7,8,9,10,11,12,13
242	43	43	ELE	2	Weekly	1,2,3,4,5,6,7,8,9,10,11,12,13
243	45	5	LT5	60	Weekly	1,2,3,4,5,6,7,8,9,10,11,12,13
244	45	5	LT5	5	Weekly	1,2,3,4,5,6,7,8,9,10,11,12,13
245	46	49	TR15	8	Weekly	1,2,3,4,5,6,7,8,9,10,11,12,13
246	46	56	TR13	19	Weekly	1,2,3,4,5,6,7,8,9,10,11,12,13
247	47	49	COMM	21	Even	2,4,6,8,10,12
248	47	49	COMM	22	Even	2,4,6,8,10,12
249	47	57	COMM	45	Even	2,4,6,8,10,12
250	47	57	COMM	46	Even	2,4,6,8,10,12
251	47	56	COMM	49	Odd	1,3,5,7,9,11,13
252	47	56	COMM	50	Odd	1,3,5,7,9,11,13
253	45	5	LT8	30	Weekly	1,2,3,4,5,6,7,8,9,10,11,12,13
254	46	57	TR10	32	Weekly	1,2,3,4,5,6,7,8,9,10,11,12,13
255	48	57	TR10	62	Weekly	1,2,3,4,5,6,7,8,9,10,11,12,13
256	50	5	LT19	29	Weekly	1,2,3,4,5,6,7,8,9,10,11,12,13
257	49	56	COMM	50	Even	2,4,6,8,10,12
258	49	56	COMM	49	Even	2,4,6,8,10,12
259	49	57	COMM	46	Odd	1,3,5,7,9,11,13
260	49	57	COMM	45	Odd	1,3,5,7,9,11,13
261	48	56	TR14	43	Weekly	1,2,3,4,5,6,7,8,9,10,11,12,13
262	49	49	COMM	22	Odd	1,3,5,7,9,11,13
263	49	49	COMM	21	Odd	1,3,5,7,9,11,13
264	50	5	LT8	63	Weekly	1,2,3,4,5,6,7,8,9,10,11,12,13
265	48	49	TR18	7	Weekly	1,2,3,4,5,6,7,8,9,10,11,12,13
266	50	5	LT8	2	Weekly	1,2,3,4,5,6,7,8,9,10,11,12,13
267	51	5	LT2A	58	Weekly	1,2,3,4,5,6,7,8,9,10,11,12,13
268	52	58	TR13	59	Weekly	1,2,3,4,5,6,7,8,9,10,11,12,13
269	51	5	LT2A	6	Weekly	1,2,3,4,5,6,7,8,9,10,11,12,13
270	53	58	DB	16	Odd	1,3,5,7,9,11,13
271	53	57	DB	19	Odd	1,3,5,7,9,11,13
272	53	56	DB	32	Even	2,4,6,8,10,12
273	53	56	DB	31	Even	2,4,6,8,10,12
274	53	52	DB	30	Odd	1,3,5,7,9,11,13
275	53	52	DB	29	Odd	1,3,5,7,9,11,13
276	52	56	TR10	44	Weekly	1,2,3,4,5,6,7,8,9,10,11,12,13
277	52	52	TR15	43	Weekly	1,2,3,4,5,6,7,8,9,10,11,12,13
278	53	57	DB	20	Odd	1,3,5,7,9,11,13
279	51	5	LT2A	17	Weekly	1,2,3,4,5,6,7,8,9,10,11,12,13
280	53	58	DB	15	Odd	1,3,5,7,9,11,13
281	52	57	TR10	3	Weekly	1,2,3,4,5,6,7,8,9,10,11,12,13
282	54	6	LT19	2	Weekly	1,2,3,4,5,6,7,8,9,10,11,12,13
283	54	6	LT19	3	Weekly	1,2,3,4,5,6,7,8,9,10,11,12,13
284	54	6	LT19	51	Weekly	1,2,3,4,5,6,7,8,9,10,11,12,13
285	55	6	LT19	52	Weekly	1,2,3,4,5,6,7,8,9,10,11,12,13
286	56	6	LT10	61	Weekly	1,2,3,4,5,6,7,8,9,10,11,12,13
287	57	6	LT10	62	Weekly	1,2,3,4,5,6,7,8,9,10,11,12,13
288	56	6	LT10	16	Weekly	1,2,3,4,5,6,7,8,9,10,11,12,13
289	56	6	LT10	43	Weekly	1,2,3,4,5,6,7,8,9,10,11,12,13
290	60	6	LT10	11	Weekly	1,2,3,4,5,6,7,8,9,10,11,12,13
291	61	6	LT13	33	Weekly	1,2,3,4,5,6,7,8,9,10,11,12,13
292	60	6	LT10	13	Weekly	1,2,3,4,5,6,7,8,9,10,11,12,13
293	60	6	LT10	12	Weekly	1,2,3,4,5,6,7,8,9,10,11,12,13
294	62	6	LT8	64	Weekly	1,2,3,4,5,6,7,8,9,10,11,12,13
295	62	6	LT8	23	Weekly	1,2,3,4,5,6,7,8,9,10,11,12,13
296	62	6	LT8	46	Weekly	1,2,3,4,5,6,7,8,9,10,11,12,13
297	63	6	LT8	29	Weekly	1,2,3,4,5,6,7,8,9,10,11,12,13
298	64	6	LT19	10	Weekly	1,2,3,4,5,6,7,8,9,10,11,12,13
299	64	6	LT19	18	Weekly	1,2,3,4,5,6,7,8,9,10,11,12,13
300	64	6	LT19	37	Weekly	1,2,3,4,5,6,7,8,9,10,11,12,13
301	65	6	LT19	38	Weekly	1,2,3,4,5,6,7,8,9,10,11,12,13
302	66	6	LT10	1	Weekly	1,2,3,4,5,6,7,8,9,10,11,12,13
303	66	6	LT11	48	Weekly	1,2,3,4,5,6,7,8,9,10,11,12,13
304	67	6	LT10	26	Weekly	1,2,3,4,5,6,7,8,9,10,11,12,13
305	66	6	LT10	25	Weekly	1,2,3,4,5,6,7,8,9,10,11,12,13
306	68	6	LT10	9	Weekly	1,2,3,4,5,6,7,8,9,10,11,12,13
307	68	6	LT13	24	Weekly	1,2,3,4,5,6,7,8,9,10,11,12,13
308	68	6	LT10	53	Weekly	1,2,3,4,5,6,7,8,9,10,11,12,13
309	69	6	LT10	54	Weekly	1,2,3,4,5,6,7,8,9,10,11,12,13
310	70	6	LT19	63	Weekly	1,2,3,4,5,6,7,8,9,10,11,12,13
311	70	6	LT19	4	Weekly	1,2,3,4,5,6,7,8,9,10,11,12,13
312	70	6	LT19	15	Weekly	1,2,3,4,5,6,7,8,9,10,11,12,13
313	71	6	LT19	17	Weekly	1,2,3,4,5,6,7,8,9,10,11,12,13
314	72	6	LT14	65	Weekly	1,2,3,4,5,6,7,8,9,10,11,12,13
315	72	6	LT11	30	Weekly	1,2,3,4,5,6,7,8,9,10,11,12,13
316	72	6	LT11	50	Weekly	1,2,3,4,5,6,7,8,9,10,11,12,13
317	73	6	LT14	66	Weekly	1,2,3,4,5,6,7,8,9,10,11,12,13
318	74	6	LT4	22	Weekly	1,2,3,4,5,6,7,8,9,10,11,12,13
319	74	6	LT4	45	Weekly	1,2,3,4,5,6,7,8,9,10,11,12,13
320	74	6	LT4	31	Weekly	1,2,3,4,5,6,7,8,9,10,11,12,13
321	75	6	TR4	44	Weekly	1,2,3,4,5,6,7,8,9,10,11,12,13
322	75	61	TR19	23	Weekly	1,2,3,4,5,6,7,8,9,10,11,12,13
323	76	6	LT4	57	Weekly	1,2,3,4,5,6,7,8,9,10,11,12,13
324	77	6	LT4	58	Weekly	1,2,3,4,5,6,7,8,9,10,11,12,13
325	76	6	LT4	49	Weekly	1,2,3,4,5,6,7,8,9,10,11,12,13
326	76	6	LT4	5	Weekly	1,2,3,4,5,6,7,8,9,10,11,12,13
327	78	6	LT2A	67	Weekly	1,2,3,4,5,6,7,8,9,10,11,12,13
328	79	6	LT2A	68	Weekly	1,2,3,4,5,6,7,8,9,10,11,12,13
329	78	6	LT2A	35	Weekly	1,2,3,4,5,6,7,8,9,10,11,12,13
330	78	6	LT2A	21	Weekly	1,2,3,4,5,6,7,8,9,10,11,12,13
331	80	6	LT12	36	Weekly	1,2,3,4,5,6,7,8,9,10,11,12,13
332	81	6	LT10	39	Weekly	1,2,3,4,5,6,7,8,9,10,11,12,13
333	81	6	LT10	41	Weekly	1,2,3,4,5,6,7,8,9,10,11,12,13
334	81	6	LT10	40	Weekly	1,2,3,4,5,6,7,8,9,10,11,12,13
335	204	6	LT10	59	Weekly	1,2,3,4,5,6,7,8,9,10,11,12,13
336	204	6	LT7	32	Weekly	1,2,3,4,5,6,7,8,9,10,11,12,13
337	204	6	LT7	20	Weekly	1,2,3,4,5,6,7,8,9,10,11,12,13
338	205	6	LT10	60	Weekly	1,2,3,4,5,6,7,8,9,10,11,12,13
339	82	7	LT10	58	Weekly	1,2,3,4,5,6,7,8,9,10,11,12,13
340	82	7	LT10	44	Weekly	1,2,3,4,5,6,7,8,9,10,11,12,13
341	82	7	LT9	23	Weekly	1,2,3,4,5,6,7,8,9,10,11,12,13
342	84	29	CL1	17	Weekly	1,2,3,4,5,6,7,8,9,10,11,12,13
343	83	29	TR13	22	Weekly	1,2,3,4,5,6,7,8,9,10,11,12,13
344	84	29	CL1	18	Weekly	1,2,3,4,5,6,7,8,9,10,11,12,13
345	85	7	LT11	60	Weekly	1,2,3,4,5,6,7,8,9,10,11,12,13
346	85	7	LT11	31	Weekly	1,2,3,4,5,6,7,8,9,10,11,12,13
347	85	7	LT11	5	Weekly	1,2,3,4,5,6,7,8,9,10,11,12,13
348	86	29	TR12	62	Weekly	1,2,3,4,5,6,7,8,9,10,11,12,13
349	87	23	TR12	57	Weekly	1,2,3,4,5,6,7,8,9,10,11,12,13
350	87	1	TR12	58	Weekly	1,2,3,4,5,6,7,8,9,10,11,12,13
351	87	24	TR12	57	Weekly	1,2,3,4,5,6,7,8,9,10,11,12,13
352	87	22	TR14	59	Weekly	1,2,3,4,5,6,7,8,9,10,11,12,13
353	88	7	LT4	1	Weekly	1,2,3,4,5,6,7,8,9,10,11,12,13
354	89	22	DIG	4	Odd	1,3,5,7,9,11,13
355	89	23	DIG	15	Even	2,4,6,8,10,12
356	88	7	LT4	19	Weekly	1,2,3,4,5,6,7,8,9,10,11,12,13
357	89	24	DIG	16	Even	2,4,6,8,10,12
358	89	23	DIG	16	Even	2,4,6,8,10,12
359	89	1	DIG	16	Odd	1,3,5,7,9,11,13
360	89	24	DIG	15	Even	2,4,6,8,10,12
361	89	1	DIG	15	Odd	1,3,5,7,9,11,13
362	89	22	DIG	3	Odd	1,3,5,7,9,11,13
363	88	7	LT4	61	Weekly	1,2,3,4,5,6,7,8,9,10,11,12,13
364	90	22	TR11	57	Weekly	1,2,3,4,5,6,7,8,9,10,11,12,13
365	90	1	TR12	59	Weekly	1,2,3,4,5,6,7,8,9,10,11,12,13
366	90	23	TR15	59	Weekly	1,2,3,4,5,6,7,8,9,10,11,12,13
367	90	28	TR11	57	Weekly	1,2,3,4,5,6,7,8,9,10,11,12,13
368	90	24	TR15	59	Weekly	1,2,3,4,5,6,7,8,9,10,11,12,13
369	92	23	CL1	3	Weekly	1,2,3,4,5,6,7,8,9,10,11,12,13
370	92	23	CL1	4	Weekly	1,2,3,4,5,6,7,8,9,10,11,12,13
371	92	22	CL1	15	Weekly	1,2,3,4,5,6,7,8,9,10,11,12,13
372	92	1	CL1	32	Weekly	1,2,3,4,5,6,7,8,9,10,11,12,13
373	92	1	CL1	31	Weekly	1,2,3,4,5,6,7,8,9,10,11,12,13
374	91	7	LT4	30	Weekly	1,2,3,4,5,6,7,8,9,10,11,12,13
375	91	7	LT8	51	Weekly	1,2,3,4,5,6,7,8,9,10,11,12,13
376	92	28	CL1	16	Weekly	1,2,3,4,5,6,7,8,9,10,11,12,13
377	92	22	CL1	16	Weekly	1,2,3,4,5,6,7,8,9,10,11,12,13
378	92	28	CL1	15	Weekly	1,2,3,4,5,6,7,8,9,10,11,12,13
379	92	24	CL1	4	Weekly	1,2,3,4,5,6,7,8,9,10,11,12,13
380	92	24	CL1	3	Weekly	1,2,3,4,5,6,7,8,9,10,11,12,13
381	91	7	LT4	2	Weekly	1,2,3,4,5,6,7,8,9,10,11,12,13
382	93	22	TR10	17	Weekly	1,2,3,4,5,6,7,8,9,10,11,12,13
383	93	24	TR10	17	Weekly	1,2,3,4,5,6,7,8,9,10,11,12,13
384	94	7	LT10	20	Weekly	1,2,3,4,5,6,7,8,9,10,11,12,13
385	94	7	LT10	47	Weekly	1,2,3,4,5,6,7,8,9,10,11,12,13
386	94	7	LT10	29	Weekly	1,2,3,4,5,6,7,8,9,10,11,12,13
387	93	23	TR17	48	Weekly	1,2,3,4,5,6,7,8,9,10,11,12,13
388	93	1	TR12	46	Weekly	1,2,3,4,5,6,7,8,9,10,11,12,13
389	95	10	LT2A	7	Weekly	1,2,3,4,5,6,7,8,9,10,11,12,13
390	95	10	LT2A	19	Weekly	1,2,3,4,5,6,7,8,9,10,11,12,13
391	95	10	LT2A	8	Weekly	1,2,3,4,5,6,7,8,9,10,11,12,13
392	96	53	TR14	18	Weekly	1,2,3,4,5,6,7,8,9,10,11,12,13
393	96	28	TR14	19	Weekly	1,2,3,4,5,6,7,8,9,10,11,12,13
394	97	8	LT8	21	Weekly	1,2,3,4,5,6,7,8,9,10,11,12,13
395	96	52	TR18	46	Weekly	1,2,3,4,5,6,7,8,9,10,11,12,13
396	96	59	TR14	51	Weekly	1,2,3,4,5,6,7,8,9,10,11,12,13
397	97	8	LT8	47	Weekly	1,2,3,4,5,6,7,8,9,10,11,12,13
398	96	56	TR17	22	Weekly	1,2,3,4,5,6,7,8,9,10,11,12,13
399	96	51	TR14	20	Weekly	1,2,3,4,5,6,7,8,9,10,11,12,13
400	96	25	TR14	19	Weekly	1,2,3,4,5,6,7,8,9,10,11,12,13
401	96	61	TR14	18	Weekly	1,2,3,4,5,6,7,8,9,10,11,12,13
402	99	70	TR16	60	Weekly	1,2,3,4,5,6,7,8,9,10,11,12,13
403	99	54	TR13	17	Weekly	1,2,3,4,5,6,7,8,9,10,11,12,13
404	99	24	TR16	44	Weekly	1,2,3,4,5,6,7,8,9,10,11,12,13
405	99	72	TR16	45	Weekly	1,2,3,4,5,6,7,8,9,10,11,12,13
406	98	54	CE	32	Even	2,4,6,8,10,12
407	98	24	CE	32	Even	2,4,6,8,10,12
408	98	54	CE	31	Even	2,4,6,8,10,12
409	98	24	CE	31	Even	2,4,6,8,10,12
410	99	50	TR19	51	Weekly	1,2,3,4,5,6,7,8,9,10,11,12,13
411	100	8	LT19	48	Weekly	1,2,3,4,5,6,7,8,9,10,11,12,13
412	99	71	TR16	44	Weekly	1,2,3,4,5,6,7,8,9,10,11,12,13
413	100	8	LT19	21	Weekly	1,2,3,4,5,6,7,8,9,10,11,12,13
414	100	8	LT19	8	Weekly	1,2,3,4,5,6,7,8,9,10,11,12,13
415	98	71	CE	3	Even	2,4,6,8,10,12
416	98	71	CE	4	Even	2,4,6,8,10,12
417	98	72	CE	3	Odd	1,3,5,7,9,11,13
418	98	72	CE	4	Odd	1,3,5,7,9,11,13
419	98	70	CE	5	Odd	1,3,5,7,9,11,13
420	98	70	CE	6	Odd	1,3,5,7,9,11,13
421	101	71	TR16	63	Weekly	1,2,3,4,5,6,7,8,9,10,11,12,13
422	101	54	TR17	49	Weekly	1,2,3,4,5,6,7,8,9,10,11,12,13
423	102	8	LT10	50	Weekly	1,2,3,4,5,6,7,8,9,10,11,12,13
424	102	8	LT10	22	Weekly	1,2,3,4,5,6,7,8,9,10,11,12,13
425	101	72	TR10	1	Weekly	1,2,3,4,5,6,7,8,9,10,11,12,13
426	102	8	LT10	7	Weekly	1,2,3,4,5,6,7,8,9,10,11,12,13
427	101	70	TR20	17	Weekly	1,2,3,4,5,6,7,8,9,10,11,12,13
428	103	71	MS	57	Odd	1,3,5,7,9,11,13
429	103	71	MS	58	Odd	1,3,5,7,9,11,13
430	103	70	MS	1	Odd	1,3,5,7,9,11,13
431	103	70	MS	2	Odd	1,3,5,7,9,11,13
432	105	8	LT4	9	Weekly	1,2,3,4,5,6,7,8,9,10,11,12,13
433	104	72	TR15	44	Weekly	1,2,3,4,5,6,7,8,9,10,11,12,13
434	103	72	MS	29	Odd	1,3,5,7,9,11,13
435	103	72	MS	30	Odd	1,3,5,7,9,11,13
436	104	54	TR18	47	Weekly	1,2,3,4,5,6,7,8,9,10,11,12,13
437	105	8	LT8	43	Weekly	1,2,3,4,5,6,7,8,9,10,11,12,13
438	104	71	TR13	1	Weekly	1,2,3,4,5,6,7,8,9,10,11,12,13
439	105	8	LT4	65	Weekly	1,2,3,4,5,6,7,8,9,10,11,12,13
440	103	54	MS	61	Odd	1,3,5,7,9,11,13
441	103	54	MS	62	Odd	1,3,5,7,9,11,13
442	104	70	TR17	63	Weekly	1,2,3,4,5,6,7,8,9,10,11,12,13
443	106	2	TR15	58	Weekly	1,2,3,4,5,6,7,8,9,10,11,12,13
444	108	8	LT8	64	Weekly	1,2,3,4,5,6,7,8,9,10,11,12,13
445	107	2	CL2	48	Even	2,4,6,8,10,12
446	107	2	CL2	47	Even	2,4,6,8,10,12
447	108	8	LT8	46	Weekly	1,2,3,4,5,6,7,8,9,10,11,12,13
448	106	70	TR17	44	Weekly	1,2,3,4,5,6,7,8,9,10,11,12,13
449	108	8	LT8	23	Weekly	1,2,3,4,5,6,7,8,9,10,11,12,13
450	106	71	TR16	19	Weekly	1,2,3,4,5,6,7,8,9,10,11,12,13
451	107	71	CL2	15	Odd	1,3,5,7,9,11,13
452	107	71	CL2	16	Odd	1,3,5,7,9,11,13
453	106	72	TR10	2	Weekly	1,2,3,4,5,6,7,8,9,10,11,12,13
454	107	70	CL2	1	Even	2,4,6,8,10,12
455	107	70	CL2	2	Even	2,4,6,8,10,12
456	107	72	CL2	29	Even	2,4,6,8,10,12
457	107	72	CL2	30	Even	2,4,6,8,10,12
458	107	54	CL2	62	Even	2,4,6,8,10,12
459	106	28	TR14	58	Weekly	1,2,3,4,5,6,7,8,9,10,11,12,13
460	107	28	CL2	61	Even	2,4,6,8,10,12
461	107	54	CL2	61	Even	2,4,6,8,10,12
462	107	28	CL2	62	Even	2,4,6,8,10,12
463	106	54	TR14	58	Weekly	1,2,3,4,5,6,7,8,9,10,11,12,13
464	109	8	LT2A	57	Weekly	1,2,3,4,5,6,7,8,9,10,11,12,13
465	110	52	CL2	32	Odd	1,3,5,7,9,11,13
466	110	52	CL2	31	Odd	1,3,5,7,9,11,13
467	110	2	CL2	48	Odd	1,3,5,7,9,11,13
468	110	2	CL2	47	Odd	1,3,5,7,9,11,13
469	111	51	TR18	45	Weekly	1,2,3,4,5,6,7,8,9,10,11,12,13
470	109	8	LT2A	44	Weekly	1,2,3,4,5,6,7,8,9,10,11,12,13
471	111	2	TR16	16	Weekly	1,2,3,4,5,6,7,8,9,10,11,12,13
472	109	8	LT2A	15	Weekly	1,2,3,4,5,6,7,8,9,10,11,12,13
473	111	53	TR15	60	Weekly	1,2,3,4,5,6,7,8,9,10,11,12,13
474	110	51	CL2	1	Odd	1,3,5,7,9,11,13
475	110	53	CL2	1	Odd	1,3,5,7,9,11,13
476	110	53	CL2	2	Odd	1,3,5,7,9,11,13
477	110	51	CL2	2	Odd	1,3,5,7,9,11,13
478	111	52	TR15	60	Weekly	1,2,3,4,5,6,7,8,9,10,11,12,13
479	112	8	LT2A	58	Weekly	1,2,3,4,5,6,7,8,9,10,11,12,13
480	114	52	TR15	43	Weekly	1,2,3,4,5,6,7,8,9,10,11,12,13
481	113	52	DB	30	Odd	1,3,5,7,9,11,13
482	113	52	DB	29	Odd	1,3,5,7,9,11,13
483	114	53	TR13	50	Weekly	1,2,3,4,5,6,7,8,9,10,11,12,13
484	114	51	TR13	50	Weekly	1,2,3,4,5,6,7,8,9,10,11,12,13
485	112	8	LT2A	17	Weekly	1,2,3,4,5,6,7,8,9,10,11,12,13
486	113	51	DB	1	Even	2,4,6,8,10,12
487	113	51	DB	2	Even	2,4,6,8,10,12
488	113	53	DB	2	Even	2,4,6,8,10,12
489	112	8	LT2A	6	Weekly	1,2,3,4,5,6,7,8,9,10,11,12,13
490	113	53	DB	1	Even	2,4,6,8,10,12
491	115	70	TR13	58	Weekly	1,2,3,4,5,6,7,8,9,10,11,12,13
492	115	28	TR14	63	Weekly	1,2,3,4,5,6,7,8,9,10,11,12,13
493	116	2	SWE	2	Odd	1,3,5,7,9,11,13
494	116	72	SWE	3	Even	2,4,6,8,10,12
495	116	72	SWE	4	Even	2,4,6,8,10,12
496	116	71	SWE	15	Even	2,4,6,8,10,12
497	116	71	SWE	16	Even	2,4,6,8,10,12
498	116	28	SWE	19	Even	2,4,6,8,10,12
499	116	51	SWE	32	Odd	1,3,5,7,9,11,13
500	116	51	SWE	31	Odd	1,3,5,7,9,11,13
501	115	52	TR14	50	Weekly	1,2,3,4,5,6,7,8,9,10,11,12,13
502	117	8	LT19	49	Weekly	1,2,3,4,5,6,7,8,9,10,11,12,13
503	115	2	TR17	43	Weekly	1,2,3,4,5,6,7,8,9,10,11,12,13
504	115	51	TR13	21	Weekly	1,2,3,4,5,6,7,8,9,10,11,12,13
505	116	52	SWE	20	Even	2,4,6,8,10,12
506	116	28	SWE	20	Even	2,4,6,8,10,12
507	116	52	SWE	19	Even	2,4,6,8,10,12
508	117	8	LT4	18	Weekly	1,2,3,4,5,6,7,8,9,10,11,12,13
509	116	70	SWE	15	Odd	1,3,5,7,9,11,13
510	116	70	SWE	16	Odd	1,3,5,7,9,11,13
511	115	71	TR13	2	Weekly	1,2,3,4,5,6,7,8,9,10,11,12,13
512	116	2	SWE	1	Odd	1,3,5,7,9,11,13
513	115	72	TR15	63	Weekly	1,2,3,4,5,6,7,8,9,10,11,12,13
514	117	8	LT19	59	Weekly	1,2,3,4,5,6,7,8,9,10,11,12,13
515	118	62	TR19	19	Weekly	1,2,3,4,5,6,7,8,9,10,11,12,13
516	119	9	LT4	31	Weekly	1,2,3,4,5,6,7,8,9,10,11,12,13
517	119	9	LT4	22	Weekly	1,2,3,4,5,6,7,8,9,10,11,12,13
518	118	28	TR16	43	Weekly	1,2,3,4,5,6,7,8,9,10,11,12,13
519	118	53	TR16	43	Weekly	1,2,3,4,5,6,7,8,9,10,11,12,13
520	119	9	LT4	45	Weekly	1,2,3,4,5,6,7,8,9,10,11,12,13
521	118	61	TR19	23	Weekly	1,2,3,4,5,6,7,8,9,10,11,12,13
522	120	9	LT10	64	Weekly	1,2,3,4,5,6,7,8,9,10,11,12,13
523	121	61	CL1	50	Weekly	1,2,3,4,5,6,7,8,9,10,11,12,13
524	120	9	LT10	30	Weekly	1,2,3,4,5,6,7,8,9,10,11,12,13
525	121	62	CL1	50	Weekly	1,2,3,4,5,6,7,8,9,10,11,12,13
526	121	62	CL1	49	Weekly	1,2,3,4,5,6,7,8,9,10,11,12,13
527	120	9	LT11	1	Weekly	1,2,3,4,5,6,7,8,9,10,11,12,13
528	122	61	TR19	2	Weekly	1,2,3,4,5,6,7,8,9,10,11,12,13
529	121	61	CL1	49	Weekly	1,2,3,4,5,6,7,8,9,10,11,12,13
530	122	62	TR19	3	Weekly	1,2,3,4,5,6,7,8,9,10,11,12,13
531	123	62	SWE	59	Odd	1,3,5,7,9,11,13
532	123	53	SWE	5	Odd	1,3,5,7,9,11,13
533	125	62	TR19	32	Weekly	1,2,3,4,5,6,7,8,9,10,11,12,13
534	124	9	LT10	48	Weekly	1,2,3,4,5,6,7,8,9,10,11,12,13
535	124	9	LT11	20	Weekly	1,2,3,4,5,6,7,8,9,10,11,12,13
536	123	61	SWE	5	Odd	1,3,5,7,9,11,13
537	123	61	SWE	4	Odd	1,3,5,7,9,11,13
538	125	53	TR19	59	Weekly	1,2,3,4,5,6,7,8,9,10,11,12,13
539	123	62	SWE	60	Odd	1,3,5,7,9,11,13
540	124	9	LT10	65	Weekly	1,2,3,4,5,6,7,8,9,10,11,12,13
541	123	53	SWE	4	Odd	1,3,5,7,9,11,13
542	125	61	TR19	59	Weekly	1,2,3,4,5,6,7,8,9,10,11,12,13
543	126	9	LT10	61	Weekly	1,2,3,4,5,6,7,8,9,10,11,12,13
544	126	9	LT10	43	Weekly	1,2,3,4,5,6,7,8,9,10,11,12,13
545	127	61	TR10	29	Weekly	1,2,3,4,5,6,7,8,9,10,11,12,13
546	126	9	LT10	16	Weekly	1,2,3,4,5,6,7,8,9,10,11,12,13
547	127	62	TR15	2	Weekly	1,2,3,4,5,6,7,8,9,10,11,12,13
548	128	10	LT19	2	Weekly	1,2,3,4,5,6,7,8,9,10,11,12,13
549	128	10	LT19	3	Weekly	1,2,3,4,5,6,7,8,9,10,11,12,13
550	129	10	LT19	52	Weekly	1,2,3,4,5,6,7,8,9,10,11,12,13
551	128	10	LT19	51	Weekly	1,2,3,4,5,6,7,8,9,10,11,12,13
552	132	10	LT10	11	Weekly	1,2,3,4,5,6,7,8,9,10,11,12,13
553	132	10	LT10	12	Weekly	1,2,3,4,5,6,7,8,9,10,11,12,13
554	133	10	LT13	33	Weekly	1,2,3,4,5,6,7,8,9,10,11,12,13
555	132	10	LT10	13	Weekly	1,2,3,4,5,6,7,8,9,10,11,12,13
556	134	10	LT19	10	Weekly	1,2,3,4,5,6,7,8,9,10,11,12,13
557	135	10	LT19	38	Weekly	1,2,3,4,5,6,7,8,9,10,11,12,13
558	134	10	LT19	37	Weekly	1,2,3,4,5,6,7,8,9,10,11,12,13
559	134	10	LT19	18	Weekly	1,2,3,4,5,6,7,8,9,10,11,12,13
560	136	10	LT19	63	Weekly	1,2,3,4,5,6,7,8,9,10,11,12,13
561	137	10	LT19	17	Weekly	1,2,3,4,5,6,7,8,9,10,11,12,13
562	136	10	LT19	4	Weekly	1,2,3,4,5,6,7,8,9,10,11,12,13
563	136	10	LT19	15	Weekly	1,2,3,4,5,6,7,8,9,10,11,12,13
564	138	10	LT8	50	Weekly	1,2,3,4,5,6,7,8,9,10,11,12,13
565	139	10	LT8	53	Weekly	1,2,3,4,5,6,7,8,9,10,11,12,13
566	139	10	LT8	55	Weekly	1,2,3,4,5,6,7,8,9,10,11,12,13
567	139	10	LT8	54	Weekly	1,2,3,4,5,6,7,8,9,10,11,12,13
568	202	10	LT11	16	Weekly	1,2,3,4,5,6,7,8,9,10,11,12,13
569	202	10	LT11	44	Weekly	1,2,3,4,5,6,7,8,9,10,11,12,13
570	202	10	LT11	29	Weekly	1,2,3,4,5,6,7,8,9,10,11,12,13
571	203	10	LT11	43	Weekly	1,2,3,4,5,6,7,8,9,10,11,12,13
572	140	10	LT10	59	Weekly	1,2,3,4,5,6,7,8,9,10,11,12,13
573	141	10	LT10	60	Weekly	1,2,3,4,5,6,7,8,9,10,11,12,13
574	140	10	LT7	32	Weekly	1,2,3,4,5,6,7,8,9,10,11,12,13
575	140	10	LT7	20	Weekly	1,2,3,4,5,6,7,8,9,10,11,12,13
576	142	10	LT10	66	Weekly	1,2,3,4,5,6,7,8,9,10,11,12,13
577	142	10	LT10	46	Weekly	1,2,3,4,5,6,7,8,9,10,11,12,13
578	143	10	LT10	24	Weekly	1,2,3,4,5,6,7,8,9,10,11,12,13
579	142	10	LT10	23	Weekly	1,2,3,4,5,6,7,8,9,10,11,12,13
580	144	10	LT4	57	Weekly	1,2,3,4,5,6,7,8,9,10,11,12,13
581	144	10	LT4	49	Weekly	1,2,3,4,5,6,7,8,9,10,11,12,13
582	145	10	LT4	58	Weekly	1,2,3,4,5,6,7,8,9,10,11,12,13
583	144	10	LT4	5	Weekly	1,2,3,4,5,6,7,8,9,10,11,12,13
584	146	10	LT2A	67	Weekly	1,2,3,4,5,6,7,8,9,10,11,12,13
585	147	10	LT2A	68	Weekly	1,2,3,4,5,6,7,8,9,10,11,12,13
586	146	10	LT2A	21	Weekly	1,2,3,4,5,6,7,8,9,10,11,12,13
587	146	10	LT2A	35	Weekly	1,2,3,4,5,6,7,8,9,10,11,12,13
588	148	10	LT12	36	Weekly	1,2,3,4,5,6,7,8,9,10,11,12,13
589	149	10	LT10	40	Weekly	1,2,3,4,5,6,7,8,9,10,11,12,13
590	149	10	LT10	41	Weekly	1,2,3,4,5,6,7,8,9,10,11,12,13
591	149	10	LT10	39	Weekly	1,2,3,4,5,6,7,8,9,10,11,12,13
592	195	18	MM2	57	Weekly	2,3,4,5,6,7,8,9,10,11,12,13
593	195	18	MM2	58	Weekly	2,3,4,5,6,7,8,9,10,11,12,13
594	195	19	MM2	15	Weekly	2,3,4,5,6,7,8,9,10,11,12,13
595	195	19	MM2	16	Weekly	2,3,4,5,6,7,8,9,10,11,12,13
596	195	20	MM3	15	Weekly	2,3,4,5,6,7,8,9,10,11,12,13
597	195	20	MM3	16	Weekly	2,3,4,5,6,7,8,9,10,11,12,13
598	195	25	MM2	3	Weekly	2,3,4,5,6,7,8,9,10,11,12,13
599	195	25	MM2	4	Weekly	2,3,4,5,6,7,8,9,10,11,12,13
600	195	26	MM2	29	Weekly	2,3,4,5,6,7,8,9,10,11,12,13
601	195	26	MM2	30	Weekly	2,3,4,5,6,7,8,9,10,11,12,13
602	195	27	MM3	57	Weekly	2,3,4,5,6,7,8,9,10,11,12,13
603	195	27	MM3	58	Weekly	2,3,4,5,6,7,8,9,10,11,12,13
604	195	28	MM2	3	Weekly	2,3,4,5,6,7,8,9,10,11,12,13
605	195	28	MM2	4	Weekly	2,3,4,5,6,7,8,9,10,11,12,13
606	195	52	MM3	3	Weekly	2,3,4,5,6,7,8,9,10,11,12,13
607	195	52	MM3	4	Weekly	2,3,4,5,6,7,8,9,10,11,12,13
608	195	51	MM2	3	Weekly	2,3,4,5,6,7,8,9,10,11,12,13
609	195	51	MM2	4	Weekly	2,3,4,5,6,7,8,9,10,11,12,13
610	195	49	MM3	3	Weekly	2,3,4,5,6,7,8,9,10,11,12,13
611	195	49	MM3	4	Weekly	2,3,4,5,6,7,8,9,10,11,12,13
612	195	64	MM2	7	Weekly	2,3,4,5,6,7,8,9,10,11,12,13
613	195	64	MM2	8	Weekly	2,3,4,5,6,7,8,9,10,11,12,13
614	195	65	MM2	21	Weekly	2,3,4,5,6,7,8,9,10,11,12,13
615	195	65	MM2	22	Weekly	2,3,4,5,6,7,8,9,10,11,12,13
616	195	66	MM2	49	Weekly	2,3,4,5,6,7,8,9,10,11,12,13
617	195	66	MM2	50	Weekly	2,3,4,5,6,7,8,9,10,11,12,13
618	195	67	MM2	61	Weekly	2,3,4,5,6,7,8,9,10,11,12,13
619	195	67	MM2	62	Weekly	2,3,4,5,6,7,8,9,10,11,12,13
620	191	36	CSKL3	29	Odd	3,5,7,9,11,13
621	191	36	CSKL3	30	Odd	3,5,7,9,11,13
622	191	37	CSKL3	29	Even	2,4,6,8,10,12
623	191	37	CSKL3	30	Even	2,4,6,8,10,12
624	191	38	CSKL3	49	Odd	3,5,7,9,11,13
625	191	38	CSKL3	50	Odd	3,5,7,9,11,13
626	191	39	CSKL3	49	Even	2,4,6,8,10,12
627	191	39	CSKL3	50	Even	2,4,6,8,10,12
628	191	40	CSKL3	21	Odd	3,5,7,9,11,13
629	191	40	CSKL3	22	Odd	3,5,7,9,11,13
630	191	41	CSKL3	21	Even	2,4,6,8,10,12
631	191	41	CSKL3	22	Even	2,4,6,8,10,12
632	164	35	LT10	1	Weekly	1,2,3,4,5,6,7,8,9,10,11,12,13
633	164	35	LT11	48	Weekly	1,2,3,4,5,6,7,8,9,10,11,12,13
634	164	35	LT10	25	Weekly	1,2,3,4,5,6,7,8,9,10,11,12,13
635	165	35	LT10	26	Weekly	1,2,3,4,5,6,7,8,9,10,11,12,13
636	168	35	LT10	61	Weekly	1,2,3,4,5,6,7,8,9,10,11,12,13
637	169	35	LT10	62	Weekly	1,2,3,4,5,6,7,8,9,10,11,12,13
638	168	35	LT10	16	Weekly	1,2,3,4,5,6,7,8,9,10,11,12,13
639	168	35	LT10	43	Weekly	1,2,3,4,5,6,7,8,9,10,11,12,13
640	170	35	LT19	63	Weekly	1,2,3,4,5,6,7,8,9,10,11,12,13
641	170	35	LT19	4	Weekly	1,2,3,4,5,6,7,8,9,10,11,12,13
642	170	35	LT19	15	Weekly	1,2,3,4,5,6,7,8,9,10,11,12,13
643	171	35	LT19	17	Weekly	1,2,3,4,5,6,7,8,9,10,11,12,13
644	172	35	LT4	22	Weekly	1,2,3,4,5,6,7,8,9,10,11,12,13
645	173	35	TR19	44	Weekly	1,2,3,4,5,6,7,8,9,10,11,12,13
646	172	35	LT4	45	Weekly	1,2,3,4,5,6,7,8,9,10,11,12,13
647	172	35	LT4	31	Weekly	1,2,3,4,5,6,7,8,9,10,11,12,13
648	174	35	LT12	36	Weekly	1,2,3,4,5,6,7,8,9,10,11,12,13
649	175	35	LT10	39	Weekly	1,2,3,4,5,6,7,8,9,10,11,12,13
650	175	35	LT10	40	Weekly	1,2,3,4,5,6,7,8,9,10,11,12,13
651	175	35	LT10	41	Weekly	1,2,3,4,5,6,7,8,9,10,11,12,13
652	176	35	LT19	10	Weekly	1,2,3,4,5,6,7,8,9,10,11,12,13
653	176	35	LT19	18	Weekly	1,2,3,4,5,6,7,8,9,10,11,12,13
654	176	35	LT19	37	Weekly	1,2,3,4,5,6,7,8,9,10,11,12,13
655	177	35	LT19	38	Weekly	1,2,3,4,5,6,7,8,9,10,11,12,13
656	178	35	LT4	57	Weekly	1,2,3,4,5,6,7,8,9,10,11,12,13
657	179	35	LT4	58	Weekly	1,2,3,4,5,6,7,8,9,10,11,12,13
658	178	35	LT4	5	Weekly	1,2,3,4,5,6,7,8,9,10,11,12,13
659	178	35	LT4	49	Weekly	1,2,3,4,5,6,7,8,9,10,11,12,13
660	180	35	LT19	2	Weekly	1,2,3,4,5,6,7,8,9,10,11,12,13
661	180	35	LT19	3	Weekly	1,2,3,4,5,6,7,8,9,10,11,12,13
662	180	35	LT19	51	Weekly	1,2,3,4,5,6,7,8,9,10,11,12,13
663	181	35	LT19	52	Weekly	1,2,3,4,5,6,7,8,9,10,11,12,13
664	182	35	LT10	11	Weekly	1,2,3,4,5,6,7,8,9,10,11,12,13
665	182	35	LT10	12	Weekly	1,2,3,4,5,6,7,8,9,10,11,12,13
666	182	35	LT10	13	Weekly	1,2,3,4,5,6,7,8,9,10,11,12,13
667	183	35	LT13	33	Weekly	1,2,3,4,5,6,7,8,9,10,11,12,13
668	184	35	LT10	9	Weekly	1,2,3,4,5,6,7,8,9,10,11,12,13
669	185	35	LT10	54	Weekly	1,2,3,4,5,6,7,8,9,10,11,12,13
670	184	35	LT10	53	Weekly	1,2,3,4,5,6,7,8,9,10,11,12,13
671	184	35	LT13	24	Weekly	1,2,3,4,5,6,7,8,9,10,11,12,13
672	186	35	LT14	65	Weekly	1,2,3,4,5,6,7,8,9,10,11,12,13
673	187	35	LT14	66	Weekly	1,2,3,4,5,6,7,8,9,10,11,12,13
674	186	35	LT11	30	Weekly	1,2,3,4,5,6,7,8,9,10,11,12,13
675	186	35	LT11	50	Weekly	1,2,3,4,5,6,7,8,9,10,11,12,13
676	188	35	LT2A	67	Weekly	1,2,3,4,5,6,7,8,9,10,11,12,13
677	189	35	LT2A	68	Weekly	1,2,3,4,5,6,7,8,9,10,11,12,13
678	188	35	LT2A	21	Weekly	1,2,3,4,5,6,7,8,9,10,11,12,13
679	188	35	LT2A	35	Weekly	1,2,3,4,5,6,7,8,9,10,11,12,13
