1	201	31	CL2	33	Weekly	1,2,3,4,5,6,7,8,9,10,11,12,13
2	201	31	CL2	34	Weekly	1,2,3,4,5,6,7,8,9,10,11,12,13
3	193	31	LT10	35	Weekly	1,2,3,4,5,6,7,8,9,10,11,12,13
4	193	31	LT10	36	Weekly	1,2,3,4,5,6,7,8,9,10,11,12,13
5	193	31	LT10	37	Weekly	1,2,3,4,5,6,7,8,9,10,11,12,13
6	3	3	LT10	6	Weekly	1,2,3,4,5,6,7,8,9,10,11,12,13
7	3	3	TR15	22	Weekly	1,2,3,4,5,6,7,8,9,10,11,12,13
8	4	21	TR15	24	Weekly	1,2,3,4,5,6,7,8,9,10,11,12,13
9	5	21	ELE	45	Even	2,4,6,8,10,12
10	5	21	ELE	46	Even	2,4,6,8,10,12
11	3	3	LT12	33	Weekly	1,2,3,4,5,6,7,8,9,10,11,12,13
12	6	3	LT10	58	Weekly	1,2,3,4,5,6,7,8,9,10,11,12,13
13	8	21	CL1	62	Weekly	1,2,3,4,5,6,7,8,9,10,11,12,13
14	8	21	CL1	63	Weekly	1,2,3,4,5,6,7,8,9,10,11,12,13
15	6	3	LT9	23	Weekly	1,2,3,4,5,6,7,8,9,10,11,12,13
16	7	21	TR11	43	Weekly	1,2,3,4,5,6,7,8,9,10,11,12,13
17	6	3	LT10	44	Weekly	1,2,3,4,5,6,7,8,9,10,11,12,13
18	9	3	LT11	60	Weekly	1,2,3,4,5,6,7,8,9,10,11,12,13
19	9	3	LT11	5	Weekly	1,2,3,4,5,6,7,8,9,10,11,12,13
20	9	3	LT11	31	Weekly	1,2,3,4,5,6,7,8,9,10,11,12,13
21	10	21	TR14	32	Weekly	1,2,3,4,5,6,7,8,9,10,11,12,13
22	13	23	TR12	57	Weekly	1,2,3,4,5,6,7,8,9,10,11,12,13
23	13	1	TR12	58	Weekly	1,2,3,4,5,6,7,8,9,10,11,12,13
24	11	15	DIG	59	Odd	1,3,5,7,9,11,13
25	11	15	DIG	60	Odd	1,3,5,7,9,11,13
26	11	16	DIG	59	Even	2,4,6,8,10,12
27	11	16	DIG	60	Even	2,4,6,8,10,12
28	13	22	TR14	59	Weekly	1,2,3,4,5,6,7,8,9,10,11,12,13
29	12	3	LT4	61	Weekly	1,2,3,4,5,6,7,8,9,10,11,12,13
30	12	3	LT4	1	Weekly	1,2,3,4,5,6,7,8,9,10,11,12,13
31	13	15	TR13	6	Weekly	1,2,3,4,5,6,7,8,9,10,11,12,13
32	11	17	DIG	7	Odd	1,3,5,7,9,11,13
33	11	17	DIG	8	Odd	1,3,5,7,9,11,13
34	13	16	TR14	8	Weekly	1,2,3,4,5,6,7,8,9,10,11,12,13
35	11	23	DIG	15	Even	2,4,6,8,10,12
36	11	23	DIG	16	Even	2,4,6,8,10,12
37	13	11	TR11	15	Weekly	1,2,3,4,5,6,7,8,9,10,11,12,13
38	13	12	TR12	16	Weekly	1,2,3,4,5,6,7,8,9,10,11,12,13
39	12	3	LT4	19	Weekly	1,2,3,4,5,6,7,8,9,10,11,12,13
40	13	17	TR15	21	Weekly	1,2,3,4,5,6,7,8,9,10,11,12,13
41	11	13	DIG	45	Odd	1,3,5,7,9,11,13
42	11	13	DIG	46	Odd	1,3,5,7,9,11,13
43	11	14	DIG	45	Even	2,4,6,8,10,12
44	11	14	DIG	46	Even	2,4,6,8,10,12
45	11	11	DIG	31	Odd	1,3,5,7,9,11,13
46	11	11	DIG	32	Odd	1,3,5,7,9,11,13
47	11	12	DIG	31	Even	2,4,6,8,10,12
48	11	12	DIG	32	Even	2,4,6,8,10,12
49	13	13	TR11	31	Weekly	1,2,3,4,5,6,7,8,9,10,11,12,13
50	13	14	TR12	32	Weekly	1,2,3,4,5,6,7,8,9,10,11,12,13
51	14	17	CL1	59	Weekly	1,2,3,4,5,6,7,8,9,10,11,12,13
52	14	17	CL1	60	Weekly	1,2,3,4,5,6,7,8,9,10,11,12,13
53	16	3	LT4	2	Weekly	1,2,3,4,5,6,7,8,9,10,11,12,13
54	14	11	CL1	5	Weekly	1,2,3,4,5,6,7,8,9,10,11,12,13
55	14	11	CL1	6	Weekly	1,2,3,4,5,6,7,8,9,10,11,12,13
56	14	12	CL1	7	Weekly	1,2,3,4,5,6,7,8,9,10,11,12,13
57	14	12	CL1	8	Weekly	1,2,3,4,5,6,7,8,9,10,11,12,13
58	15	16	TR14	7	Weekly	1,2,3,4,5,6,7,8,9,10,11,12,13
59	15	15	TR13	8	Weekly	1,2,3,4,5,6,7,8,9,10,11,12,13
60	14	13	CL1	15	Weekly	1,2,3,4,5,6,7,8,9,10,11,12,13
61	14	13	CL1	16	Weekly	1,2,3,4,5,6,7,8,9,10,11,12,13
62	15	12	TR12	15	Weekly	1,2,3,4,5,6,7,8,9,10,11,12,13
63	15	11	TR11	16	Weekly	1,2,3,4,5,6,7,8,9,10,11,12,13
64	14	14	CL1	21	Weekly	1,2,3,4,5,6,7,8,9,10,11,12,13
65	14	14	CL1	22	Weekly	1,2,3,4,5,6,7,8,9,10,11,12,13
66	14	16	CL1	21	Weekly	1,2,3,4,5,6,7,8,9,10,11,12,13
67	14	16	CL1	22	Weekly	1,2,3,4,5,6,7,8,9,10,11,12,13
68	16	3	LT8	51	Weekly	1,2,3,4,5,6,7,8,9,10,11,12,13
69	16	3	LT4	30	Weekly	1,2,3,4,5,6,7,8,9,10,11,12,13
70	14	15	CL1	31	Weekly	1,2,3,4,5,6,7,8,9,10,11,12,13
71	14	15	CL1	32	Weekly	1,2,3,4,5,6,7,8,9,10,11,12,13
72	15	14	TR12	31	Weekly	1,2,3,4,5,6,7,8,9,10,11,12,13
73	15	13	TR11	32	Weekly	1,2,3,4,5,6,7,8,9,10,11,12,13
74	17	13	TR13	60	Weekly	1,2,3,4,5,6,7,8,9,10,11,12,13
75	18	3	LT4	64	Weekly	1,2,3,4,5,6,7,8,9,10,11,12,13
76	17	68	TR16	3	Weekly	1,2,3,4,5,6,7,8,9,10,11,12,13
77	17	16	TR14	6	Weekly	1,2,3,4,5,6,7,8,9,10,11,12,13
78	17	15	TR13	7	Weekly	1,2,3,4,5,6,7,8,9,10,11,12,13
79	17	11	TR18	8	Weekly	1,2,3,4,5,6,7,8,9,10,11,12,13
80	17	14	TR13	16	Weekly	1,2,3,4,5,6,7,8,9,10,11,12,13
81	18	3	LT4	20	Weekly	1,2,3,4,5,6,7,8,9,10,11,12,13
82	17	17	TR12	44	Weekly	1,2,3,4,5,6,7,8,9,10,11,12,13
83	17	12	TR15	47	Weekly	1,2,3,4,5,6,7,8,9,10,11,12,13
84	18	3	LT4	29	Weekly	1,2,3,4,5,6,7,8,9,10,11,12,13
85	17	69	TR19	30	Weekly	1,2,3,4,5,6,7,8,9,10,11,12,13
86	19	6	LT2A	7	Weekly	1,2,3,4,5,6,7,8,9,10,11,12,13
87	19	6	LT2A	8	Weekly	1,2,3,4,5,6,7,8,9,10,11,12,13
88	19	6	LT2A	19	Weekly	1,2,3,4,5,6,7,8,9,10,11,12,13
89	20	57	TR10	16	Weekly	1,2,3,4,5,6,7,8,9,10,11,12,13
90	20	60	TR16	50	Weekly	1,2,3,4,5,6,7,8,9,10,11,12,13
91	20	59	TR14	51	Weekly	1,2,3,4,5,6,7,8,9,10,11,12,13
92	21	6	LT8	47	Weekly	1,2,3,4,5,6,7,8,9,10,11,12,13
93	20	53	TR14	18	Weekly	1,2,3,4,5,6,7,8,9,10,11,12,13
94	20	56	TR17	22	Weekly	1,2,3,4,5,6,7,8,9,10,11,12,13
95	20	58	TR11	45	Weekly	1,2,3,4,5,6,7,8,9,10,11,12,13
96	20	52	TR18	46	Weekly	1,2,3,4,5,6,7,8,9,10,11,12,13
97	21	6	LT8	21	Weekly	1,2,3,4,5,6,7,8,9,10,11,12,13
98	22	68	DIG	57	Odd	1,3,5,7,9,11,13
99	22	68	DIG	58	Odd	1,3,5,7,9,11,13
100	23	50	TR12	23	Weekly	1,2,3,4,5,6,7,8,9,10,11,12,13
101	24	4	LT8	49	Weekly	1,2,3,4,5,6,7,8,9,10,11,12,13
102	24	4	LT8	22	Weekly	1,2,3,4,5,6,7,8,9,10,11,12,13
103	22	69	DIG	57	Even	2,4,6,8,10,12
104	22	69	DIG	58	Even	2,4,6,8,10,12
105	23	68	TR19	63	Weekly	1,2,3,4,5,6,7,8,9,10,11,12,13
106	23	69	TR14	2	Weekly	1,2,3,4,5,6,7,8,9,10,11,12,13
107	24	4	LT8	5	Weekly	1,2,3,4,5,6,7,8,9,10,11,12,13
108	22	50	DIG	61	Odd	1,3,5,7,9,11,13
109	22	50	DIG	62	Odd	1,3,5,7,9,11,13
110	25	68	CE	57	Even	2,4,6,8,10,12
111	25	68	CE	58	Even	2,4,6,8,10,12
112	27	50	TR19	51	Weekly	1,2,3,4,5,6,7,8,9,10,11,12,13
113	26	4	LT19	48	Weekly	1,2,3,4,5,6,7,8,9,10,11,12,13
114	27	69	TR19	45	Weekly	1,2,3,4,5,6,7,8,9,10,11,12,13
115	27	68	TR14	44	Weekly	1,2,3,4,5,6,7,8,9,10,11,12,13
116	25	50	CE	61	Even	2,4,6,8,10,12
117	25	50	CE	62	Even	2,4,6,8,10,12
118	25	71	CE	3	Even	2,4,6,8,10,12
119	25	71	CE	4	Even	2,4,6,8,10,12
120	26	4	LT19	8	Weekly	1,2,3,4,5,6,7,8,9,10,11,12,13
121	26	4	LT19	21	Weekly	1,2,3,4,5,6,7,8,9,10,11,12,13
122	27	54	TR13	17	Weekly	1,2,3,4,5,6,7,8,9,10,11,12,13
123	25	69	CE	57	Odd	1,3,5,7,9,11,13
124	25	69	CE	58	Odd	1,3,5,7,9,11,13
125	28	4	LT4	65	Weekly	1,2,3,4,5,6,7,8,9,10,11,12,13
126	29	69	TR11	17	Weekly	1,2,3,4,5,6,7,8,9,10,11,12,13
127	30	50	MS	46	Odd	1,3,5,7,9,11,13
128	30	50	MS	47	Odd	1,3,5,7,9,11,13
129	30	69	MS	31	Odd	1,3,5,7,9,11,13
130	30	69	MS	32	Odd	1,3,5,7,9,11,13
131	29	50	TR15	33	Weekly	1,2,3,4,5,6,7,8,9,10,11,12,13
132	29	68	TR12	30	Weekly	1,2,3,4,5,6,7,8,9,10,11,12,13
133	28	4	LT8	43	Weekly	1,2,3,4,5,6,7,8,9,10,11,12,13
134	30	68	MS	17	Even	2,4,6,8,10,12
135	30	68	MS	18	Even	2,4,6,8,10,12
136	28	4	LT4	9	Weekly	1,2,3,4,5,6,7,8,9,10,11,12,13
137	31	69	TR13	63	Weekly	1,2,3,4,5,6,7,8,9,10,11,12,13
138	31	19	TR13	3	Weekly	1,2,3,4,5,6,7,8,9,10,11,12,13
139	32	4	LT14	7	Weekly	1,2,3,4,5,6,7,8,9,10,11,12,13
140	32	4	LT14	23	Weekly	1,2,3,4,5,6,7,8,9,10,11,12,13
141	32	4	LT14	50	Weekly	1,2,3,4,5,6,7,8,9,10,11,12,13
142	31	68	TR14	16	Weekly	1,2,3,4,5,6,7,8,9,10,11,12,13
143	31	50	TR11	6	Weekly	1,2,3,4,5,6,7,8,9,10,11,12,13
144	33	4	LT2A	57	Weekly	1,2,3,4,5,6,7,8,9,10,11,12,13
145	35	45	CL2	63	Odd	1,3,5,7,9,11,13
146	35	45	CL2	64	Odd	1,3,5,7,9,11,13
147	35	46	CL2	63	Even	2,4,6,8,10,12
148	35	46	CL2	64	Even	2,4,6,8,10,12
149	34	48	TR13	64	Weekly	1,2,3,4,5,6,7,8,9,10,11,12,13
150	34	45	TR11	1	Weekly	1,2,3,4,5,6,7,8,9,10,11,12,13
151	35	47	CL2	7	Odd	1,3,5,7,9,11,13
152	35	47	CL2	8	Odd	1,3,5,7,9,11,13
153	35	52	CL2	31	Odd	1,3,5,7,9,11,13
154	35	52	CL2	32	Odd	1,3,5,7,9,11,13
155	34	49	TR15	50	Weekly	1,2,3,4,5,6,7,8,9,10,11,12,13
156	35	44	CL2	49	Even	2,4,6,8,10,12
157	35	44	CL2	50	Even	2,4,6,8,10,12
158	35	43	CL2	49	Odd	1,3,5,7,9,11,13
159	35	43	CL2	50	Odd	1,3,5,7,9,11,13
160	35	49	CL2	45	Odd	1,3,5,7,9,11,13
161	35	49	CL2	46	Odd	1,3,5,7,9,11,13
162	33	4	LT2A	44	Weekly	1,2,3,4,5,6,7,8,9,10,11,12,13
163	34	44	TR12	22	Weekly	1,2,3,4,5,6,7,8,9,10,11,12,13
164	34	43	TR15	19	Weekly	1,2,3,4,5,6,7,8,9,10,11,12,13
165	33	4	LT2A	15	Weekly	1,2,3,4,5,6,7,8,9,10,11,12,13
166	35	48	CL2	7	Even	2,4,6,8,10,12
167	35	48	CL2	8	Even	2,4,6,8,10,12
168	34	46	TR12	2	Weekly	1,2,3,4,5,6,7,8,9,10,11,12,13
169	35	51	CL2	1	Odd	1,3,5,7,9,11,13
170	35	51	CL2	2	Odd	1,3,5,7,9,11,13
171	34	47	TR11	63	Weekly	1,2,3,4,5,6,7,8,9,10,11,12,13
172	36	47	TR11	58	Weekly	1,2,3,4,5,6,7,8,9,10,11,12,13
173	37	46	CE	63	Odd	1,3,5,7,9,11,13
174	37	46	CE	64	Odd	1,3,5,7,9,11,13
175	36	46	TR12	1	Weekly	1,2,3,4,5,6,7,8,9,10,11,12,13
176	38	4	LT4	4	Weekly	1,2,3,4,5,6,7,8,9,10,11,12,13
177	37	48	CE	7	Odd	1,3,5,7,9,11,13
178	37	48	CE	8	Odd	1,3,5,7,9,11,13
179	38	4	LT4	32	Weekly	1,2,3,4,5,6,7,8,9,10,11,12,13
180	36	68	TR16	31	Weekly	1,2,3,4,5,6,7,8,9,10,11,12,13
181	36	49	TR15	51	Weekly	1,2,3,4,5,6,7,8,9,10,11,12,13
182	37	44	CE	49	Odd	1,3,5,7,9,11,13
183	37	44	CE	50	Odd	1,3,5,7,9,11,13
184	37	43	CE	49	Even	2,4,6,8,10,12
185	37	43	CE	50	Even	2,4,6,8,10,12
186	37	68	CE	47	Odd	1,3,5,7,9,11,13
187	37	68	CE	48	Odd	1,3,5,7,9,11,13
188	37	49	CE	45	Even	2,4,6,8,10,12
189	37	49	CE	46	Even	2,4,6,8,10,12
190	36	44	TR12	21	Weekly	1,2,3,4,5,6,7,8,9,10,11,12,13
191	36	43	TR19	20	Weekly	1,2,3,4,5,6,7,8,9,10,11,12,13
192	37	47	CE	7	Even	2,4,6,8,10,12
193	37	47	CE	8	Even	2,4,6,8,10,12
194	36	45	TR11	2	Weekly	1,2,3,4,5,6,7,8,9,10,11,12,13
195	36	48	TR12	63	Weekly	1,2,3,4,5,6,7,8,9,10,11,12,13
196	37	45	CE	63	Even	2,4,6,8,10,12
197	37	45	CE	64	Even	2,4,6,8,10,12
198	38	4	LT4	59	Weekly	1,2,3,4,5,6,7,8,9,10,11,12,13
199	39	68	SWE	61	Weekly	1,2,3,4,5,6,7,8,9,10,11,12,13
200	39	68	SWE	62	Weekly	1,2,3,4,5,6,7,8,9,10,11,12,13
201	40	4	LT4	16	Weekly	1,2,3,4,5,6,7,8,9,10,11,12,13
202	41	48	TR12	20	Weekly	1,2,3,4,5,6,7,8,9,10,11,12,13
203	41	45	TR13	30	Weekly	1,2,3,4,5,6,7,8,9,10,11,12,13
204	41	46	TR14	29	Weekly	1,2,3,4,5,6,7,8,9,10,11,12,13
205	39	48	SWE	29	Weekly	1,2,3,4,5,6,7,8,9,10,11,12,13
206	39	48	SWE	30	Weekly	1,2,3,4,5,6,7,8,9,10,11,12,13
207	39	47	SWE	29	Weekly	1,2,3,4,5,6,7,8,9,10,11,12,13
208	39	47	SWE	30	Weekly	1,2,3,4,5,6,7,8,9,10,11,12,13
209	41	44	TR12	48	Weekly	1,2,3,4,5,6,7,8,9,10,11,12,13
210	41	43	TR11	47	Weekly	1,2,3,4,5,6,7,8,9,10,11,12,13
211	39	46	SWE	47	Weekly	1,2,3,4,5,6,7,8,9,10,11,12,13
212	39	46	SWE	48	Weekly	1,2,3,4,5,6,7,8,9,10,11,12,13
213	39	45	SWE	47	Weekly	1,2,3,4,5,6,7,8,9,10,11,12,13
214	39	45	SWE	48	Weekly	1,2,3,4,5,6,7,8,9,10,11,12,13
215	40	4	LT8	45	Weekly	1,2,3,4,5,6,7,8,9,10,11,12,13
216	41	47	TR11	19	Weekly	1,2,3,4,5,6,7,8,9,10,11,12,13
217	41	68	TR12	6	Weekly	1,2,3,4,5,6,7,8,9,10,11,12,13
218	39	43	SWE	63	Weekly	1,2,3,4,5,6,7,8,9,10,11,12,13
219	39	43	SWE	64	Weekly	1,2,3,4,5,6,7,8,9,10,11,12,13
220	39	44	SWE	63	Weekly	1,2,3,4,5,6,7,8,9,10,11,12,13
221	39	44	SWE	64	Weekly	1,2,3,4,5,6,7,8,9,10,11,12,13
222	40	4	LT4	3	Weekly	1,2,3,4,5,6,7,8,9,10,11,12,13
223	42	4	LT8	62	Weekly	1,2,3,4,5,6,7,8,9,10,11,12,13
224	44	47	TR11	20	Weekly	1,2,3,4,5,6,7,8,9,10,11,12,13
225	44	17	TR12	43	Weekly	1,2,3,4,5,6,7,8,9,10,11,12,13
226	42	4	LT8	31	Weekly	1,2,3,4,5,6,7,8,9,10,11,12,13
227	44	46	TR14	30	Weekly	1,2,3,4,5,6,7,8,9,10,11,12,13
228	44	45	TR13	29	Weekly	1,2,3,4,5,6,7,8,9,10,11,12,13
229	43	44	ELE	29	Weekly	1,2,3,4,5,6,7,8,9,10,11,12,13
230	43	44	ELE	30	Weekly	1,2,3,4,5,6,7,8,9,10,11,12,13
231	43	47	ELE	49	Weekly	1,2,3,4,5,6,7,8,9,10,11,12,13
232	43	47	ELE	50	Weekly	1,2,3,4,5,6,7,8,9,10,11,12,13
233	44	43	TR11	48	Weekly	1,2,3,4,5,6,7,8,9,10,11,12,13
234	44	44	TR12	47	Weekly	1,2,3,4,5,6,7,8,9,10,11,12,13
235	43	48	ELE	47	Weekly	1,2,3,4,5,6,7,8,9,10,11,12,13
236	43	48	ELE	48	Weekly	1,2,3,4,5,6,7,8,9,10,11,12,13
237	43	17	ELE	45	Weekly	1,2,3,4,5,6,7,8,9,10,11,12,13
238	43	17	ELE	46	Weekly	1,2,3,4,5,6,7,8,9,10,11,12,13
239	43	46	ELE	21	Weekly	1,2,3,4,5,6,7,8,9,10,11,12,13
240	43	46	ELE	22	Weekly	1,2,3,4,5,6,7,8,9,10,11,12,13
241	44	48	TR12	19	Weekly	1,2,3,4,5,6,7,8,9,10,11,12,13
242	43	43	ELE	1	Weekly	1,2,3,4,5,6,7,8,9,10,11,12,13
243	43	43	ELE	2	Weekly	1,2,3,4,5,6,7,8,9,10,11,12,13
244	42	4	LT8	18	Weekly	1,2,3,4,5,6,7,8,9,10,11,12,13
245	43	45	ELE	19	Weekly	1,2,3,4,5,6,7,8,9,10,11,12,13
246	43	45	ELE	20	Weekly	1,2,3,4,5,6,7,8,9,10,11,12,13
247	45	5	LT5	60	Weekly	1,2,3,4,5,6,7,8,9,10,11,12,13
248	47	49	COMM	21	Even	2,4,6,8,10,12
249	47	49	COMM	22	Even	2,4,6,8,10,12
250	47	56	COMM	49	Odd	1,3,5,7,9,11,13
251	47	56	COMM	50	Odd	1,3,5,7,9,11,13
252	46	57	TR10	32	Weekly	1,2,3,4,5,6,7,8,9,10,11,12,13
253	45	5	LT8	30	Weekly	1,2,3,4,5,6,7,8,9,10,11,12,13
254	47	57	COMM	45	Even	2,4,6,8,10,12
255	47	57	COMM	46	Even	2,4,6,8,10,12
256	46	56	TR13	19	Weekly	1,2,3,4,5,6,7,8,9,10,11,12,13
257	45	5	LT5	5	Weekly	1,2,3,4,5,6,7,8,9,10,11,12,13
258	46	49	TR15	8	Weekly	1,2,3,4,5,6,7,8,9,10,11,12,13
259	48	57	TR10	62	Weekly	1,2,3,4,5,6,7,8,9,10,11,12,13
260	48	49	TR18	7	Weekly	1,2,3,4,5,6,7,8,9,10,11,12,13
261	50	5	LT19	29	Weekly	1,2,3,4,5,6,7,8,9,10,11,12,13
262	49	56	COMM	49	Even	2,4,6,8,10,12
263	49	56	COMM	50	Even	2,4,6,8,10,12
264	49	57	COMM	45	Odd	1,3,5,7,9,11,13
265	49	57	COMM	46	Odd	1,3,5,7,9,11,13
266	48	56	TR14	43	Weekly	1,2,3,4,5,6,7,8,9,10,11,12,13
267	49	49	COMM	21	Odd	1,3,5,7,9,11,13
268	49	49	COMM	22	Odd	1,3,5,7,9,11,13
269	50	5	LT8	2	Weekly	1,2,3,4,5,6,7,8,9,10,11,12,13
270	50	5	LT8	63	Weekly	1,2,3,4,5,6,7,8,9,10,11,12,13
271	51	5	LT11	58	Weekly	1,2,3,4,5,6,7,8,9,10,11,12,13
272	53	52	DB	29	Odd	1,3,5,7,9,11,13
273	53	52	DB	30	Odd	1,3,5,7,9,11,13
274	52	51	TR13	50	Weekly	1,2,3,4,5,6,7,8,9,10,11,12,13
275	52	56	TR10	44	Weekly	1,2,3,4,5,6,7,8,9,10,11,12,13
276	52	52	TR15	43	Weekly	1,2,3,4,5,6,7,8,9,10,11,12,13
277	53	57	DB	19	Odd	1,3,5,7,9,11,13
278	53	57	DB	20	Odd	1,3,5,7,9,11,13
279	51	5	LT11	17	Weekly	1,2,3,4,5,6,7,8,9,10,11,12,13
280	53	58	DB	15	Odd	1,3,5,7,9,11,13
281	53	58	DB	16	Odd	1,3,5,7,9,11,13
282	51	5	LT11	6	Weekly	1,2,3,4,5,6,7,8,9,10,11,12,13
283	52	57	TR10	3	Weekly	1,2,3,4,5,6,7,8,9,10,11,12,13
284	53	56	DB	31	Even	2,4,6,8,10,12
285	53	56	DB	32	Even	2,4,6,8,10,12
286	52	58	TR13	59	Weekly	1,2,3,4,5,6,7,8,9,10,11,12,13
287	53	51	DB	1	Even	2,4,6,8,10,12
288	53	51	DB	2	Even	2,4,6,8,10,12
289	54	6	LT19	2	Weekly	1,2,3,4,5,6,7,8,9,10,11,12,13
290	54	6	LT19	3	Weekly	1,2,3,4,5,6,7,8,9,10,11,12,13
291	55	6	LT19	52	Weekly	1,2,3,4,5,6,7,8,9,10,11,12,13
292	54	6	LT19	51	Weekly	1,2,3,4,5,6,7,8,9,10,11,12,13
293	56	6	LT10	61	Weekly	1,2,3,4,5,6,7,8,9,10,11,12,13
294	57	6	LT10	62	Weekly	1,2,3,4,5,6,7,8,9,10,11,12,13
295	56	6	LT10	16	Weekly	1,2,3,4,5,6,7,8,9,10,11,12,13
296	56	6	LT10	43	Weekly	1,2,3,4,5,6,7,8,9,10,11,12,13
297	60	6	LT10	11	Weekly	1,2,3,4,5,6,7,8,9,10,11,12,13
298	60	6	LT10	12	Weekly	1,2,3,4,5,6,7,8,9,10,11,12,13
299	61	6	LT13	33	Weekly	1,2,3,4,5,6,7,8,9,10,11,12,13
300	60	6	LT10	13	Weekly	1,2,3,4,5,6,7,8,9,10,11,12,13
301	62	6	LT8	66	Weekly	1,2,3,4,5,6,7,8,9,10,11,12,13
302	62	6	LT8	23	Weekly	1,2,3,4,5,6,7,8,9,10,11,12,13
303	63	6	LT8	29	Weekly	1,2,3,4,5,6,7,8,9,10,11,12,13
304	62	6	LT8	46	Weekly	1,2,3,4,5,6,7,8,9,10,11,12,13
305	64	6	LT19	10	Weekly	1,2,3,4,5,6,7,8,9,10,11,12,13
306	64	6	LT19	18	Weekly	1,2,3,4,5,6,7,8,9,10,11,12,13
307	65	6	LT19	38	Weekly	1,2,3,4,5,6,7,8,9,10,11,12,13
308	64	6	LT19	37	Weekly	1,2,3,4,5,6,7,8,9,10,11,12,13
309	66	6	LT10	1	Weekly	1,2,3,4,5,6,7,8,9,10,11,12,13
310	66	6	LT11	48	Weekly	1,2,3,4,5,6,7,8,9,10,11,12,13
311	67	6	LT10	26	Weekly	1,2,3,4,5,6,7,8,9,10,11,12,13
312	66	6	LT10	25	Weekly	1,2,3,4,5,6,7,8,9,10,11,12,13
313	68	6	LT10	9	Weekly	1,2,3,4,5,6,7,8,9,10,11,12,13
314	68	6	LT13	24	Weekly	1,2,3,4,5,6,7,8,9,10,11,12,13
315	69	6	LT10	54	Weekly	1,2,3,4,5,6,7,8,9,10,11,12,13
316	68	6	LT10	53	Weekly	1,2,3,4,5,6,7,8,9,10,11,12,13
317	70	6	LT19	63	Weekly	1,2,3,4,5,6,7,8,9,10,11,12,13
318	70	6	LT19	4	Weekly	1,2,3,4,5,6,7,8,9,10,11,12,13
319	71	6	LT19	17	Weekly	1,2,3,4,5,6,7,8,9,10,11,12,13
320	70	6	LT19	15	Weekly	1,2,3,4,5,6,7,8,9,10,11,12,13
321	72	6	LT14	65	Weekly	1,2,3,4,5,6,7,8,9,10,11,12,13
322	73	6	LT14	66	Weekly	1,2,3,4,5,6,7,8,9,10,11,12,13
323	72	6	LT11	30	Weekly	1,2,3,4,5,6,7,8,9,10,11,12,13
324	72	6	LT11	50	Weekly	1,2,3,4,5,6,7,8,9,10,11,12,13
325	74	6	LT4	22	Weekly	1,2,3,4,5,6,7,8,9,10,11,12,13
326	74	6	LT4	31	Weekly	1,2,3,4,5,6,7,8,9,10,11,12,13
327	74	6	LT4	45	Weekly	1,2,3,4,5,6,7,8,9,10,11,12,13
328	75	61	TR19	23	Weekly	1,2,3,4,5,6,7,8,9,10,11,12,13
329	75	6	TR4	44	Weekly	1,2,3,4,5,6,7,8,9,10,11,12,13
330	76	6	LT4	57	Weekly	1,2,3,4,5,6,7,8,9,10,11,12,13
331	76	6	LT4	5	Weekly	1,2,3,4,5,6,7,8,9,10,11,12,13
332	77	6	LT4	58	Weekly	1,2,3,4,5,6,7,8,9,10,11,12,13
333	76	6	LT4	49	Weekly	1,2,3,4,5,6,7,8,9,10,11,12,13
334	78	6	LT2A	67	Weekly	1,2,3,4,5,6,7,8,9,10,11,12,13
335	78	6	LT2A	35	Weekly	1,2,3,4,5,6,7,8,9,10,11,12,13
336	78	6	LT2A	21	Weekly	1,2,3,4,5,6,7,8,9,10,11,12,13
337	79	6	LT2A	68	Weekly	1,2,3,4,5,6,7,8,9,10,11,12,13
338	80	6	LT12	36	Weekly	1,2,3,4,5,6,7,8,9,10,11,12,13
339	81	6	LT19	39	Weekly	1,2,3,4,5,6,7,8,9,10,11,12,13
340	81	6	LT19	41	Weekly	1,2,3,4,5,6,7,8,9,10,11,12,13
341	81	6	LT19	40	Weekly	1,2,3,4,5,6,7,8,9,10,11,12,13
342	204	6	LT10	59	Weekly	1,2,3,4,5,6,7,8,9,10,11,12,13
343	205	6	LT10	60	Weekly	1,2,3,4,5,6,7,8,9,10,11,12,13
344	204	6	LT7	32	Weekly	1,2,3,4,5,6,7,8,9,10,11,12,13
345	204	6	LT7	20	Weekly	1,2,3,4,5,6,7,8,9,10,11,12,13
346	82	7	LT10	58	Weekly	1,2,3,4,5,6,7,8,9,10,11,12,13
347	83	29	TR13	22	Weekly	1,2,3,4,5,6,7,8,9,10,11,12,13
348	82	7	LT9	23	Weekly	1,2,3,4,5,6,7,8,9,10,11,12,13
349	84	29	CL1	17	Weekly	1,2,3,4,5,6,7,8,9,10,11,12,13
350	84	29	CL1	18	Weekly	1,2,3,4,5,6,7,8,9,10,11,12,13
351	82	7	LT10	44	Weekly	1,2,3,4,5,6,7,8,9,10,11,12,13
352	85	7	LT11	60	Weekly	1,2,3,4,5,6,7,8,9,10,11,12,13
353	85	7	LT11	31	Weekly	1,2,3,4,5,6,7,8,9,10,11,12,13
354	85	7	LT11	5	Weekly	1,2,3,4,5,6,7,8,9,10,11,12,13
355	86	29	TR12	62	Weekly	1,2,3,4,5,6,7,8,9,10,11,12,13
356	87	23	TR12	57	Weekly	1,2,3,4,5,6,7,8,9,10,11,12,13
357	87	1	TR12	58	Weekly	1,2,3,4,5,6,7,8,9,10,11,12,13
358	87	24	TR12	57	Weekly	1,2,3,4,5,6,7,8,9,10,11,12,13
359	87	22	TR14	59	Weekly	1,2,3,4,5,6,7,8,9,10,11,12,13
360	88	7	LT4	1	Weekly	1,2,3,4,5,6,7,8,9,10,11,12,13
361	89	1	DIG	15	Odd	1,3,5,7,9,11,13
362	89	1	DIG	16	Odd	1,3,5,7,9,11,13
363	89	24	DIG	15	Even	2,4,6,8,10,12
364	89	24	DIG	16	Even	2,4,6,8,10,12
365	89	91	DIG	49	Odd	1,3,5,7,9,11,13
366	89	91	DIG	50	Odd	1,3,5,7,9,11,13
367	87	91	TR12	45	Weekly	1,2,3,4,5,6,7,8,9,10,11,12,13
368	88	7	LT4	19	Weekly	1,2,3,4,5,6,7,8,9,10,11,12,13
369	89	23	DIG	15	Even	2,4,6,8,10,12
370	89	23	DIG	16	Even	2,4,6,8,10,12
371	89	22	DIG	3	Odd	1,3,5,7,9,11,13
372	89	22	DIG	4	Odd	1,3,5,7,9,11,13
373	88	7	LT4	61	Weekly	1,2,3,4,5,6,7,8,9,10,11,12,13
374	90	22	TR11	57	Weekly	1,2,3,4,5,6,7,8,9,10,11,12,13
375	91	7	LT4	2	Weekly	1,2,3,4,5,6,7,8,9,10,11,12,13
376	92	1	CL1	35	Weekly	1,2,3,4,5,6,7,8,9,10,11,12,13
377	92	1	CL1	36	Weekly	1,2,3,4,5,6,7,8,9,10,11,12,13
378	91	7	LT4	30	Weekly	1,2,3,4,5,6,7,8,9,10,11,12,13
379	91	7	LT8	51	Weekly	1,2,3,4,5,6,7,8,9,10,11,12,13
380	90	91	TR12	50	Weekly	1,2,3,4,5,6,7,8,9,10,11,12,13
381	92	22	CL1	15	Weekly	1,2,3,4,5,6,7,8,9,10,11,12,13
382	92	22	CL1	16	Weekly	1,2,3,4,5,6,7,8,9,10,11,12,13
383	92	91	CL1	7	Weekly	1,2,3,4,5,6,7,8,9,10,11,12,13
384	92	91	CL1	8	Weekly	1,2,3,4,5,6,7,8,9,10,11,12,13
385	92	24	CL1	3	Weekly	1,2,3,4,5,6,7,8,9,10,11,12,13
386	92	24	CL1	4	Weekly	1,2,3,4,5,6,7,8,9,10,11,12,13
387	92	23	CL1	3	Weekly	1,2,3,4,5,6,7,8,9,10,11,12,13
388	92	23	CL1	4	Weekly	1,2,3,4,5,6,7,8,9,10,11,12,13
389	90	24	TR15	59	Weekly	1,2,3,4,5,6,7,8,9,10,11,12,13
390	90	1	TR12	59	Weekly	1,2,3,4,5,6,7,8,9,10,11,12,13
391	90	23	TR15	59	Weekly	1,2,3,4,5,6,7,8,9,10,11,12,13
392	93	22	TR10	17	Weekly	1,2,3,4,5,6,7,8,9,10,11,12,13
393	93	24	TR10	17	Weekly	1,2,3,4,5,6,7,8,9,10,11,12,13
394	93	91	TR14	21	Weekly	1,2,3,4,5,6,7,8,9,10,11,12,13
395	94	7	LT10	47	Weekly	1,2,3,4,5,6,7,8,9,10,11,12,13
396	94	7	LT10	29	Weekly	1,2,3,4,5,6,7,8,9,10,11,12,13
397	93	23	TR17	48	Weekly	1,2,3,4,5,6,7,8,9,10,11,12,13
398	93	1	TR12	46	Weekly	1,2,3,4,5,6,7,8,9,10,11,12,13
399	94	7	LT10	20	Weekly	1,2,3,4,5,6,7,8,9,10,11,12,13
400	95	10	LT2A	7	Weekly	1,2,3,4,5,6,7,8,9,10,11,12,13
401	95	10	LT2A	19	Weekly	1,2,3,4,5,6,7,8,9,10,11,12,13
402	95	10	LT2A	8	Weekly	1,2,3,4,5,6,7,8,9,10,11,12,13
403	96	53	TR14	18	Weekly	1,2,3,4,5,6,7,8,9,10,11,12,13
404	97	8	LT8	47	Weekly	1,2,3,4,5,6,7,8,9,10,11,12,13
405	96	59	TR14	51	Weekly	1,2,3,4,5,6,7,8,9,10,11,12,13
406	96	52	TR18	46	Weekly	1,2,3,4,5,6,7,8,9,10,11,12,13
407	96	61	TR14	18	Weekly	1,2,3,4,5,6,7,8,9,10,11,12,13
408	96	51	TR14	20	Weekly	1,2,3,4,5,6,7,8,9,10,11,12,13
409	97	8	LT8	21	Weekly	1,2,3,4,5,6,7,8,9,10,11,12,13
410	96	56	TR17	22	Weekly	1,2,3,4,5,6,7,8,9,10,11,12,13
411	96	25	TR14	19	Weekly	1,2,3,4,5,6,7,8,9,10,11,12,13
412	99	70	TR16	60	Weekly	1,2,3,4,5,6,7,8,9,10,11,12,13
413	99	24	TR16	44	Weekly	1,2,3,4,5,6,7,8,9,10,11,12,13
414	98	54	CE	31	Even	2,4,6,8,10,12
415	98	54	CE	32	Even	2,4,6,8,10,12
416	98	24	CE	31	Even	2,4,6,8,10,12
417	98	24	CE	32	Even	2,4,6,8,10,12
418	99	50	TR19	51	Weekly	1,2,3,4,5,6,7,8,9,10,11,12,13
419	100	8	LT19	48	Weekly	1,2,3,4,5,6,7,8,9,10,11,12,13
420	99	72	TR16	45	Weekly	1,2,3,4,5,6,7,8,9,10,11,12,13
421	99	71	TR16	44	Weekly	1,2,3,4,5,6,7,8,9,10,11,12,13
422	100	8	LT19	21	Weekly	1,2,3,4,5,6,7,8,9,10,11,12,13
423	98	71	CE	3	Even	2,4,6,8,10,12
424	98	71	CE	4	Even	2,4,6,8,10,12
425	98	70	CE	5	Odd	1,3,5,7,9,11,13
426	98	70	CE	6	Odd	1,3,5,7,9,11,13
427	100	8	LT19	8	Weekly	1,2,3,4,5,6,7,8,9,10,11,12,13
428	99	54	TR13	17	Weekly	1,2,3,4,5,6,7,8,9,10,11,12,13
429	98	72	CE	3	Odd	1,3,5,7,9,11,13
430	98	72	CE	4	Odd	1,3,5,7,9,11,13
431	101	71	TR16	63	Weekly	1,2,3,4,5,6,7,8,9,10,11,12,13
432	101	54	TR17	49	Weekly	1,2,3,4,5,6,7,8,9,10,11,12,13
433	102	8	LT10	50	Weekly	1,2,3,4,5,6,7,8,9,10,11,12,13
434	102	8	LT10	22	Weekly	1,2,3,4,5,6,7,8,9,10,11,12,13
435	101	72	TR10	1	Weekly	1,2,3,4,5,6,7,8,9,10,11,12,13
436	102	8	LT10	7	Weekly	1,2,3,4,5,6,7,8,9,10,11,12,13
437	101	70	TR20	17	Weekly	1,2,3,4,5,6,7,8,9,10,11,12,13
438	103	71	MS	57	Odd	1,3,5,7,9,11,13
439	103	71	MS	58	Odd	1,3,5,7,9,11,13
440	103	70	MS	1	Odd	1,3,5,7,9,11,13
441	103	70	MS	2	Odd	1,3,5,7,9,11,13
442	105	8	LT4	9	Weekly	1,2,3,4,5,6,7,8,9,10,11,12,13
443	104	72	TR15	44	Weekly	1,2,3,4,5,6,7,8,9,10,11,12,13
444	103	72	MS	29	Odd	1,3,5,7,9,11,13
445	103	72	MS	30	Odd	1,3,5,7,9,11,13
446	104	54	TR18	47	Weekly	1,2,3,4,5,6,7,8,9,10,11,12,13
447	105	8	LT8	43	Weekly	1,2,3,4,5,6,7,8,9,10,11,12,13
448	104	71	TR13	1	Weekly	1,2,3,4,5,6,7,8,9,10,11,12,13
449	105	8	LT4	65	Weekly	1,2,3,4,5,6,7,8,9,10,11,12,13
450	103	54	MS	61	Odd	1,3,5,7,9,11,13
451	103	54	MS	62	Odd	1,3,5,7,9,11,13
452	104	70	TR17	63	Weekly	1,2,3,4,5,6,7,8,9,10,11,12,13
453	106	2	TR15	58	Weekly	1,2,3,4,5,6,7,8,9,10,11,12,13
454	107	71	CL2	15	Odd	1,3,5,7,9,11,13
455	107	71	CL2	16	Odd	1,3,5,7,9,11,13
456	107	72	CL2	29	Even	2,4,6,8,10,12
457	107	72	CL2	30	Even	2,4,6,8,10,12
458	107	2	CL2	47	Even	2,4,6,8,10,12
459	107	2	CL2	48	Even	2,4,6,8,10,12
460	108	8	LT8	46	Weekly	1,2,3,4,5,6,7,8,9,10,11,12,13
461	108	8	LT8	23	Weekly	1,2,3,4,5,6,7,8,9,10,11,12,13
462	106	71	TR16	19	Weekly	1,2,3,4,5,6,7,8,9,10,11,12,13
463	106	70	TR17	5	Weekly	1,2,3,4,5,6,7,8,9,10,11,12,13
464	106	54	TR14	58	Weekly	1,2,3,4,5,6,7,8,9,10,11,12,13
465	107	54	CL2	61	Even	2,4,6,8,10,12
466	107	54	CL2	62	Even	2,4,6,8,10,12
467	108	8	LT8	66	Weekly	1,2,3,4,5,6,7,8,9,10,11,12,13
468	106	72	TR10	2	Weekly	1,2,3,4,5,6,7,8,9,10,11,12,13
469	107	70	CL2	61	Odd	1,3,5,7,9,11,13
470	107	70	CL2	62	Odd	1,3,5,7,9,11,13
471	109	8	LT2A	57	Weekly	1,2,3,4,5,6,7,8,9,10,11,12,13
472	110	53	CL2	1	Odd	1,3,5,7,9,11,13
473	110	53	CL2	2	Odd	1,3,5,7,9,11,13
474	111	2	TR16	16	Weekly	1,2,3,4,5,6,7,8,9,10,11,12,13
475	111	51	TR18	45	Weekly	1,2,3,4,5,6,7,8,9,10,11,12,13
476	110	52	CL2	31	Odd	1,3,5,7,9,11,13
477	110	52	CL2	32	Odd	1,3,5,7,9,11,13
478	110	2	CL2	47	Odd	1,3,5,7,9,11,13
479	110	2	CL2	48	Odd	1,3,5,7,9,11,13
480	109	8	LT2A	44	Weekly	1,2,3,4,5,6,7,8,9,10,11,12,13
481	109	8	LT2A	15	Weekly	1,2,3,4,5,6,7,8,9,10,11,12,13
482	110	51	CL2	1	Odd	1,3,5,7,9,11,13
483	110	51	CL2	2	Odd	1,3,5,7,9,11,13
484	111	52	TR15	60	Weekly	1,2,3,4,5,6,7,8,9,10,11,12,13
485	111	53	TR15	60	Weekly	1,2,3,4,5,6,7,8,9,10,11,12,13
486	112	8	LT11	58	Weekly	1,2,3,4,5,6,7,8,9,10,11,12,13
487	114	53	TR13	50	Weekly	1,2,3,4,5,6,7,8,9,10,11,12,13
488	113	52	DB	29	Odd	1,3,5,7,9,11,13
489	113	52	DB	30	Odd	1,3,5,7,9,11,13
490	114	51	TR13	50	Weekly	1,2,3,4,5,6,7,8,9,10,11,12,13
491	113	51	DB	1	Even	2,4,6,8,10,12
492	113	51	DB	2	Even	2,4,6,8,10,12
493	112	8	LT11	6	Weekly	1,2,3,4,5,6,7,8,9,10,11,12,13
494	112	8	LT11	17	Weekly	1,2,3,4,5,6,7,8,9,10,11,12,13
495	114	52	TR15	43	Weekly	1,2,3,4,5,6,7,8,9,10,11,12,13
496	113	53	DB	1	Even	2,4,6,8,10,12
497	113	53	DB	2	Even	2,4,6,8,10,12
498	115	70	TR13	58	Weekly	1,2,3,4,5,6,7,8,9,10,11,12,13
499	116	51	SWE	31	Odd	1,3,5,7,9,11,13
500	116	51	SWE	32	Odd	1,3,5,7,9,11,13
501	116	2	SWE	31	Even	2,4,6,8,10,12
502	116	2	SWE	32	Even	2,4,6,8,10,12
503	115	52	TR14	50	Weekly	1,2,3,4,5,6,7,8,9,10,11,12,13
504	117	8	LT19	49	Weekly	1,2,3,4,5,6,7,8,9,10,11,12,13
505	115	2	TR17	43	Weekly	1,2,3,4,5,6,7,8,9,10,11,12,13
506	115	51	TR13	21	Weekly	1,2,3,4,5,6,7,8,9,10,11,12,13
507	116	52	SWE	19	Even	2,4,6,8,10,12
508	116	52	SWE	20	Even	2,4,6,8,10,12
509	117	8	LT4	18	Weekly	1,2,3,4,5,6,7,8,9,10,11,12,13
510	115	72	TR15	63	Weekly	1,2,3,4,5,6,7,8,9,10,11,12,13
511	115	71	TR13	2	Weekly	1,2,3,4,5,6,7,8,9,10,11,12,13
512	116	72	SWE	3	Even	2,4,6,8,10,12
513	116	72	SWE	4	Even	2,4,6,8,10,12
514	116	71	SWE	15	Even	2,4,6,8,10,12
515	116	71	SWE	16	Even	2,4,6,8,10,12
516	116	70	SWE	15	Odd	1,3,5,7,9,11,13
517	116	70	SWE	16	Odd	1,3,5,7,9,11,13
518	117	8	LT19	59	Weekly	1,2,3,4,5,6,7,8,9,10,11,12,13
519	118	62	TR19	19	Weekly	1,2,3,4,5,6,7,8,9,10,11,12,13
520	119	9	LT4	22	Weekly	1,2,3,4,5,6,7,8,9,10,11,12,13
521	118	53	TR16	43	Weekly	1,2,3,4,5,6,7,8,9,10,11,12,13
522	119	9	LT4	45	Weekly	1,2,3,4,5,6,7,8,9,10,11,12,13
523	119	9	LT4	31	Weekly	1,2,3,4,5,6,7,8,9,10,11,12,13
524	118	61	TR19	23	Weekly	1,2,3,4,5,6,7,8,9,10,11,12,13
525	120	9	LT10	64	Weekly	1,2,3,4,5,6,7,8,9,10,11,12,13
526	121	62	CL1	49	Weekly	1,2,3,4,5,6,7,8,9,10,11,12,13
527	121	62	CL1	50	Weekly	1,2,3,4,5,6,7,8,9,10,11,12,13
528	120	9	LT10	30	Weekly	1,2,3,4,5,6,7,8,9,10,11,12,13
529	121	61	CL1	49	Weekly	1,2,3,4,5,6,7,8,9,10,11,12,13
530	121	61	CL1	50	Weekly	1,2,3,4,5,6,7,8,9,10,11,12,13
531	120	9	LT11	1	Weekly	1,2,3,4,5,6,7,8,9,10,11,12,13
532	122	61	LT11	2	Weekly	1,2,3,4,5,6,7,8,9,10,11,12,13
533	122	62	LT11	3	Weekly	1,2,3,4,5,6,7,8,9,10,11,12,13
534	123	62	SWE	59	Odd	1,3,5,7,9,11,13
535	123	62	SWE	60	Odd	1,3,5,7,9,11,13
536	124	9	LT11	20	Weekly	1,2,3,4,5,6,7,8,9,10,11,12,13
537	125	62	TR19	32	Weekly	1,2,3,4,5,6,7,8,9,10,11,12,13
538	125	61	TR15	38	Weekly	1,2,3,4,5,6,7,8,9,10,11,12,13
539	125	53	TR15	38	Weekly	1,2,3,4,5,6,7,8,9,10,11,12,13
540	124	9	LT10	48	Weekly	1,2,3,4,5,6,7,8,9,10,11,12,13
541	123	61	SWE	4	Odd	1,3,5,7,9,11,13
542	123	61	SWE	5	Odd	1,3,5,7,9,11,13
543	124	9	LT10	65	Weekly	1,2,3,4,5,6,7,8,9,10,11,12,13
544	123	53	SWE	4	Odd	1,3,5,7,9,11,13
545	123	53	SWE	5	Odd	1,3,5,7,9,11,13
546	126	9	LT10	61	Weekly	1,2,3,4,5,6,7,8,9,10,11,12,13
547	127	61	TR10	29	Weekly	1,2,3,4,5,6,7,8,9,10,11,12,13
548	127	62	TR15	2	Weekly	1,2,3,4,5,6,7,8,9,10,11,12,13
549	126	9	LT10	16	Weekly	1,2,3,4,5,6,7,8,9,10,11,12,13
550	126	9	LT10	43	Weekly	1,2,3,4,5,6,7,8,9,10,11,12,13
551	128	10	LT19	2	Weekly	1,2,3,4,5,6,7,8,9,10,11,12,13
552	128	10	LT19	3	Weekly	1,2,3,4,5,6,7,8,9,10,11,12,13
553	129	10	LT19	52	Weekly	1,2,3,4,5,6,7,8,9,10,11,12,13
554	128	10	LT19	51	Weekly	1,2,3,4,5,6,7,8,9,10,11,12,13
555	132	10	LT10	11	Weekly	1,2,3,4,5,6,7,8,9,10,11,12,13
556	132	10	LT10	12	Weekly	1,2,3,4,5,6,7,8,9,10,11,12,13
557	132	10	LT10	13	Weekly	1,2,3,4,5,6,7,8,9,10,11,12,13
558	133	10	LT13	33	Weekly	1,2,3,4,5,6,7,8,9,10,11,12,13
559	134	10	LT19	10	Weekly	1,2,3,4,5,6,7,8,9,10,11,12,13
560	135	10	LT19	38	Weekly	1,2,3,4,5,6,7,8,9,10,11,12,13
561	134	10	LT19	37	Weekly	1,2,3,4,5,6,7,8,9,10,11,12,13
562	134	10	LT19	18	Weekly	1,2,3,4,5,6,7,8,9,10,11,12,13
563	136	10	LT19	63	Weekly	1,2,3,4,5,6,7,8,9,10,11,12,13
564	137	10	LT19	17	Weekly	1,2,3,4,5,6,7,8,9,10,11,12,13
565	136	10	LT19	15	Weekly	1,2,3,4,5,6,7,8,9,10,11,12,13
566	136	10	LT19	4	Weekly	1,2,3,4,5,6,7,8,9,10,11,12,13
567	138	10	LT8	50	Weekly	1,2,3,4,5,6,7,8,9,10,11,12,13
568	139	10	LT8	53	Weekly	1,2,3,4,5,6,7,8,9,10,11,12,13
569	139	10	LT8	55	Weekly	1,2,3,4,5,6,7,8,9,10,11,12,13
570	139	10	LT8	54	Weekly	1,2,3,4,5,6,7,8,9,10,11,12,13
571	202	10	LT11	16	Weekly	1,2,3,4,5,6,7,8,9,10,11,12,13
572	202	10	LT11	44	Weekly	1,2,3,4,5,6,7,8,9,10,11,12,13
573	202	10	LT11	29	Weekly	1,2,3,4,5,6,7,8,9,10,11,12,13
574	203	10	LT11	43	Weekly	1,2,3,4,5,6,7,8,9,10,11,12,13
575	140	10	LT10	59	Weekly	1,2,3,4,5,6,7,8,9,10,11,12,13
576	141	10	LT10	60	Weekly	1,2,3,4,5,6,7,8,9,10,11,12,13
577	140	10	LT7	20	Weekly	1,2,3,4,5,6,7,8,9,10,11,12,13
578	140	10	LT7	32	Weekly	1,2,3,4,5,6,7,8,9,10,11,12,13
579	142	10	LT10	66	Weekly	1,2,3,4,5,6,7,8,9,10,11,12,13
580	142	10	LT10	46	Weekly	1,2,3,4,5,6,7,8,9,10,11,12,13
581	143	10	LT10	24	Weekly	1,2,3,4,5,6,7,8,9,10,11,12,13
582	142	10	LT10	23	Weekly	1,2,3,4,5,6,7,8,9,10,11,12,13
583	144	10	LT4	57	Weekly	1,2,3,4,5,6,7,8,9,10,11,12,13
584	145	10	LT4	58	Weekly	1,2,3,4,5,6,7,8,9,10,11,12,13
585	144	10	LT4	5	Weekly	1,2,3,4,5,6,7,8,9,10,11,12,13
586	144	10	LT4	49	Weekly	1,2,3,4,5,6,7,8,9,10,11,12,13
587	146	10	LT2A	67	Weekly	1,2,3,4,5,6,7,8,9,10,11,12,13
588	146	10	LT2A	35	Weekly	1,2,3,4,5,6,7,8,9,10,11,12,13
589	146	10	LT2A	21	Weekly	1,2,3,4,5,6,7,8,9,10,11,12,13
590	147	10	LT2A	68	Weekly	1,2,3,4,5,6,7,8,9,10,11,12,13
591	148	10	LT12	36	Weekly	1,2,3,4,5,6,7,8,9,10,11,12,13
592	149	10	LT19	40	Weekly	1,2,3,4,5,6,7,8,9,10,11,12,13
593	149	10	LT19	41	Weekly	1,2,3,4,5,6,7,8,9,10,11,12,13
594	149	10	LT19	39	Weekly	1,2,3,4,5,6,7,8,9,10,11,12,13
595	164	35	LT10	1	Weekly	1,2,3,4,5,6,7,8,9,10,11,12,13
596	164	35	LT11	48	Weekly	1,2,3,4,5,6,7,8,9,10,11,12,13
597	165	35	LT10	26	Weekly	1,2,3,4,5,6,7,8,9,10,11,12,13
598	164	35	LT10	25	Weekly	1,2,3,4,5,6,7,8,9,10,11,12,13
599	168	35	LT10	61	Weekly	1,2,3,4,5,6,7,8,9,10,11,12,13
600	169	35	LT10	62	Weekly	1,2,3,4,5,6,7,8,9,10,11,12,13
601	168	35	LT10	16	Weekly	1,2,3,4,5,6,7,8,9,10,11,12,13
602	168	35	LT10	43	Weekly	1,2,3,4,5,6,7,8,9,10,11,12,13
603	170	35	LT19	63	Weekly	1,2,3,4,5,6,7,8,9,10,11,12,13
604	170	35	LT19	4	Weekly	1,2,3,4,5,6,7,8,9,10,11,12,13
605	171	35	LT19	17	Weekly	1,2,3,4,5,6,7,8,9,10,11,12,13
606	170	35	LT19	15	Weekly	1,2,3,4,5,6,7,8,9,10,11,12,13
607	172	35	LT4	22	Weekly	1,2,3,4,5,6,7,8,9,10,11,12,13
608	173	35	TR19	44	Weekly	1,2,3,4,5,6,7,8,9,10,11,12,13
609	172	35	LT4	45	Weekly	1,2,3,4,5,6,7,8,9,10,11,12,13
610	172	35	LT4	31	Weekly	1,2,3,4,5,6,7,8,9,10,11,12,13
611	174	35	LT12	36	Weekly	1,2,3,4,5,6,7,8,9,10,11,12,13
612	175	35	LT19	39	Weekly	1,2,3,4,5,6,7,8,9,10,11,12,13
613	175	35	LT19	40	Weekly	1,2,3,4,5,6,7,8,9,10,11,12,13
614	175	35	LT19	41	Weekly	1,2,3,4,5,6,7,8,9,10,11,12,13
615	176	35	LT19	10	Weekly	1,2,3,4,5,6,7,8,9,10,11,12,13
616	176	35	LT19	18	Weekly	1,2,3,4,5,6,7,8,9,10,11,12,13
617	176	35	LT19	37	Weekly	1,2,3,4,5,6,7,8,9,10,11,12,13
618	177	35	LT19	38	Weekly	1,2,3,4,5,6,7,8,9,10,11,12,13
619	178	35	LT4	57	Weekly	1,2,3,4,5,6,7,8,9,10,11,12,13
620	179	35	LT4	58	Weekly	1,2,3,4,5,6,7,8,9,10,11,12,13
621	178	35	LT4	5	Weekly	1,2,3,4,5,6,7,8,9,10,11,12,13
622	178	35	LT4	49	Weekly	1,2,3,4,5,6,7,8,9,10,11,12,13
623	180	35	LT19	2	Weekly	1,2,3,4,5,6,7,8,9,10,11,12,13
624	180	35	LT19	3	Weekly	1,2,3,4,5,6,7,8,9,10,11,12,13
625	180	35	LT19	51	Weekly	1,2,3,4,5,6,7,8,9,10,11,12,13
626	181	35	LT19	52	Weekly	1,2,3,4,5,6,7,8,9,10,11,12,13
627	182	35	LT10	11	Weekly	1,2,3,4,5,6,7,8,9,10,11,12,13
628	182	35	LT10	12	Weekly	1,2,3,4,5,6,7,8,9,10,11,12,13
629	182	35	LT10	13	Weekly	1,2,3,4,5,6,7,8,9,10,11,12,13
630	183	35	LT13	33	Weekly	1,2,3,4,5,6,7,8,9,10,11,12,13
631	184	35	LT10	9	Weekly	1,2,3,4,5,6,7,8,9,10,11,12,13
632	184	35	LT13	24	Weekly	1,2,3,4,5,6,7,8,9,10,11,12,13
633	185	35	LT10	54	Weekly	1,2,3,4,5,6,7,8,9,10,11,12,13
634	184	35	LT10	53	Weekly	1,2,3,4,5,6,7,8,9,10,11,12,13
635	186	35	LT14	65	Weekly	1,2,3,4,5,6,7,8,9,10,11,12,13
636	186	35	LT11	30	Weekly	1,2,3,4,5,6,7,8,9,10,11,12,13
637	186	35	LT11	50	Weekly	1,2,3,4,5,6,7,8,9,10,11,12,13
638	187	35	LT14	66	Weekly	1,2,3,4,5,6,7,8,9,10,11,12,13
639	188	35	LT2A	67	Weekly	1,2,3,4,5,6,7,8,9,10,11,12,13
640	189	35	LT2A	68	Weekly	1,2,3,4,5,6,7,8,9,10,11,12,13
641	188	35	LT2A	21	Weekly	1,2,3,4,5,6,7,8,9,10,11,12,13
642	188	35	LT2A	35	Weekly	1,2,3,4,5,6,7,8,9,10,11,12,13
643	195	36	MM2	1	Weekly	2,3,4,5,6,7,8,9,10,11,12,13
644	195	36	MM2	2	Weekly	2,3,4,5,6,7,8,9,10,11,12,13
645	195	37	MM2	15	Weekly	2,3,4,5,6,7,8,9,10,11,12,13
646	195	37	MM2	16	Weekly	2,3,4,5,6,7,8,9,10,11,12,13
647	195	38	MM2	7	Weekly	2,3,4,5,6,7,8,9,10,11,12,13
648	195	38	MM2	8	Weekly	2,3,4,5,6,7,8,9,10,11,12,13
649	195	39	MM2	3	Weekly	2,3,4,5,6,7,8,9,10,11,12,13
650	195	39	MM2	4	Weekly	2,3,4,5,6,7,8,9,10,11,12,13
651	195	40	MM2	29	Weekly	2,3,4,5,6,7,8,9,10,11,12,13
652	195	40	MM2	30	Weekly	2,3,4,5,6,7,8,9,10,11,12,13
653	195	41	MM2	61	Weekly	2,3,4,5,6,7,8,9,10,11,12,13
654	195	41	MM2	62	Weekly	2,3,4,5,6,7,8,9,10,11,12,13
655	195	42	MM2	21	Weekly	2,3,4,5,6,7,8,9,10,11,12,13
656	195	42	MM2	22	Weekly	2,3,4,5,6,7,8,9,10,11,12,13
657	195	93	MM2	49	Weekly	2,3,4,5,6,7,8,9,10,11,12,13
658	195	93	MM2	50	Weekly	2,3,4,5,6,7,8,9,10,11,12,13
659	195	94	MM2	3	Weekly	2,3,4,5,6,7,8,9,10,11,12,13
660	195	94	MM2	4	Weekly	2,3,4,5,6,7,8,9,10,11,12,13
661	195	92	MM2	34	Weekly	2,3,4,5,6,7,8,9,10,11,12,13
662	195	92	MM2	35	Weekly	2,3,4,5,6,7,8,9,10,11,12,13
663	190	63	LT19A	9	Weekly	1,2,3,4,5,6,7,8,9,10,11,12,13
664	191	36	CSKL3	29	Odd	3,5,7,9,11,13
665	191	36	CSKL3	30	Odd	3,5,7,9,11,13
666	191	37	CSKL3	29	Even	2,4,6,8,10,12
667	191	37	CSKL3	30	Even	2,4,6,8,10,12
668	191	38	CSKL3	49	Odd	3,5,7,9,11,13
669	191	38	CSKL3	50	Odd	3,5,7,9,11,13
670	191	39	CSKL3	49	Even	2,4,6,8,10,12
671	191	39	CSKL3	50	Even	2,4,6,8,10,12
672	191	40	CSKL3	21	Odd	3,5,7,9,11,13
673	191	40	CSKL3	22	Odd	3,5,7,9,11,13
