1	1	45	CL1	33	Weekly	1,2,3,4,5,6,7,8,9,10,11,12,13
2	1	45	CL1	34	Weekly	1,2,3,4,5,6,7,8,9,10,11,12,13
3	2	45	LT10	36	Weekly	1,2,3,4,5,6,7,8,9,10,11,12,13
4	2	45	LT10	37	Weekly	1,2,3,4,5,6,7,8,9,10,11,12,13
5	2	45	LT10	38	Weekly	1,2,3,4,5,6,7,8,9,10,11,12,13
6	3	45	LT12	33	Weekly	1,2,3,4,5,6,7,8,9,10,11,12,13
7	3	45	LT12	34	Weekly	1,2,3,4,5,6,7,8,9,10,11,12,13
8	4	45	COMM	35	Weekly	1,2,3,4,5,6,7,8,9,10,11,12,13
9	4	45	COMM	36	Weekly	1,2,3,4,5,6,7,8,9,10,11,12,13
10	3	45	LT12	37	Weekly	1,2,3,4,5,6,7,8,9,10,11,12,13
11	3	45	LT12	38	Weekly	1,2,3,4,5,6,7,8,9,10,11,12,13
12	5	45	LT11	36	Weekly	1,2,3,4,5,6,7,8,9,10,11,12,13
13	5	45	LT11	37	Weekly	1,2,3,4,5,6,7,8,9,10,11,12,13
14	5	45	LT11	38	Weekly	1,2,3,4,5,6,7,8,9,10,11,12,13
15	5	45	LT11	39	Weekly	1,2,3,4,5,6,7,8,9,10,11,12,13
16	6	23	ELE	57	Odd	1,3,5,7,9,11,13
17	6	23	ELE	58	Odd	1,3,5,7,9,11,13
18	7	19	TR11	57	Weekly	1,2,3,4,5,6,7,8,9,10,11,12,13
19	7	25	TR12	58	Weekly	1,2,3,4,5,6,7,8,9,10,11,12,13
20	6	15	ELE	59	Even	2,4,6,8,10,12
21	6	15	ELE	60	Even	2,4,6,8,10,12
22	6	14	ELE	58	Even	2,4,6,8,10,12
23	6	20	ELE	59	Odd	1,3,5,7,9,11,13
24	6	20	ELE	60	Odd	1,3,5,7,9,11,13
25	8	2	LT19	64	Weekly	1,2,3,4,5,6,7,8,9,10,11,12,13
26	7	14	TR11	1	Weekly	1,2,3,4,5,6,7,8,9,10,11,12,13
27	8	2	LT19	5	Weekly	1,2,3,4,5,6,7,8,9,10,11,12,13
28	6	24	ELE	45	Even	2,4,6,8,10,12
29	6	24	ELE	46	Even	2,4,6,8,10,12
30	6	19	ELE	45	Odd	1,3,5,7,9,11,13
31	6	19	ELE	46	Odd	1,3,5,7,9,11,13
32	8	2	LT19	21	Weekly	1,2,3,4,5,6,7,8,9,10,11,12,13
33	7	24	TR12	18	Weekly	1,2,3,4,5,6,7,8,9,10,11,12,13
34	7	15	TR11	17	Weekly	1,2,3,4,5,6,7,8,9,10,11,12,13
35	6	22	ELE	17	Odd	1,3,5,7,9,11,13
36	6	22	ELE	18	Odd	1,3,5,7,9,11,13
37	6	18	ELE	17	Even	2,4,6,8,10,12
38	6	18	ELE	18	Even	2,4,6,8,10,12
39	7	97	TR20	16	Weekly	1,2,3,4,5,6,7,8,9,10,11,12,13
40	7	98	TR11	8	Weekly	1,2,3,4,5,6,7,8,9,10,11,12,13
41	7	21	TR11	30	Weekly	1,2,3,4,5,6,7,8,9,10,11,12,13
42	6	25	ELE	30	Even	2,4,6,8,10,12
43	6	25	ELE	31	Even	2,4,6,8,10,12
44	6	98	ELE	47	Odd	1,3,5,7,9,11,13
45	6	98	ELE	48	Odd	1,3,5,7,9,11,13
46	6	97	ELE	47	Even	2,4,6,8,10,12
47	6	97	ELE	48	Even	2,4,6,8,10,12
48	7	18	TR12	46	Weekly	1,2,3,4,5,6,7,8,9,10,11,12,13
49	7	20	TR11	45	Weekly	1,2,3,4,5,6,7,8,9,10,11,12,13
50	7	23	TR12	2	Weekly	1,2,3,4,5,6,7,8,9,10,11,12,13
51	6	21	ELE	1	Odd	1,3,5,7,9,11,13
52	6	21	ELE	2	Odd	1,3,5,7,9,11,13
53	7	22	TR11	59	Weekly	1,2,3,4,5,6,7,8,9,10,11,12,13
54	9	22	CL1	57	Weekly	1,2,3,4,5,6,7,8,9,10,11,12,13
55	9	22	CL1	58	Weekly	1,2,3,4,5,6,7,8,9,10,11,12,13
56	10	19	TR11	58	Weekly	1,2,3,4,5,6,7,8,9,10,11,12,13
57	10	25	TR12	57	Weekly	1,2,3,4,5,6,7,8,9,10,11,12,13
58	9	19	CL1	59	Weekly	1,2,3,4,5,6,7,8,9,10,11,12,13
59	9	19	CL1	60	Weekly	1,2,3,4,5,6,7,8,9,10,11,12,13
60	10	22	TR11	60	Weekly	1,2,3,4,5,6,7,8,9,10,11,12,13
61	9	20	CL1	1	Weekly	1,2,3,4,5,6,7,8,9,10,11,12,13
62	9	20	CL1	2	Weekly	1,2,3,4,5,6,7,8,9,10,11,12,13
63	10	23	TR12	1	Weekly	1,2,3,4,5,6,7,8,9,10,11,12,13
64	11	2	LT2A	44	Weekly	1,2,3,4,5,6,7,8,9,10,11,12,13
65	11	2	LT19	23	Weekly	1,2,3,4,5,6,7,8,9,10,11,12,13
66	10	15	TR11	18	Weekly	1,2,3,4,5,6,7,8,9,10,11,12,13
67	10	24	TR12	17	Weekly	1,2,3,4,5,6,7,8,9,10,11,12,13
68	9	21	CL1	17	Weekly	1,2,3,4,5,6,7,8,9,10,11,12,13
69	9	21	CL1	18	Weekly	1,2,3,4,5,6,7,8,9,10,11,12,13
70	10	98	TR22	16	Weekly	1,2,3,4,5,6,7,8,9,10,11,12,13
71	11	2	LT19	10	Weekly	1,2,3,4,5,6,7,8,9,10,11,12,13
72	10	97	TR12	6	Weekly	1,2,3,4,5,6,7,8,9,10,11,12,13
73	10	14	TR11	2	Weekly	1,2,3,4,5,6,7,8,9,10,11,12,13
74	10	21	TR11	31	Weekly	1,2,3,4,5,6,7,8,9,10,11,12,13
75	9	24	CL1	30	Weekly	1,2,3,4,5,6,7,8,9,10,11,12,13
76	9	24	CL1	31	Weekly	1,2,3,4,5,6,7,8,9,10,11,12,13
77	9	18	CL1	30	Weekly	1,2,3,4,5,6,7,8,9,10,11,12,13
78	9	18	CL1	31	Weekly	1,2,3,4,5,6,7,8,9,10,11,12,13
79	10	20	TR11	46	Weekly	1,2,3,4,5,6,7,8,9,10,11,12,13
80	10	18	TR12	45	Weekly	1,2,3,4,5,6,7,8,9,10,11,12,13
81	9	23	CL1	45	Weekly	1,2,3,4,5,6,7,8,9,10,11,12,13
82	9	23	CL1	46	Weekly	1,2,3,4,5,6,7,8,9,10,11,12,13
83	9	14	CL1	45	Weekly	1,2,3,4,5,6,7,8,9,10,11,12,13
84	9	14	CL1	46	Weekly	1,2,3,4,5,6,7,8,9,10,11,12,13
85	9	97	CL1	1	Weekly	1,2,3,4,5,6,7,8,9,10,11,12,13
86	9	97	CL1	2	Weekly	1,2,3,4,5,6,7,8,9,10,11,12,13
87	9	98	CL1	61	Weekly	1,2,3,4,5,6,7,8,9,10,11,12,13
88	9	98	CL1	62	Weekly	1,2,3,4,5,6,7,8,9,10,11,12,13
89	9	25	CL1	59	Weekly	1,2,3,4,5,6,7,8,9,10,11,12,13
90	9	25	CL1	60	Weekly	1,2,3,4,5,6,7,8,9,10,11,12,13
91	12	18	TR13	57	Weekly	1,2,3,4,5,6,7,8,9,10,11,12,13
92	12	21	TR13	59	Weekly	1,2,3,4,5,6,7,8,9,10,11,12,13
93	12	24	TR13	60	Weekly	1,2,3,4,5,6,7,8,9,10,11,12,13
94	12	19	TR13	1	Weekly	1,2,3,4,5,6,7,8,9,10,11,12,13
95	13	2	LT2A	7	Weekly	1,2,3,4,5,6,7,8,9,10,11,12,13
96	12	20	TR13	17	Weekly	1,2,3,4,5,6,7,8,9,10,11,12,13
97	12	23	TR13	31	Weekly	1,2,3,4,5,6,7,8,9,10,11,12,13
98	12	15	TR13	30	Weekly	1,2,3,4,5,6,7,8,9,10,11,12,13
99	13	2	LT2A	29	Weekly	1,2,3,4,5,6,7,8,9,10,11,12,13
100	12	22	TR13	45	Weekly	1,2,3,4,5,6,7,8,9,10,11,12,13
101	12	98	TR12	19	Weekly	1,2,3,4,5,6,7,8,9,10,11,12,13
102	12	14	TR13	18	Weekly	1,2,3,4,5,6,7,8,9,10,11,12,13
103	12	97	TR12	8	Weekly	1,2,3,4,5,6,7,8,9,10,11,12,13
104	12	25	TR13	2	Weekly	1,2,3,4,5,6,7,8,9,10,11,12,13
105	13	2	LT2A	63	Weekly	1,2,3,4,5,6,7,8,9,10,11,12,13
106	14	31	DIG	57	Even	2,4,6,8,10,12
107	14	31	DIG	58	Even	2,4,6,8,10,12
108	14	98	DIG	59	Even	2,4,6,8,10,12
109	14	98	DIG	60	Even	2,4,6,8,10,12
110	14	97	DIG	59	Odd	1,3,5,7,9,11,13
111	14	97	DIG	60	Odd	1,3,5,7,9,11,13
112	14	26	DIG	3	Even	2,4,6,8,10,12
113	14	26	DIG	4	Even	2,4,6,8,10,12
114	15	97	TR14	17	Weekly	1,2,3,4,5,6,7,8,9,10,11,12,13
115	16	2	LT8	49	Weekly	1,2,3,4,5,6,7,8,9,10,11,12,13
116	16	2	LT4	32	Weekly	1,2,3,4,5,6,7,8,9,10,11,12,13
117	15	98	TR12	30	Weekly	1,2,3,4,5,6,7,8,9,10,11,12,13
118	16	2	LT8	18	Weekly	1,2,3,4,5,6,7,8,9,10,11,12,13
119	15	31	TR13	9	Weekly	1,2,3,4,5,6,7,8,9,10,11,12,13
120	19	37	TR16	61	Weekly	1,2,3,4,5,6,7,8,9,10,11,12,13
121	17	97	CL1	3	Weekly	1,2,3,4,5,6,7,8,9,10,11,12,13
122	17	97	CL1	4	Weekly	1,2,3,4,5,6,7,8,9,10,11,12,13
123	17	31	CL1	3	Weekly	1,2,3,4,5,6,7,8,9,10,11,12,13
124	17	31	CL1	4	Weekly	1,2,3,4,5,6,7,8,9,10,11,12,13
125	19	97	TR13	15	Weekly	1,2,3,4,5,6,7,8,9,10,11,12,13
126	18	2	LT8	17	Weekly	1,2,3,4,5,6,7,8,9,10,11,12,13
127	18	2	LT8	31	Weekly	1,2,3,4,5,6,7,8,9,10,11,12,13
128	19	31	TR16	30	Weekly	1,2,3,4,5,6,7,8,9,10,11,12,13
129	18	2	LT8	50	Weekly	1,2,3,4,5,6,7,8,9,10,11,12,13
130	19	26	TR13	48	Weekly	1,2,3,4,5,6,7,8,9,10,11,12,13
131	19	98	TR13	16	Weekly	1,2,3,4,5,6,7,8,9,10,11,12,13
132	17	26	CL1	15	Weekly	1,2,3,4,5,6,7,8,9,10,11,12,13
133	17	26	CL1	16	Weekly	1,2,3,4,5,6,7,8,9,10,11,12,13
134	17	98	CL1	3	Weekly	1,2,3,4,5,6,7,8,9,10,11,12,13
135	17	98	CL1	4	Weekly	1,2,3,4,5,6,7,8,9,10,11,12,13
136	20	31	TR11	61	Weekly	1,2,3,4,5,6,7,8,9,10,11,12,13
137	21	2	LT10	62	Weekly	1,2,3,4,5,6,7,8,9,10,11,12,13
138	21	2	LT10	51	Weekly	1,2,3,4,5,6,7,8,9,10,11,12,13
139	21	2	LT10	24	Weekly	1,2,3,4,5,6,7,8,9,10,11,12,13
140	22	5	LT19	58	Weekly	1,2,3,4,5,6,7,8,9,10,11,12,13
141	22	5	LT4	2	Weekly	1,2,3,4,5,6,7,8,9,10,11,12,13
142	22	5	LT4	3	Weekly	1,2,3,4,5,6,7,8,9,10,11,12,13
143	23	71	TR16	59	Weekly	1,2,3,4,5,6,7,8,9,10,11,12,13
144	23	77	TR18	62	Weekly	1,2,3,4,5,6,7,8,9,10,11,12,13
145	23	80	TR17	1	Weekly	1,2,3,4,5,6,7,8,9,10,11,12,13
146	23	79	TR11	6	Weekly	1,2,3,4,5,6,7,8,9,10,11,12,13
147	23	76	TR17	43	Weekly	1,2,3,4,5,6,7,8,9,10,11,12,13
148	24	3	LT2A	30	Weekly	1,2,3,4,5,6,7,8,9,10,11,12,13
149	23	72	TR18	48	Weekly	1,2,3,4,5,6,7,8,9,10,11,12,13
150	23	74	TR17	47	Weekly	1,2,3,4,5,6,7,8,9,10,11,12,13
151	24	3	LT2A	45	Weekly	1,2,3,4,5,6,7,8,9,10,11,12,13
152	23	78	TR13	44	Weekly	1,2,3,4,5,6,7,8,9,10,11,12,13
153	23	73	TR18	7	Weekly	1,2,3,4,5,6,7,8,9,10,11,12,13
154	23	59	TR12	4	Weekly	1,2,3,4,5,6,7,8,9,10,11,12,13
155	23	75	TR13	63	Weekly	1,2,3,4,5,6,7,8,9,10,11,12,13
156	25	58	DIG	63	Odd	1,3,5,7,9,11,13
157	25	58	DIG	64	Odd	1,3,5,7,9,11,13
158	27	50		63	Weekly	1,2,3,4,5,6,7,8,9,10,11,12,13
159	26	3	LT19	3	Weekly	1,2,3,4,5,6,7,8,9,10,11,12,13
160	25	50	DIG	4	Even	2,4,6,8,10,12
161	25	50	DIG	5	Even	2,4,6,8,10,12
162	25	55	DIG	17	Odd	1,3,5,7,9,11,13
163	25	55	DIG	18	Odd	1,3,5,7,9,11,13
164	27	57	TR13	32	Weekly	1,2,3,4,5,6,7,8,9,10,11,12,13
165	27	49	TR17	31	Weekly	1,2,3,4,5,6,7,8,9,10,11,12,13
166	25	54	DIG	31	Even	2,4,6,8,10,12
167	25	54	DIG	32	Even	2,4,6,8,10,12
168	25	53	DIG	31	Odd	1,3,5,7,9,11,13
169	25	53	DIG	32	Odd	1,3,5,7,9,11,13
170	27	53	TR11	50	Weekly	1,2,3,4,5,6,7,8,9,10,11,12,13
171	27	54	TR13	49	Weekly	1,2,3,4,5,6,7,8,9,10,11,12,13
172	25	52	DIG	49	Even	2,4,6,8,10,12
173	25	52	DIG	50	Even	2,4,6,8,10,12
174	25	51	DIG	49	Odd	1,3,5,7,9,11,13
175	25	51	DIG	50	Odd	1,3,5,7,9,11,13
176	26	3	LT4	46	Weekly	1,2,3,4,5,6,7,8,9,10,11,12,13
177	27	55	TR12	44	Weekly	1,2,3,4,5,6,7,8,9,10,11,12,13
178	27	56	TR12	43	Weekly	1,2,3,4,5,6,7,8,9,10,11,12,13
179	25	57	DIG	43	Odd	1,3,5,7,9,11,13
180	25	57	DIG	44	Odd	1,3,5,7,9,11,13
181	25	49	DIG	43	Even	2,4,6,8,10,12
182	25	49	DIG	44	Even	2,4,6,8,10,12
183	26	3	LT19	19	Weekly	1,2,3,4,5,6,7,8,9,10,11,12,13
184	27	58		18	Weekly	1,2,3,4,5,6,7,8,9,10,11,12,13
185	27	51	TR10	17	Weekly	1,2,3,4,5,6,7,8,9,10,11,12,13
186	25	56	DIG	17	Even	2,4,6,8,10,12
187	25	56	DIG	18	Even	2,4,6,8,10,12
188	27	52	TR12	16	Weekly	1,2,3,4,5,6,7,8,9,10,11,12,13
189	25	48	DIG	4	Odd	1,3,5,7,9,11,13
190	25	48	DIG	5	Odd	1,3,5,7,9,11,13
191	27	48	TR18	64	Weekly	1,2,3,4,5,6,7,8,9,10,11,12,13
192	28	3	LT2A	59	Weekly	1,2,3,4,5,6,7,8,9,10,11,12,13
193	29	49	CE	63	Even	2,4,6,8,10,12
194	29	49	CE	64	Even	2,4,6,8,10,12
195	30	55	TR14	63	Weekly	1,2,3,4,5,6,7,8,9,10,11,12,13
196	29	51	CE	4	Even	2,4,6,8,10,12
197	29	51	CE	5	Even	2,4,6,8,10,12
198	30	53	TR14	4	Weekly	1,2,3,4,5,6,7,8,9,10,11,12,13
199	30	52	TR15	31	Weekly	1,2,3,4,5,6,7,8,9,10,11,12,13
200	29	50	CE	31	Even	2,4,6,8,10,12
201	29	50	CE	32	Even	2,4,6,8,10,12
202	29	48	CE	31	Odd	1,3,5,7,9,11,13
203	29	48	CE	32	Odd	1,3,5,7,9,11,13
204	30	51	TR14	30	Weekly	1,2,3,4,5,6,7,8,9,10,11,12,13
205	30	57	TR14	51	Weekly	1,2,3,4,5,6,7,8,9,10,11,12,13
206	30	49	TR15	50	Weekly	1,2,3,4,5,6,7,8,9,10,11,12,13
207	29	56	CE	49	Even	2,4,6,8,10,12
208	29	56	CE	50	Even	2,4,6,8,10,12
209	29	55	CE	49	Odd	1,3,5,7,9,11,13
210	29	55	CE	50	Odd	1,3,5,7,9,11,13
211	28	3	LT2A	47	Weekly	1,2,3,4,5,6,7,8,9,10,11,12,13
212	30	58	TR15	43	Weekly	1,2,3,4,5,6,7,8,9,10,11,12,13
213	28	3	LT2A	21	Weekly	1,2,3,4,5,6,7,8,9,10,11,12,13
214	29	54	CE	17	Even	2,4,6,8,10,12
215	29	54	CE	18	Even	2,4,6,8,10,12
216	29	53	CE	17	Odd	1,3,5,7,9,11,13
217	29	53	CE	18	Odd	1,3,5,7,9,11,13
218	30	50	TR15	16	Weekly	1,2,3,4,5,6,7,8,9,10,11,12,13
219	30	48	TR14	15	Weekly	1,2,3,4,5,6,7,8,9,10,11,12,13
220	29	58	CE	15	Odd	1,3,5,7,9,11,13
221	29	58	CE	16	Odd	1,3,5,7,9,11,13
222	30	54	TR15	5	Weekly	1,2,3,4,5,6,7,8,9,10,11,12,13
223	29	52	CE	4	Odd	1,3,5,7,9,11,13
224	29	52	CE	5	Odd	1,3,5,7,9,11,13
225	30	56	TR15	64	Weekly	1,2,3,4,5,6,7,8,9,10,11,12,13
226	29	57	CE	63	Odd	1,3,5,7,9,11,13
227	29	57	CE	64	Odd	1,3,5,7,9,11,13
228	31	3	LT2A	60	Weekly	1,2,3,4,5,6,7,8,9,10,11,12,13
229	33	49	MS	63	Odd	1,3,5,7,9,11,13
230	33	49	MS	64	Odd	1,3,5,7,9,11,13
231	32	56	TR15	63	Weekly	1,2,3,4,5,6,7,8,9,10,11,12,13
232	31	3	LT2A	1	Weekly	1,2,3,4,5,6,7,8,9,10,11,12,13
233	33	52	MS	4	Even	2,4,6,8,10,12
234	33	52	MS	5	Even	2,4,6,8,10,12
235	32	58	TR15	44	Weekly	1,2,3,4,5,6,7,8,9,10,11,12,13
236	31	3	LT2A	22	Weekly	1,2,3,4,5,6,7,8,9,10,11,12,13
237	33	54	MS	17	Odd	1,3,5,7,9,11,13
238	33	54	MS	18	Odd	1,3,5,7,9,11,13
239	33	53	MS	17	Even	2,4,6,8,10,12
240	33	53	MS	18	Even	2,4,6,8,10,12
241	32	48	TR14	16	Weekly	1,2,3,4,5,6,7,8,9,10,11,12,13
242	32	50	TR15	15	Weekly	1,2,3,4,5,6,7,8,9,10,11,12,13
243	33	58	MS	15	Even	2,4,6,8,10,12
244	33	58	MS	16	Even	2,4,6,8,10,12
245	32	53	TR14	5	Weekly	1,2,3,4,5,6,7,8,9,10,11,12,13
246	32	54	TR15	4	Weekly	1,2,3,4,5,6,7,8,9,10,11,12,13
247	32	51	TR14	31	Weekly	1,2,3,4,5,6,7,8,9,10,11,12,13
248	33	50	MS	31	Odd	1,3,5,7,9,11,13
249	33	50	MS	32	Odd	1,3,5,7,9,11,13
250	33	48	MS	31	Even	2,4,6,8,10,12
251	33	48	MS	32	Even	2,4,6,8,10,12
252	32	52	TR15	30	Weekly	1,2,3,4,5,6,7,8,9,10,11,12,13
253	32	49	TR15	51	Weekly	1,2,3,4,5,6,7,8,9,10,11,12,13
254	32	57	TR14	50	Weekly	1,2,3,4,5,6,7,8,9,10,11,12,13
255	33	56	MS	49	Odd	1,3,5,7,9,11,13
256	33	56	MS	50	Odd	1,3,5,7,9,11,13
257	33	55	MS	49	Even	2,4,6,8,10,12
258	33	55	MS	50	Even	2,4,6,8,10,12
259	33	51	MS	4	Odd	1,3,5,7,9,11,13
260	33	51	MS	5	Odd	1,3,5,7,9,11,13
261	32	55	TR14	64	Weekly	1,2,3,4,5,6,7,8,9,10,11,12,13
262	33	57	MS	63	Even	2,4,6,8,10,12
263	33	57	MS	64	Even	2,4,6,8,10,12
264	34	3	LT2A	58	Weekly	1,2,3,4,5,6,7,8,9,10,11,12,13
265	35	48	TR16	63	Weekly	1,2,3,4,5,6,7,8,9,10,11,12,13
266	34	3	LT19	7	Weekly	1,2,3,4,5,6,7,8,9,10,11,12,13
267	35	51	TR16	16	Weekly	1,2,3,4,5,6,7,8,9,10,11,12,13
268	35	55	TR16	43	Weekly	1,2,3,4,5,6,7,8,9,10,11,12,13
269	35	49	TR16	32	Weekly	1,2,3,4,5,6,7,8,9,10,11,12,13
270	35	57	TR16	31	Weekly	1,2,3,4,5,6,7,8,9,10,11,12,13
271	34	3	LT19	29	Weekly	1,2,3,4,5,6,7,8,9,10,11,12,13
272	35	54	TR16	50	Weekly	1,2,3,4,5,6,7,8,9,10,11,12,13
273	35	53	TR16	49	Weekly	1,2,3,4,5,6,7,8,9,10,11,12,13
274	35	56	TR11	44	Weekly	1,2,3,4,5,6,7,8,9,10,11,12,13
275	35	52	TR16	17	Weekly	1,2,3,4,5,6,7,8,9,10,11,12,13
276	35	58	TR15	8	Weekly	1,2,3,4,5,6,7,8,9,10,11,12,13
277	35	50	TR16	64	Weekly	1,2,3,4,5,6,7,8,9,10,11,12,13
278	36	128	TR12	63	Weekly	1,2,3,4,5,6,7,8,9,10,11,12,13
279	36	59	TR18	1	Weekly	1,2,3,4,5,6,7,8,9,10,11,12,13
280	36	129	TR19	65	Weekly	1,2,3,4,5,6,7,8,9,10,11,12,13
281	37	3	LT19	2	Weekly	1,2,3,4,5,6,7,8,9,10,11,12,13
282	38	62	CL2	21	Odd	1,3,5,7,9,11,13
283	37	3	LT19	44	Weekly	1,2,3,4,5,6,7,8,9,10,11,12,13
284	36	70	TR17	45	Weekly	1,2,3,4,5,6,7,8,9,10,11,12,13
285	38	129	CL2	31	Odd	1,3,5,7,9,11,13
286	38	129	CL2	32	Odd	1,3,5,7,9,11,13
287	38	128	CL2	31	Even	2,4,6,8,10,12
288	38	128	CL2	32	Even	2,4,6,8,10,12
289	38	59	CL2	46	Even	2,4,6,8,10,12
290	38	59	CL2	47	Even	2,4,6,8,10,12
291	36	62	TR18	45	Weekly	1,2,3,4,5,6,7,8,9,10,11,12,13
292	38	62	CL2	22	Odd	1,3,5,7,9,11,13
293	37	3	LT19	20	Weekly	1,2,3,4,5,6,7,8,9,10,11,12,13
294	39	3	LT19	57	Weekly	1,2,3,4,5,6,7,8,9,10,11,12,13
295	40	62	CE	21	Even	2,4,6,8,10,12
296	40	129	CE	34	Odd	1,3,5,7,9,11,13
297	40	129	CE	35	Odd	1,3,5,7,9,11,13
298	41	62	TR14	47	Weekly	1,2,3,4,5,6,7,8,9,10,11,12,13
299	39	3	LT19	43	Weekly	1,2,3,4,5,6,7,8,9,10,11,12,13
300	41	129	TR14	22	Weekly	1,2,3,4,5,6,7,8,9,10,11,12,13
301	40	62	CE	22	Even	2,4,6,8,10,12
302	39	3	LT19	16	Weekly	1,2,3,4,5,6,7,8,9,10,11,12,13
303	41	128	TR12	64	Weekly	1,2,3,4,5,6,7,8,9,10,11,12,13
304	40	128	CE	7	Even	2,4,6,8,10,12
305	40	128	CE	8	Even	2,4,6,8,10,12
306	42	128	SWE	59	Weekly	1,2,3,4,5,6,7,8,9,10,11,12,13
307	42	128	SWE	60	Weekly	1,2,3,4,5,6,7,8,9,10,11,12,13
308	42	62	SWE	60	Weekly	1,2,3,4,5,6,7,8,9,10,11,12,13
309	44	58	SWE	2	Weekly	1,2,3,4,5,6,7,8,9,10,11,12,13
310	42	62	SWE	59	Weekly	1,2,3,4,5,6,7,8,9,10,11,12,13
311	43	3	LT10	4	Weekly	1,2,3,4,5,6,7,8,9,10,11,12,13
312	44	129	SWE	21	Weekly	1,2,3,4,5,6,7,8,9,10,11,12,13
313	42	129	SWE	45	Weekly	1,2,3,4,5,6,7,8,9,10,11,12,13
314	42	129	SWE	46	Weekly	1,2,3,4,5,6,7,8,9,10,11,12,13
315	43	3	LT4	30	Weekly	1,2,3,4,5,6,7,8,9,10,11,12,13
316	44	46		32	Weekly	1,2,3,4,5,6,7,8,9,10,11,12,13
317	42	58	SWE	32	Weekly	1,2,3,4,5,6,7,8,9,10,11,12,13
318	42	58	SWE	31	Weekly	1,2,3,4,5,6,7,8,9,10,11,12,13
319	43	3	LT19	48	Weekly	1,2,3,4,5,6,7,8,9,10,11,12,13
320	44	128	TR12	22	Weekly	1,2,3,4,5,6,7,8,9,10,11,12,13
321	44	62	SWE	5	Weekly	1,2,3,4,5,6,7,8,9,10,11,12,13
322	45	129	ELE	59	Weekly	1,2,3,4,5,6,7,8,9,10,11,12,13
323	45	129	ELE	60	Weekly	1,2,3,4,5,6,7,8,9,10,11,12,13
324	46	129	TR11	64	Weekly	1,2,3,4,5,6,7,8,9,10,11,12,13
325	47	3	LT19	49	Weekly	1,2,3,4,5,6,7,8,9,10,11,12,13
326	45	128	ELE	45	Weekly	1,2,3,4,5,6,7,8,9,10,11,12,13
327	45	128	ELE	46	Weekly	1,2,3,4,5,6,7,8,9,10,11,12,13
328	45	59	ELE	22	Weekly	1,2,3,4,5,6,7,8,9,10,11,12,13
329	46	128	TR15	21	Weekly	1,2,3,4,5,6,7,8,9,10,11,12,13
330	45	59	ELE	21	Weekly	1,2,3,4,5,6,7,8,9,10,11,12,13
331	46	62	TR18	18	Weekly	1,2,3,4,5,6,7,8,9,10,11,12,13
332	47	3	LT19	17	Weekly	1,2,3,4,5,6,7,8,9,10,11,12,13
333	47	3	LT19	6	Weekly	1,2,3,4,5,6,7,8,9,10,11,12,13
334	45	62	ELE	64	Weekly	1,2,3,4,5,6,7,8,9,10,11,12,13
335	45	62	ELE	63	Weekly	1,2,3,4,5,6,7,8,9,10,11,12,13
336	46	59	TR19	63	Weekly	1,2,3,4,5,6,7,8,9,10,11,12,13
337	48	59	COMM	57	Odd	1,3,5,7,9,11,13
338	49	73	TR17	57	Weekly	1,2,3,4,5,6,7,8,9,10,11,12,13
339	48	79	COMM	59	Even	2,4,6,8,10,12
340	50	4	LT19	61	Weekly	1,2,3,4,5,6,7,8,9,10,11,12,13
341	49	129	TR11	63	Weekly	1,2,3,4,5,6,7,8,9,10,11,12,13
342	48	72	COMM	30	Odd	1,3,5,7,9,11,13
343	49	72	TR17	29	Weekly	1,2,3,4,5,6,7,8,9,10,11,12,13
344	48	72	COMM	29	Odd	1,3,5,7,9,11,13
345	50	4	LT19	51	Weekly	1,2,3,4,5,6,7,8,9,10,11,12,13
346	48	78	COMM	48	Odd	1,3,5,7,9,11,13
347	48	78	COMM	47	Odd	1,3,5,7,9,11,13
348	48	76	COMM	6	Odd	1,3,5,7,9,11,13
349	49	77	TR13	5	Weekly	1,2,3,4,5,6,7,8,9,10,11,12,13
350	48	76	COMM	5	Odd	1,3,5,7,9,11,13
351	49	76	TR16	2	Weekly	1,2,3,4,5,6,7,8,9,10,11,12,13
352	48	71	COMM	2	Odd	1,3,5,7,9,11,13
353	49	75	TR15	1	Weekly	1,2,3,4,5,6,7,8,9,10,11,12,13
354	48	71	COMM	1	Odd	1,3,5,7,9,11,13
355	49	128	TR16	65	Weekly	1,2,3,4,5,6,7,8,9,10,11,12,13
356	48	80	COMM	64	Odd	1,3,5,7,9,11,13
357	48	77	COMM	44	Even	2,4,6,8,10,12
358	48	77	COMM	43	Even	2,4,6,8,10,12
359	49	71	TR18	22	Weekly	1,2,3,4,5,6,7,8,9,10,11,12,13
360	48	75	COMM	22	Even	2,4,6,8,10,12
361	49	74	TR16	21	Weekly	1,2,3,4,5,6,7,8,9,10,11,12,13
362	48	75	COMM	21	Even	2,4,6,8,10,12
363	48	74	COMM	20	Odd	1,3,5,7,9,11,13
364	49	80	TR17	19	Weekly	1,2,3,4,5,6,7,8,9,10,11,12,13
365	48	74	COMM	19	Odd	1,3,5,7,9,11,13
366	49	79	TR16	18	Weekly	1,2,3,4,5,6,7,8,9,10,11,12,13
367	48	73	COMM	18	Even	2,4,6,8,10,12
368	48	73	COMM	17	Even	2,4,6,8,10,12
369	49	59	TR11	16	Weekly	1,2,3,4,5,6,7,8,9,10,11,12,13
370	50	4	LT19	15	Weekly	1,2,3,4,5,6,7,8,9,10,11,12,13
371	48	129	COMM	7	Even	2,4,6,8,10,12
372	48	129	COMM	8	Even	2,4,6,8,10,12
373	48	128	COMM	7	Odd	1,3,5,7,9,11,13
374	48	128	COMM	8	Odd	1,3,5,7,9,11,13
375	49	78	TR17	6	Weekly	1,2,3,4,5,6,7,8,9,10,11,12,13
376	48	80	COMM	63	Odd	1,3,5,7,9,11,13
377	48	79	COMM	60	Even	2,4,6,8,10,12
378	48	59	COMM	58	Odd	1,3,5,7,9,11,13
379	51	81	COMM	57	Odd	1,3,5,7,9,11,13
380	52	82	TR9	57	Weekly	1,2,3,4,5,6,7,8,9,10,11,12,13
381	52	73	TR17	58	Weekly	1,2,3,4,5,6,7,8,9,10,11,12,13
382	51	79	COMM	59	Odd	1,3,5,7,9,11,13
383	51	80	COMM	63	Even	2,4,6,8,10,12
384	51	77	COMM	43	Odd	1,3,5,7,9,11,13
385	52	74	TR16	22	Weekly	1,2,3,4,5,6,7,8,9,10,11,12,13
386	51	75	COMM	22	Odd	1,3,5,7,9,11,13
387	52	71	TR18	21	Weekly	1,2,3,4,5,6,7,8,9,10,11,12,13
388	51	75	COMM	21	Odd	1,3,5,7,9,11,13
389	51	74	COMM	20	Even	2,4,6,8,10,12
390	52	79	TR16	19	Weekly	1,2,3,4,5,6,7,8,9,10,11,12,13
391	51	74	COMM	19	Even	2,4,6,8,10,12
392	52	80	TR17	18	Weekly	1,2,3,4,5,6,7,8,9,10,11,12,13
393	53	4	LT2A	32	Weekly	1,2,3,4,5,6,7,8,9,10,11,12,13
394	52	72	TR17	30	Weekly	1,2,3,4,5,6,7,8,9,10,11,12,13
395	51	72	COMM	30	Even	2,4,6,8,10,12
396	51	72	COMM	29	Even	2,4,6,8,10,12
397	52	81	TR11	51	Weekly	1,2,3,4,5,6,7,8,9,10,11,12,13
398	51	78	COMM	48	Even	2,4,6,8,10,12
399	51	78	COMM	47	Even	2,4,6,8,10,12
400	53	4	LT2A	46	Weekly	1,2,3,4,5,6,7,8,9,10,11,12,13
401	51	77	COMM	44	Odd	1,3,5,7,9,11,13
402	51	73	COMM	18	Odd	1,3,5,7,9,11,13
403	51	73	COMM	17	Odd	1,3,5,7,9,11,13
404	53	4	LT19	9	Weekly	1,2,3,4,5,6,7,8,9,10,11,12,13
405	52	77	TR13	6	Weekly	1,2,3,4,5,6,7,8,9,10,11,12,13
406	51	76	COMM	6	Even	2,4,6,8,10,12
407	52	78	TR17	5	Weekly	1,2,3,4,5,6,7,8,9,10,11,12,13
408	51	76	COMM	5	Even	2,4,6,8,10,12
409	51	83	COMM	4	Even	2,4,6,8,10,12
410	51	82	COMM	4	Odd	1,3,5,7,9,11,13
411	51	83	COMM	3	Even	2,4,6,8,10,12
412	51	82	COMM	3	Odd	1,3,5,7,9,11,13
413	52	75	TR15	2	Weekly	1,2,3,4,5,6,7,8,9,10,11,12,13
414	51	71	COMM	2	Even	2,4,6,8,10,12
415	52	76	TR16	1	Weekly	1,2,3,4,5,6,7,8,9,10,11,12,13
416	51	71	COMM	1	Even	2,4,6,8,10,12
417	51	80	COMM	64	Even	2,4,6,8,10,12
418	51	79	COMM	60	Odd	1,3,5,7,9,11,13
419	52	83	TR15	58	Weekly	1,2,3,4,5,6,7,8,9,10,11,12,13
420	51	81	COMM	58	Odd	1,3,5,7,9,11,13
421	54	59	DB	57	Even	2,4,6,8,10,12
422	55	83	TR15	57	Weekly	1,2,3,4,5,6,7,8,9,10,11,12,13
423	55	82		58	Weekly	1,2,3,4,5,6,7,8,9,10,11,12,13
424	55	73	TR17	59	Weekly	1,2,3,4,5,6,7,8,9,10,11,12,13
425	54	71	DB	63	Odd	1,3,5,7,9,11,13
426	54	76	DB	17	Even	2,4,6,8,10,12
427	56	4	LT2A	8	Weekly	1,2,3,4,5,6,7,8,9,10,11,12,13
428	55	80	TR18	6	Weekly	1,2,3,4,5,6,7,8,9,10,11,12,13
429	54	79	DB	6	Even	2,4,6,8,10,12
430	54	74	DB	6	Odd	1,3,5,7,9,11,13
431	54	79	DB	5	Even	2,4,6,8,10,12
432	54	74	DB	5	Odd	1,3,5,7,9,11,13
433	54	83	DB	4	Odd	1,3,5,7,9,11,13
434	54	82	DB	4	Even	2,4,6,8,10,12
435	55	78	TR13	43	Weekly	1,2,3,4,5,6,7,8,9,10,11,12,13
436	54	80	DB	43	Odd	1,3,5,7,9,11,13
437	54	75	DB	43	Even	2,4,6,8,10,12
438	54	78	DB	22	Odd	1,3,5,7,9,11,13
439	54	78	DB	21	Odd	1,3,5,7,9,11,13
440	55	71	TR18	20	Weekly	1,2,3,4,5,6,7,8,9,10,11,12,13
441	54	77	DB	20	Even	2,4,6,8,10,12
442	54	77	DB	19	Even	2,4,6,8,10,12
443	54	76	DB	18	Even	2,4,6,8,10,12
444	56	4	LT2A	31	Weekly	1,2,3,4,5,6,7,8,9,10,11,12,13
445	55	59	TR11	29	Weekly	1,2,3,4,5,6,7,8,9,10,11,12,13
446	56	4	LT2A	50	Weekly	1,2,3,4,5,6,7,8,9,10,11,12,13
447	55	74	TR17	48	Weekly	1,2,3,4,5,6,7,8,9,10,11,12,13
448	55	72	TR18	47	Weekly	1,2,3,4,5,6,7,8,9,10,11,12,13
449	55	76	TR17	44	Weekly	1,2,3,4,5,6,7,8,9,10,11,12,13
450	54	80	DB	44	Odd	1,3,5,7,9,11,13
451	54	75	DB	44	Even	2,4,6,8,10,12
452	54	83	DB	3	Odd	1,3,5,7,9,11,13
453	54	82	DB	3	Even	2,4,6,8,10,12
454	55	79	TR17	2	Weekly	1,2,3,4,5,6,7,8,9,10,11,12,13
455	54	73	DB	2	Even	2,4,6,8,10,12
456	54	73	DB	1	Even	2,4,6,8,10,12
457	55	75	TR13	64	Weekly	1,2,3,4,5,6,7,8,9,10,11,12,13
458	54	71	DB	64	Odd	1,3,5,7,9,11,13
459	55	77	TR18	63	Weekly	1,2,3,4,5,6,7,8,9,10,11,12,13
460	54	72	DB	60	Even	2,4,6,8,10,12
461	54	72	DB	59	Even	2,4,6,8,10,12
462	54	59	DB	58	Even	2,4,6,8,10,12
463	57	5	LT4	7	Weekly	1,2,3,4,5,6,7,8,9,10,11,12,13
464	57	5	LT19	46	Weekly	1,2,3,4,5,6,7,8,9,10,11,12,13
465	57	5	LT4	29	Weekly	1,2,3,4,5,6,7,8,9,10,11,12,13
466	58	5	LT19	47	Weekly	1,2,3,4,5,6,7,8,9,10,11,12,13
467	59	5	LT2A	66	Weekly	1,2,3,4,5,6,7,8,9,10,11,12,13
468	60	5	LT2A	67	Weekly	1,2,3,4,5,6,7,8,9,10,11,12,13
469	59	5	LT2A	24	Weekly	1,2,3,4,5,6,7,8,9,10,11,12,13
470	59	5	LT2A	23	Weekly	1,2,3,4,5,6,7,8,9,10,11,12,13
471	61	5	LT10	63	Weekly	1,2,3,4,5,6,7,8,9,10,11,12,13
472	61	5	LT10	15	Weekly	1,2,3,4,5,6,7,8,9,10,11,12,13
473	61	5	LT10	45	Weekly	1,2,3,4,5,6,7,8,9,10,11,12,13
474	62	5	LT10	16	Weekly	1,2,3,4,5,6,7,8,9,10,11,12,13
475	63	5	LT2A	62	Weekly	1,2,3,4,5,6,7,8,9,10,11,12,13
476	63	5	LT2A	6	Weekly	1,2,3,4,5,6,7,8,9,10,11,12,13
477	63	5	LT2A	18	Weekly	1,2,3,4,5,6,7,8,9,10,11,12,13
478	64	5	LT2A	17	Weekly	1,2,3,4,5,6,7,8,9,10,11,12,13
479	65	5	LT19	1	Weekly	1,2,3,4,5,6,7,8,9,10,11,12,13
480	65	5	LT19	22	Weekly	1,2,3,4,5,6,7,8,9,10,11,12,13
481	66	5	LT19	55	Weekly	1,2,3,4,5,6,7,8,9,10,11,12,13
482	65	5	LT19	54	Weekly	1,2,3,4,5,6,7,8,9,10,11,12,13
483	69	63	CL2	3	Odd	1,3,5,7,9,11,13
484	70	65	TR19	31	Weekly	1,2,3,4,5,6,7,8,9,10,11,12,13
485	70	5	LT8	30	Weekly	1,2,3,4,5,6,7,8,9,10,11,12,13
486	71	5	LT8	29	Weekly	1,2,3,4,5,6,7,8,9,10,11,12,13
487	71	5	LT8	43	Weekly	1,2,3,4,5,6,7,8,9,10,11,12,13
488	70	63	TR18	16	Weekly	1,2,3,4,5,6,7,8,9,10,11,12,13
489	70	64	TR19	15	Weekly	1,2,3,4,5,6,7,8,9,10,11,12,13
490	69	65	CL2	9	Odd	1,3,5,7,9,11,13
491	69	65	CL2	8	Odd	1,3,5,7,9,11,13
492	71	5	LT8	7	Weekly	1,2,3,4,5,6,7,8,9,10,11,12,13
493	69	64	CL2	3	Even	2,4,6,8,10,12
494	69	64	CL2	4	Even	2,4,6,8,10,12
495	69	63	CL2	4	Odd	1,3,5,7,9,11,13
496	72	5	LT2A	10	Weekly	1,2,3,4,5,6,7,8,9,10,11,12,13
497	72	5	LT2A	11	Weekly	1,2,3,4,5,6,7,8,9,10,11,12,13
498	73	5	LT2A	53	Weekly	1,2,3,4,5,6,7,8,9,10,11,12,13
499	72	5	LT2A	52	Weekly	1,2,3,4,5,6,7,8,9,10,11,12,13
500	74	5	LT4	36	Weekly	1,2,3,4,5,6,7,8,9,10,11,12,13
501	75	5	LT19	39	Weekly	1,2,3,4,5,6,7,8,9,10,11,12,13
502	75	5	LT19	41	Weekly	1,2,3,4,5,6,7,8,9,10,11,12,13
503	75	5	LT19	40	Weekly	1,2,3,4,5,6,7,8,9,10,11,12,13
504	76	5	LT4	60	Weekly	1,2,3,4,5,6,7,8,9,10,11,12,13
505	77	5	LT4	61	Weekly	1,2,3,4,5,6,7,8,9,10,11,12,13
506	76	5	LT4	35	Weekly	1,2,3,4,5,6,7,8,9,10,11,12,13
507	76	5	LT4	4	Weekly	1,2,3,4,5,6,7,8,9,10,11,12,13
508	78	5	LT8	2	Weekly	1,2,3,4,5,6,7,8,9,10,11,12,13
509	78	5	LT4	44	Weekly	1,2,3,4,5,6,7,8,9,10,11,12,13
510	78	5	LT8	20	Weekly	1,2,3,4,5,6,7,8,9,10,11,12,13
511	79	5	LT8	3	Weekly	1,2,3,4,5,6,7,8,9,10,11,12,13
512	80	5	LT19	25	Weekly	1,2,3,4,5,6,7,8,9,10,11,12,13
513	81	5	LT19	26	Weekly	1,2,3,4,5,6,7,8,9,10,11,12,13
514	80	5	LT19	38	Weekly	1,2,3,4,5,6,7,8,9,10,11,12,13
515	80	5	LT19	37	Weekly	1,2,3,4,5,6,7,8,9,10,11,12,13
516	82	5	LT2A	64	Weekly	1,2,3,4,5,6,7,8,9,10,11,12,13
517	83	5	LT2A	65	Weekly	1,2,3,4,5,6,7,8,9,10,11,12,13
518	82	5	LT2A	19	Weekly	1,2,3,4,5,6,7,8,9,10,11,12,13
519	82	5	LT2A	5	Weekly	1,2,3,4,5,6,7,8,9,10,11,12,13
520	84	5	LT11	8	Weekly	1,2,3,4,5,6,7,8,9,10,11,12,13
521	85	5	LT11	9	Weekly	1,2,3,4,5,6,7,8,9,10,11,12,13
522	84	5	LT11	33	Weekly	1,2,3,4,5,6,7,8,9,10,11,12,13
523	84	5	LT11	34	Weekly	1,2,3,4,5,6,7,8,9,10,11,12,13
524	84	5	LT11	50	Weekly	1,2,3,4,5,6,7,8,9,10,11,12,13
525	87	34	TR19	59	Weekly	1,2,3,4,5,6,7,8,9,10,11,12,13
526	87	124	TR12	60	Weekly	1,2,3,4,5,6,7,8,9,10,11,12,13
527	88	6	LT4	64	Weekly	1,2,3,4,5,6,7,8,9,10,11,12,13
528	87	33	TR15	18	Weekly	1,2,3,4,5,6,7,8,9,10,11,12,13
529	88	6	LT8	24	Weekly	1,2,3,4,5,6,7,8,9,10,11,12,13
530	87	32	TR18	30	Weekly	1,2,3,4,5,6,7,8,9,10,11,12,13
531	87	35	TR19	48	Weekly	1,2,3,4,5,6,7,8,9,10,11,12,13
532	87	36	TR12	47	Weekly	1,2,3,4,5,6,7,8,9,10,11,12,13
533	88	6	LT4	45	Weekly	1,2,3,4,5,6,7,8,9,10,11,12,13
534	87	123	TR10	43	Weekly	1,2,3,4,5,6,7,8,9,10,11,12,13
535	87	37	TR12	20	Weekly	1,2,3,4,5,6,7,8,9,10,11,12,13
536	87	121	TR18	4	Weekly	1,2,3,4,5,6,7,8,9,10,11,12,13
537	87	38	TR12	62	Weekly	1,2,3,4,5,6,7,8,9,10,11,12,13
538	89	34	TR19	57	Weekly	1,2,3,4,5,6,7,8,9,10,11,12,13
539	90	38	CL1	59	Weekly	1,2,3,4,5,6,7,8,9,10,11,12,13
540	90	38	CL1	60	Weekly	1,2,3,4,5,6,7,8,9,10,11,12,13
541	90	37	CL1	61	Weekly	1,2,3,4,5,6,7,8,9,10,11,12,13
542	90	37	CL1	62	Weekly	1,2,3,4,5,6,7,8,9,10,11,12,13
543	89	123	TR10	58	Weekly	1,2,3,4,5,6,7,8,9,10,11,12,13
544	89	124	TR12	61	Weekly	1,2,3,4,5,6,7,8,9,10,11,12,13
545	90	36	CL1	5	Weekly	1,2,3,4,5,6,7,8,9,10,11,12,13
546	90	36	CL1	6	Weekly	1,2,3,4,5,6,7,8,9,10,11,12,13
547	89	35	TR19	9	Weekly	1,2,3,4,5,6,7,8,9,10,11,12,13
548	90	35	CL1	15	Weekly	1,2,3,4,5,6,7,8,9,10,11,12,13
549	90	35	CL1	16	Weekly	1,2,3,4,5,6,7,8,9,10,11,12,13
550	89	37	TR11	31	Weekly	1,2,3,4,5,6,7,8,9,10,11,12,13
551	90	34	CL1	49	Weekly	1,2,3,4,5,6,7,8,9,10,11,12,13
552	90	34	CL1	50	Weekly	1,2,3,4,5,6,7,8,9,10,11,12,13
553	90	33	CL1	47	Weekly	1,2,3,4,5,6,7,8,9,10,11,12,13
554	90	33	CL1	48	Weekly	1,2,3,4,5,6,7,8,9,10,11,12,13
555	90	32	CL1	47	Weekly	1,2,3,4,5,6,7,8,9,10,11,12,13
556	90	32	CL1	48	Weekly	1,2,3,4,5,6,7,8,9,10,11,12,13
557	90	121	CL1	47	Weekly	1,2,3,4,5,6,7,8,9,10,11,12,13
558	90	121	CL1	48	Weekly	1,2,3,4,5,6,7,8,9,10,11,12,13
559	89	36	TR11	46	Weekly	1,2,3,4,5,6,7,8,9,10,11,12,13
560	91	6	LT2A	44	Weekly	1,2,3,4,5,6,7,8,9,10,11,12,13
561	91	6	LT19	23	Weekly	1,2,3,4,5,6,7,8,9,10,11,12,13
562	89	32	TR14	18	Weekly	1,2,3,4,5,6,7,8,9,10,11,12,13
563	89	33	TR15	17	Weekly	1,2,3,4,5,6,7,8,9,10,11,12,13
564	89	38	TR10	16	Weekly	1,2,3,4,5,6,7,8,9,10,11,12,13
565	91	6	LT19	10	Weekly	1,2,3,4,5,6,7,8,9,10,11,12,13
566	89	121	TR10	8	Weekly	1,2,3,4,5,6,7,8,9,10,11,12,13
567	90	123	CL1	5	Weekly	1,2,3,4,5,6,7,8,9,10,11,12,13
568	90	123	CL1	6	Weekly	1,2,3,4,5,6,7,8,9,10,11,12,13
569	92	123	TR10	57	Weekly	1,2,3,4,5,6,7,8,9,10,11,12,13
570	92	34	TR19	58	Weekly	1,2,3,4,5,6,7,8,9,10,11,12,13
571	93	6	LT2A	63	Weekly	1,2,3,4,5,6,7,8,9,10,11,12,13
572	92	35	TR10	6	Weekly	1,2,3,4,5,6,7,8,9,10,11,12,13
573	92	36	TR10	9	Weekly	1,2,3,4,5,6,7,8,9,10,11,12,13
574	92	32	TR18	31	Weekly	1,2,3,4,5,6,7,8,9,10,11,12,13
575	92	33	TR19	30	Weekly	1,2,3,4,5,6,7,8,9,10,11,12,13
576	93	6	LT2A	29	Weekly	1,2,3,4,5,6,7,8,9,10,11,12,13
577	92	37	TR19	46	Weekly	1,2,3,4,5,6,7,8,9,10,11,12,13
578	92	121	TR19	17	Weekly	1,2,3,4,5,6,7,8,9,10,11,12,13
579	93	6	LT2A	7	Weekly	1,2,3,4,5,6,7,8,9,10,11,12,13
580	92	124	TR10	65	Weekly	1,2,3,4,5,6,7,8,9,10,11,12,13
581	92	38	TR19	58	Weekly	1,2,3,4,5,6,7,8,9,10,11,12,13
582	94	121	DIG	57	Odd	1,3,5,7,9,11,13
583	94	121	DIG	58	Odd	1,3,5,7,9,11,13
584	95	36	TR15	59	Weekly	1,2,3,4,5,6,7,8,9,10,11,12,13
585	95	35	TR15	60	Weekly	1,2,3,4,5,6,7,8,9,10,11,12,13
586	94	127	DIG	57	Even	2,4,6,8,10,12
587	94	127	DIG	58	Even	2,4,6,8,10,12
588	94	36	DIG	1	Even	2,4,6,8,10,12
589	94	36	DIG	2	Even	2,4,6,8,10,12
590	95	37	TR13	8	Weekly	1,2,3,4,5,6,7,8,9,10,11,12,13
591	95	38	TR14	43	Weekly	1,2,3,4,5,6,7,8,9,10,11,12,13
592	94	35	DIG	46	Odd	1,3,5,7,9,11,13
593	94	35	DIG	47	Odd	1,3,5,7,9,11,13
594	96	6	LT4	32	Weekly	1,2,3,4,5,6,7,8,9,10,11,12,13
595	95	121	TR12	31	Weekly	1,2,3,4,5,6,7,8,9,10,11,12,13
596	96	6	LT8	49	Weekly	1,2,3,4,5,6,7,8,9,10,11,12,13
597	94	38	DIG	46	Even	2,4,6,8,10,12
598	94	38	DIG	47	Even	2,4,6,8,10,12
599	95	127	TR10	44	Weekly	1,2,3,4,5,6,7,8,9,10,11,12,13
600	96	6	LT8	18	Weekly	1,2,3,4,5,6,7,8,9,10,11,12,13
601	94	37	DIG	1	Odd	1,3,5,7,9,11,13
602	94	37	DIG	2	Odd	1,3,5,7,9,11,13
603	97	127	TR23	16	Weekly	1,2,3,4,5,6,7,8,9,10,11,12,13
604	98	127	CL1	35	Weekly	1,2,3,4,5,6,7,8,9,10,11,12,13
605	98	127	CL1	36	Weekly	1,2,3,4,5,6,7,8,9,10,11,12,13
606	99	6	LT8	17	Weekly	1,2,3,4,5,6,7,8,9,10,11,12,13
607	99	6	LT8	31	Weekly	1,2,3,4,5,6,7,8,9,10,11,12,13
608	99	6	LT8	50	Weekly	1,2,3,4,5,6,7,8,9,10,11,12,13
609	100	127	TR10	2	Weekly	1,2,3,4,5,6,7,8,9,10,11,12,13
610	101	6	LT4	19	Weekly	1,2,3,4,5,6,7,8,9,10,11,12,13
611	101	6	LT8	48	Weekly	1,2,3,4,5,6,7,8,9,10,11,12,13
612	101	6	LT8	4	Weekly	1,2,3,4,5,6,7,8,9,10,11,12,13
613	102	9	LT19	58	Weekly	1,2,3,4,5,6,7,8,9,10,11,12,13
614	102	9	LT4	2	Weekly	1,2,3,4,5,6,7,8,9,10,11,12,13
615	102	9	LT4	3	Weekly	1,2,3,4,5,6,7,8,9,10,11,12,13
616	103	130	TR18	58	Weekly	1,2,3,4,5,6,7,8,9,10,11,12,13
617	103	84		60	Weekly	1,2,3,4,5,6,7,8,9,10,11,12,13
618	103	131	TR18	3	Weekly	1,2,3,4,5,6,7,8,9,10,11,12,13
619	104	7	LT2A	30	Weekly	1,2,3,4,5,6,7,8,9,10,11,12,13
620	103	132	TR14	49	Weekly	1,2,3,4,5,6,7,8,9,10,11,12,13
621	104	7	LT2A	45	Weekly	1,2,3,4,5,6,7,8,9,10,11,12,13
622	103	85	TR19	2	Weekly	1,2,3,4,5,6,7,8,9,10,11,12,13
623	105	63	CE	57	Odd	1,3,5,7,9,11,13
624	105	63	CE	58	Odd	1,3,5,7,9,11,13
625	105	64	CE	58	Even	2,4,6,8,10,12
626	105	64	CE	57	Even	2,4,6,8,10,12
627	106	7	LT2A	59	Weekly	1,2,3,4,5,6,7,8,9,10,11,12,13
628	105	125	CE	43	Odd	1,3,5,7,9,11,13
629	105	125	CE	44	Odd	1,3,5,7,9,11,13
630	107	64	TR16	45	Weekly	1,2,3,4,5,6,7,8,9,10,11,12,13
631	107	125	TR14	51	Weekly	1,2,3,4,5,6,7,8,9,10,11,12,13
632	107	52	TR15	31	Weekly	1,2,3,4,5,6,7,8,9,10,11,12,13
633	106	7	LT2A	47	Weekly	1,2,3,4,5,6,7,8,9,10,11,12,13
634	107	63	TR14	44	Weekly	1,2,3,4,5,6,7,8,9,10,11,12,13
635	106	7	LT2A	21	Weekly	1,2,3,4,5,6,7,8,9,10,11,12,13
636	108	125	TR16	57	Weekly	1,2,3,4,5,6,7,8,9,10,11,12,13
637	109	7	LT4	63	Weekly	1,2,3,4,5,6,7,8,9,10,11,12,13
638	109	7	LT8	19	Weekly	1,2,3,4,5,6,7,8,9,10,11,12,13
639	108	63	TR14	45	Weekly	1,2,3,4,5,6,7,8,9,10,11,12,13
640	108	64	TR16	44	Weekly	1,2,3,4,5,6,7,8,9,10,11,12,13
641	109	7	LT4	6	Weekly	1,2,3,4,5,6,7,8,9,10,11,12,13
642	108	65	TR16	57	Weekly	1,2,3,4,5,6,7,8,9,10,11,12,13
643	110	63	MS	57	Even	2,4,6,8,10,12
644	110	63	MS	58	Even	2,4,6,8,10,12
645	110	64	MS	57	Odd	1,3,5,7,9,11,13
646	110	64	MS	58	Odd	1,3,5,7,9,11,13
647	111	7	LT2A	60	Weekly	1,2,3,4,5,6,7,8,9,10,11,12,13
648	111	7	LT2A	1	Weekly	1,2,3,4,5,6,7,8,9,10,11,12,13
649	110	65	MS	15	Even	2,4,6,8,10,12
650	110	65	MS	16	Even	2,4,6,8,10,12
651	110	69	MS	31	Even	2,4,6,8,10,12
652	110	69	MS	32	Even	2,4,6,8,10,12
653	111	7	LT2A	22	Weekly	1,2,3,4,5,6,7,8,9,10,11,12,13
654	112	69	TR19	16	Weekly	1,2,3,4,5,6,7,8,9,10,11,12,13
655	112	64	TR19	16	Weekly	1,2,3,4,5,6,7,8,9,10,11,12,13
656	112	63	TR18	15	Weekly	1,2,3,4,5,6,7,8,9,10,11,12,13
657	110	125	MS	4	Odd	1,3,5,7,9,11,13
658	110	125	MS	5	Odd	1,3,5,7,9,11,13
659	112	125	TR14	65	Weekly	1,2,3,4,5,6,7,8,9,10,11,12,13
660	112	65	TR16	58	Weekly	1,2,3,4,5,6,7,8,9,10,11,12,13
661	114	132	TR13	58	Weekly	1,2,3,4,5,6,7,8,9,10,11,12,13
662	113	131	CL2	59	Even	2,4,6,8,10,12
663	113	131	CL2	60	Even	2,4,6,8,10,12
664	113	63	CL2	3	Odd	1,3,5,7,9,11,13
665	113	63	CL2	4	Odd	1,3,5,7,9,11,13
666	113	130	CL2	59	Odd	1,3,5,7,9,11,13
667	113	130	CL2	60	Odd	1,3,5,7,9,11,13
668	113	64	CL2	3	Even	2,4,6,8,10,12
669	113	64	CL2	4	Even	2,4,6,8,10,12
670	115	7	LT8	7	Weekly	1,2,3,4,5,6,7,8,9,10,11,12,13
671	114	64	TR19	15	Weekly	1,2,3,4,5,6,7,8,9,10,11,12,13
672	114	130	TR18	17	Weekly	1,2,3,4,5,6,7,8,9,10,11,12,13
673	114	65	TR19	31	Weekly	1,2,3,4,5,6,7,8,9,10,11,12,13
674	115	7	LT8	29	Weekly	1,2,3,4,5,6,7,8,9,10,11,12,13
675	113	132	CL2	48	Odd	1,3,5,7,9,11,13
676	113	132	CL2	49	Odd	1,3,5,7,9,11,13
677	115	7	LT8	43	Weekly	1,2,3,4,5,6,7,8,9,10,11,12,13
678	114	63	TR18	16	Weekly	1,2,3,4,5,6,7,8,9,10,11,12,13
679	113	65	CL2	8	Odd	1,3,5,7,9,11,13
680	113	65	CL2	9	Odd	1,3,5,7,9,11,13
681	114	131	TR18	5	Weekly	1,2,3,4,5,6,7,8,9,10,11,12,13
682	116	130	CL2	59	Even	2,4,6,8,10,12
683	116	130	CL2	60	Even	2,4,6,8,10,12
684	116	132	CL2	48	Even	2,4,6,8,10,12
685	116	132	CL2	49	Even	2,4,6,8,10,12
686	116	131	CL2	48	Odd	1,3,5,7,9,11,13
687	116	131	CL2	49	Odd	1,3,5,7,9,11,13
688	117	70	TR17	45	Weekly	1,2,3,4,5,6,7,8,9,10,11,12,13
689	118	7	LT19	44	Weekly	1,2,3,4,5,6,7,8,9,10,11,12,13
690	117	131	TR19	22	Weekly	1,2,3,4,5,6,7,8,9,10,11,12,13
691	117	130	TR13	21	Weekly	1,2,3,4,5,6,7,8,9,10,11,12,13
692	116	62	CL2	21	Odd	1,3,5,7,9,11,13
693	116	62	CL2	22	Odd	1,3,5,7,9,11,13
694	118	7	LT19	20	Weekly	1,2,3,4,5,6,7,8,9,10,11,12,13
695	116	70	CL2	15	Even	2,4,6,8,10,12
696	116	70	CL2	16	Even	2,4,6,8,10,12
697	118	7	LT19	2	Weekly	1,2,3,4,5,6,7,8,9,10,11,12,13
698	117	88	TR12	3	Weekly	1,2,3,4,5,6,7,8,9,10,11,12,13
699	117	132	TR14	3	Weekly	1,2,3,4,5,6,7,8,9,10,11,12,13
700	119	7	LT2A	8	Weekly	1,2,3,4,5,6,7,8,9,10,11,12,13
701	120	132	DB	21	Even	2,4,6,8,10,12
702	120	132	DB	22	Even	2,4,6,8,10,12
703	121	131	TR19	21	Weekly	1,2,3,4,5,6,7,8,9,10,11,12,13
704	120	130	DB	48	Even	2,4,6,8,10,12
705	120	130	DB	49	Even	2,4,6,8,10,12
706	119	7	LT2A	50	Weekly	1,2,3,4,5,6,7,8,9,10,11,12,13
707	121	70	TR12	32	Weekly	1,2,3,4,5,6,7,8,9,10,11,12,13
708	121	132	TR11	32	Weekly	1,2,3,4,5,6,7,8,9,10,11,12,13
709	119	7	LT2A	31	Weekly	1,2,3,4,5,6,7,8,9,10,11,12,13
710	120	68	DB	29	Odd	1,3,5,7,9,11,13
711	120	68	DB	30	Odd	1,3,5,7,9,11,13
712	120	131	DB	48	Odd	1,3,5,7,9,11,13
713	120	131	DB	49	Odd	1,3,5,7,9,11,13
714	121	130	TR13	22	Weekly	1,2,3,4,5,6,7,8,9,10,11,12,13
715	120	70	DB	21	Odd	1,3,5,7,9,11,13
716	120	70	DB	22	Odd	1,3,5,7,9,11,13
717	122	65	TR18	2	Weekly	1,2,3,4,5,6,7,8,9,10,11,12,13
718	124	7	LT11	51	Weekly	1,2,3,4,5,6,7,8,9,10,11,12,13
719	122	70	TR19	18	Weekly	1,2,3,4,5,6,7,8,9,10,11,12,13
720	124	7	LT11	17	Weekly	1,2,3,4,5,6,7,8,9,10,11,12,13
721	124	7	LT11	3	Weekly	1,2,3,4,5,6,7,8,9,10,11,12,13
722	123	70	SWE	15	Even	2,4,6,8,10,12
723	123	70	SWE	16	Even	2,4,6,8,10,12
724	123	65	SWE	15	Odd	1,3,5,7,9,11,13
725	123	65	SWE	16	Odd	1,3,5,7,9,11,13
726	126	126	TR10	63	Weekly	1,2,3,4,5,6,7,8,9,10,11,12,13
727	125	8	LT2A	5	Weekly	1,2,3,4,5,6,7,8,9,10,11,12,13
728	126	84	TR19	44	Weekly	1,2,3,4,5,6,7,8,9,10,11,12,13
729	125	8	LT2A	19	Weekly	1,2,3,4,5,6,7,8,9,10,11,12,13
730	126	133	TR17	17	Weekly	1,2,3,4,5,6,7,8,9,10,11,12,13
731	126	85	TR19	1	Weekly	1,2,3,4,5,6,7,8,9,10,11,12,13
732	125	8	LT2A	64	Weekly	1,2,3,4,5,6,7,8,9,10,11,12,13
733	126	66	TR18	65	Weekly	1,2,3,4,5,6,7,8,9,10,11,12,13
734	128	126	TR14	58	Weekly	1,2,3,4,5,6,7,8,9,10,11,12,13
735	129	84	CL1	21	Weekly	1,2,3,4,5,6,7,8,9,10,11,12,13
736	129	84	CL1	22	Weekly	1,2,3,4,5,6,7,8,9,10,11,12,13
737	129	85	CL1	31	Weekly	1,2,3,4,5,6,7,8,9,10,11,12,13
738	129	85	CL1	32	Weekly	1,2,3,4,5,6,7,8,9,10,11,12,13
739	127	8	LT8	51	Weekly	1,2,3,4,5,6,7,8,9,10,11,12,13
740	128	133	TR13	50	Weekly	1,2,3,4,5,6,7,8,9,10,11,12,13
741	128	84	TR11	49	Weekly	1,2,3,4,5,6,7,8,9,10,11,12,13
742	128	85	TR12	48	Weekly	1,2,3,4,5,6,7,8,9,10,11,12,13
743	127	8	LT4	16	Weekly	1,2,3,4,5,6,7,8,9,10,11,12,13
744	127	8	LT10	59	Weekly	1,2,3,4,5,6,7,8,9,10,11,12,13
745	129	126	CL1	8	Weekly	1,2,3,4,5,6,7,8,9,10,11,12,13
746	129	126	CL1	9	Weekly	1,2,3,4,5,6,7,8,9,10,11,12,13
747	130	8	LT10	57	Weekly	1,2,3,4,5,6,7,8,9,10,11,12,13
748	131	131	SWE	63	Even	2,4,6,8,10,12
749	131	131	SWE	64	Even	2,4,6,8,10,12
750	131	132	SWE	63	Odd	1,3,5,7,9,11,13
751	131	132	SWE	64	Odd	1,3,5,7,9,11,13
752	132	132	TR18	59	Weekly	1,2,3,4,5,6,7,8,9,10,11,12,13
753	131	84	SWE	1	Even	2,4,6,8,10,12
754	131	84	SWE	2	Even	2,4,6,8,10,12
755	132	131	TR18	9	Weekly	1,2,3,4,5,6,7,8,9,10,11,12,13
756	131	85	SWE	43	Odd	1,3,5,7,9,11,13
757	131	85	SWE	44	Odd	1,3,5,7,9,11,13
758	132	84	TR11	47	Weekly	1,2,3,4,5,6,7,8,9,10,11,12,13
759	132	85	TR12	49	Weekly	1,2,3,4,5,6,7,8,9,10,11,12,13
760	131	130	SWE	48	Odd	1,3,5,7,9,11,13
761	131	130	SWE	49	Odd	1,3,5,7,9,11,13
762	130	8	LT7	46	Weekly	1,2,3,4,5,6,7,8,9,10,11,12,13
763	130	8	LT8	15	Weekly	1,2,3,4,5,6,7,8,9,10,11,12,13
764	132	130	TR11	4	Weekly	1,2,3,4,5,6,7,8,9,10,11,12,13
765	133	8	LT2A	62	Weekly	1,2,3,4,5,6,7,8,9,10,11,12,13
766	133	8	LT2A	6	Weekly	1,2,3,4,5,6,7,8,9,10,11,12,13
767	134	126	TR17	15	Weekly	1,2,3,4,5,6,7,8,9,10,11,12,13
768	134	84	TR19	43	Weekly	1,2,3,4,5,6,7,8,9,10,11,12,13
769	133	8	LT2A	18	Weekly	1,2,3,4,5,6,7,8,9,10,11,12,13
770	134	131	TR17	16	Weekly	1,2,3,4,5,6,7,8,9,10,11,12,13
771	134	132	TR15	9	Weekly	1,2,3,4,5,6,7,8,9,10,11,12,13
772	134	85	TR17	63	Weekly	1,2,3,4,5,6,7,8,9,10,11,12,13
773	134	130	TR17	63	Weekly	1,2,3,4,5,6,7,8,9,10,11,12,13
774	135	9	LT4	7	Weekly	1,2,3,4,5,6,7,8,9,10,11,12,13
775	135	9	LT4	29	Weekly	1,2,3,4,5,6,7,8,9,10,11,12,13
776	135	9	LT19	46	Weekly	1,2,3,4,5,6,7,8,9,10,11,12,13
777	136	9	LT19	47	Weekly	1,2,3,4,5,6,7,8,9,10,11,12,13
778	137	9	LT2A	66	Weekly	1,2,3,4,5,6,7,8,9,10,11,12,13
779	138	9	LT2A	67	Weekly	1,2,3,4,5,6,7,8,9,10,11,12,13
780	137	9	LT2A	23	Weekly	1,2,3,4,5,6,7,8,9,10,11,12,13
781	137	9	LT2A	24	Weekly	1,2,3,4,5,6,7,8,9,10,11,12,13
782	139	9	LT19	1	Weekly	1,2,3,4,5,6,7,8,9,10,11,12,13
783	140	9	LT19	55	Weekly	1,2,3,4,5,6,7,8,9,10,11,12,13
784	139	9	LT19	22	Weekly	1,2,3,4,5,6,7,8,9,10,11,12,13
785	139	9	LT19	54	Weekly	1,2,3,4,5,6,7,8,9,10,11,12,13
786	143	9	LT2A	10	Weekly	1,2,3,4,5,6,7,8,9,10,11,12,13
787	143	9	LT2A	11	Weekly	1,2,3,4,5,6,7,8,9,10,11,12,13
788	143	9	LT2A	52	Weekly	1,2,3,4,5,6,7,8,9,10,11,12,13
789	144	9	LT2A	53	Weekly	1,2,3,4,5,6,7,8,9,10,11,12,13
790	145	9	LT4	36	Weekly	1,2,3,4,5,6,7,8,9,10,11,12,13
791	146	9	LT19	41	Weekly	1,2,3,4,5,6,7,8,9,10,11,12,13
792	146	9	LT19	39	Weekly	1,2,3,4,5,6,7,8,9,10,11,12,13
793	146	9	LT19	40	Weekly	1,2,3,4,5,6,7,8,9,10,11,12,13
794	147	9	LT11	63	Weekly	1,2,3,4,5,6,7,8,9,10,11,12,13
795	147	9	LT11	15	Weekly	1,2,3,4,5,6,7,8,9,10,11,12,13
796	148	9	LT11	16	Weekly	1,2,3,4,5,6,7,8,9,10,11,12,13
797	147	9	LT11	43	Weekly	1,2,3,4,5,6,7,8,9,10,11,12,13
798	149	9	LT4	60	Weekly	1,2,3,4,5,6,7,8,9,10,11,12,13
799	149	9	LT4	35	Weekly	1,2,3,4,5,6,7,8,9,10,11,12,13
800	150	9	LT4	61	Weekly	1,2,3,4,5,6,7,8,9,10,11,12,13
801	149	9	LT4	4	Weekly	1,2,3,4,5,6,7,8,9,10,11,12,13
802	151	9	LT8	2	Weekly	1,2,3,4,5,6,7,8,9,10,11,12,13
803	152	9	LT8	3	Weekly	1,2,3,4,5,6,7,8,9,10,11,12,13
804	151	9	LT8	20	Weekly	1,2,3,4,5,6,7,8,9,10,11,12,13
805	151	9	LT4	44	Weekly	1,2,3,4,5,6,7,8,9,10,11,12,13
806	160	99	LKCLT	10	Weekly	1,2,3,4,5,6,7,8,9,10,11,12,13
807	160	99	LKCLT	9	Weekly	1,2,3,4,5,6,7,8,9,10,11,12,13
808	160	103	LKCLT	52	Weekly	1,2,3,4,5,6,7,8,9,10,11,12,13
809	160	103	LKCLT	51	Weekly	1,2,3,4,5,6,7,8,9,10,11,12,13
810	161	99	TR11	10	Weekly	1,2,3,4,5,6,7,8,9,10,11,12,13
811	161	101	TR12	65	Weekly	1,2,3,4,5,6,7,8,9,10,11,12,13
812	161	104	TR13	10	Weekly	1,2,3,4,5,6,7,8,9,10,11,12,13
813	161	106	TR12	24	Weekly	1,2,3,4,5,6,7,8,9,10,11,12,13
814	161	108	TR11	52	Weekly	1,2,3,4,5,6,7,8,9,10,11,12,13
815	161	100	TR11	65	Weekly	1,2,3,4,5,6,7,8,9,10,11,12,13
816	161	110	TR13	52	Weekly	1,2,3,4,5,6,7,8,9,10,11,12,13
817	161	103	TR12	10	Weekly	1,2,3,4,5,6,7,8,9,10,11,12,13
818	161	105	TR11	24	Weekly	1,2,3,4,5,6,7,8,9,10,11,12,13
819	161	107	TR13	24	Weekly	1,2,3,4,5,6,7,8,9,10,11,12,13
820	161	109	TR12	52	Weekly	1,2,3,4,5,6,7,8,9,10,11,12,13
821	161	102	TR13	65	Weekly	1,2,3,4,5,6,7,8,9,10,11,12,13
822	162	99	LT19A	16	Weekly	1,2,3,4,5,6,7,8,9,10,11,12,13
823	163	103	MM2	1	Weekly	1,2,3,4,5,6,7,8,9,10,11,12,13
824	163	105	MM2	45	Weekly	1,2,3,4,5,6,7,8,9,10,11,12,13
825	163	107	MM2	6	Weekly	1,2,3,4,5,6,7,8,9,10,11,12,13
826	163	99	MM2	59	Weekly	1,2,3,4,5,6,7,8,9,10,11,12,13
827	163	104	MM2	30	Weekly	1,2,3,4,5,6,7,8,9,10,11,12,13
828	163	106	MM2	5	Weekly	1,2,3,4,5,6,7,8,9,10,11,12,13
829	163	108	MM2	46	Weekly	1,2,3,4,5,6,7,8,9,10,11,12,13
830	164	99	MM3	45	Weekly	1,2,3,4,5,6,7,8,9,10,11,12,13
831	165	99	LT3	21	Weekly	1,2,3,4,5,6,7,8,9,10,11,12,13
832	166	103	CSKL3	9	Even	2,4,6,8,10,12
833	166	105	CSKL3	30	Even	2,4,6,8,10,12
834	166	107	CSKL3	49	Even	2,4,6,8,10,12
835	166	99	CSKL3	9	Odd	1,3,5,7,9,11,13
836	166	103	CSKL3	8	Even	2,4,6,8,10,12
837	166	105	CSKL3	29	Even	2,4,6,8,10,12
838	166	107	CSKL3	48	Even	2,4,6,8,10,12
839	166	109	CSKL3	60	Even	2,4,6,8,10,12
840	166	99	CSKL3	8	Odd	1,3,5,7,9,11,13
841	166	109	CSKL3	59	Even	2,4,6,8,10,12
842	166	104	CSKL3	30	Odd	1,3,5,7,9,11,13
843	166	106	CSKL3	49	Odd	1,3,5,7,9,11,13
844	166	108	CSKL3	60	Odd	1,3,5,7,9,11,13
845	166	104	CSKL3	29	Odd	1,3,5,7,9,11,13
846	166	106	CSKL3	48	Odd	1,3,5,7,9,11,13
847	166	108	CSKL3	59	Odd	1,3,5,7,9,11,13
848	207	126	LT8	57	Weekly	1,2,3,4,5,6,7,8,9,10,11,12,13
849	207	126	LT8	58	Weekly	1,2,3,4,5,6,7,8,9,10,11,12,13
