1	192	55	LT10	2	Weekly	1,2,3,4,5,6,7,8,9,10,11,12,13
2	193	6	LT2A	6	Weekly	1,2,3,4,5,6,7,8,9,10,11,12,13
3	193	36	LT1	7	Weekly	1,2,3,4,5,6,7,8,9,10,11,12,13
4	193	36	LT2A	8	Weekly	1,2,3,4,5,6,7,8,9,10,11,12,13
5	193	36	LT2A	9	Weekly	1,2,3,4,5,6,7,8,9,10,11,12,13
6	193	63	LT2A	19	Weekly	1,2,3,4,5,6,7,8,9,10,11,12,13
7	1	31	LT10	33	Weekly	1,2,3,4,5,6,7,8,9,10,11,12,13
8	1	31	LT10	34	Weekly	1,2,3,4,5,6,7,8,9,10,11,12,13
9	2	31	DSP	36	Weekly	1,2,3,4,5,6,7,8,9,10,11,12,13
10	2	31	DSP	37	Weekly	1,2,3,4,5,6,7,8,9,10,11,12,13
11	1	31	LT8	38	Weekly	1,2,3,4,5,6,7,8,9,10,11,12,13
12	4	21	TR11	22	Weekly	1,2,3,4,5,6,7,8,9,10,11,12,13
13	3	3	LT10	21	Weekly	1,2,3,4,5,6,7,8,9,10,11,12,13
14	3	3	L11	33	Weekly	1,2,3,4,5,6,7,8,9,10,11,12,13
15	5	21	ELE	8	Even	2,4,6,8,10,12
16	5	21	ELE	7	Even	2,4,6,8,10,12
17	3	3	LT10	5	Weekly	1,2,3,4,5,6,7,8,9,10,11,12,13
18	6	3	LT10	58	Weekly	1,2,3,4,5,6,7,8,9,10,11,12,13
19	6	3	LT12	23	Weekly	1,2,3,4,5,6,7,8,9,10,11,12,13
20	7	21	TR11	43	Weekly	1,2,3,4,5,6,7,8,9,10,11,12,13
21	6	3	LT10	44	Weekly	1,2,3,4,5,6,7,8,9,10,11,12,13
22	8	21	CL1	62	Weekly	1,2,3,4,5,6,7,8,9,10,11,12,13
23	8	21	CL1	63	Weekly	1,2,3,4,5,6,7,8,9,10,11,12,13
24	9	3	LT8	60	Weekly	1,2,3,4,5,6,7,8,9,10,11,12,13
25	10	21	TR14	32	Weekly	1,2,3,4,5,6,7,8,9,10,11,12,13
26	9	3	LT10	31	Weekly	1,2,3,4,5,6,7,8,9,10,11,12,13
27	9	3	LT8	4	Weekly	1,2,3,4,5,6,7,8,9,10,11,12,13
28	10	29	TR12	62	Weekly	1,2,3,4,5,6,7,8,9,10,11,12,13
29	13	1	TR12	58	Weekly	1,2,3,4,5,6,7,8,9,10,11,12,13
30	11	16	DIG	59	Even	2,4,6,8,10,12
31	11	16	DIG	60	Even	2,4,6,8,10,12
32	11	15	DIG	59	Odd	1,3,5,7,9,11,13
33	11	15	DIG	60	Odd	1,3,5,7,9,11,13
34	13	22	TR14	59	Weekly	1,2,3,4,5,6,7,8,9,10,11,12,13
35	13	14	TR12	32	Weekly	1,2,3,4,5,6,7,8,9,10,11,12,13
36	13	13	TR11	31	Weekly	1,2,3,4,5,6,7,8,9,10,11,12,13
37	11	12	DIG	31	Even	2,4,6,8,10,12
38	11	12	DIG	32	Even	2,4,6,8,10,12
39	11	11	DIG	31	Odd	1,3,5,7,9,11,13
40	11	11	DIG	32	Odd	1,3,5,7,9,11,13
41	11	14	DIG	45	Even	2,4,6,8,10,12
42	11	14	DIG	46	Even	2,4,6,8,10,12
43	11	13	DIG	45	Odd	1,3,5,7,9,11,13
44	11	13	DIG	46	Odd	1,3,5,7,9,11,13
45	13	17	TR15	21	Weekly	1,2,3,4,5,6,7,8,9,10,11,12,13
46	12	3	LT19	19	Weekly	1,2,3,4,5,6,7,8,9,10,11,12,13
47	13	12	TR12	16	Weekly	1,2,3,4,5,6,7,8,9,10,11,12,13
48	13	11	TR11	15	Weekly	1,2,3,4,5,6,7,8,9,10,11,12,13
49	13	16	TR14	8	Weekly	1,2,3,4,5,6,7,8,9,10,11,12,13
50	11	17	DIG	7	Odd	1,3,5,7,9,11,13
51	11	17	DIG	8	Odd	1,3,5,7,9,11,13
52	13	15	TR13	6	Weekly	1,2,3,4,5,6,7,8,9,10,11,12,13
53	12	3	LT2A	1	Weekly	1,2,3,4,5,6,7,8,9,10,11,12,13
54	12	3	LT2A	61	Weekly	1,2,3,4,5,6,7,8,9,10,11,12,13
55	14	17	CL1	59	Weekly	1,2,3,4,5,6,7,8,9,10,11,12,13
56	14	17	CL1	60	Weekly	1,2,3,4,5,6,7,8,9,10,11,12,13
57	16	3	LT2A	2	Weekly	1,2,3,4,5,6,7,8,9,10,11,12,13
58	14	12	CL1	7	Weekly	1,2,3,4,5,6,7,8,9,10,11,12,13
59	14	12	CL1	8	Weekly	1,2,3,4,5,6,7,8,9,10,11,12,13
60	14	13	CL1	15	Weekly	1,2,3,4,5,6,7,8,9,10,11,12,13
61	14	13	CL1	16	Weekly	1,2,3,4,5,6,7,8,9,10,11,12,13
62	15	15	TR13	8	Weekly	1,2,3,4,5,6,7,8,9,10,11,12,13
63	15	16	TR14	7	Weekly	1,2,3,4,5,6,7,8,9,10,11,12,13
64	14	11	CL1	5	Weekly	1,2,3,4,5,6,7,8,9,10,11,12,13
65	14	11	CL1	6	Weekly	1,2,3,4,5,6,7,8,9,10,11,12,13
66	15	12	TR12	15	Weekly	1,2,3,4,5,6,7,8,9,10,11,12,13
67	15	13	TR11	32	Weekly	1,2,3,4,5,6,7,8,9,10,11,12,13
68	15	14	TR12	31	Weekly	1,2,3,4,5,6,7,8,9,10,11,12,13
69	14	15	CL1	31	Weekly	1,2,3,4,5,6,7,8,9,10,11,12,13
70	14	15	CL1	32	Weekly	1,2,3,4,5,6,7,8,9,10,11,12,13
71	16	3	LT2A	30	Weekly	1,2,3,4,5,6,7,8,9,10,11,12,13
72	16	3	LT2A	51	Weekly	1,2,3,4,5,6,7,8,9,10,11,12,13
73	15	17	TR15	22	Weekly	1,2,3,4,5,6,7,8,9,10,11,12,13
74	14	16	CL1	21	Weekly	1,2,3,4,5,6,7,8,9,10,11,12,13
75	14	16	CL1	22	Weekly	1,2,3,4,5,6,7,8,9,10,11,12,13
76	14	14	CL1	21	Weekly	1,2,3,4,5,6,7,8,9,10,11,12,13
77	14	14	CL1	22	Weekly	1,2,3,4,5,6,7,8,9,10,11,12,13
78	15	11	TR11	16	Weekly	1,2,3,4,5,6,7,8,9,10,11,12,13
79	17	13	TR13	60	Weekly	1,2,3,4,5,6,7,8,9,10,11,12,13
80	18	3	LT2A	64	Weekly	1,2,3,4,5,6,7,8,9,10,11,12,13
81	17	16	TR14	6	Weekly	1,2,3,4,5,6,7,8,9,10,11,12,13
82	17	14	TR13	16	Weekly	1,2,3,4,5,6,7,8,9,10,11,12,13
83	17	11	TR18	8	Weekly	1,2,3,4,5,6,7,8,9,10,11,12,13
84	17	15	TR13	7	Weekly	1,2,3,4,5,6,7,8,9,10,11,12,13
85	17	20	TR16	3	Weekly	1,2,3,4,5,6,7,8,9,10,11,12,13
86	18	3	LT2A	20	Weekly	1,2,3,4,5,6,7,8,9,10,11,12,13
87	17	19	TR19	30	Weekly	1,2,3,4,5,6,7,8,9,10,11,12,13
88	18	3	LT2A	29	Weekly	1,2,3,4,5,6,7,8,9,10,11,12,13
89	17	12	TR15	47	Weekly	1,2,3,4,5,6,7,8,9,10,11,12,13
90	17	17	TR12	44	Weekly	1,2,3,4,5,6,7,8,9,10,11,12,13
91	17	18	TR18	21	Weekly	1,2,3,4,5,6,7,8,9,10,11,12,13
92	19	6	LT20	7	Weekly	1,2,3,4,5,6,7,8,9,10,11,12,13
93	19	6	LT20	8	Weekly	1,2,3,4,5,6,7,8,9,10,11,12,13
94	19	6	LT20	19	Weekly	1,2,3,4,5,6,7,8,9,10,11,12,13
95	20	57	TR10	16	Weekly	1,2,3,4,5,6,7,8,9,10,11,12,13
96	20	52	TR18	46	Weekly	1,2,3,4,5,6,7,8,9,10,11,12,13
97	20	60	TR16	50	Weekly	1,2,3,4,5,6,7,8,9,10,11,12,13
98	20	59	TR14	51	Weekly	1,2,3,4,5,6,7,8,9,10,11,12,13
99	21	5	LT19	47	Weekly	1,2,3,4,5,6,7,8,9,10,11,12,13
100	20	58	TR11	45	Weekly	1,2,3,4,5,6,7,8,9,10,11,12,13
101	20	53	TR14	18	Weekly	1,2,3,4,5,6,7,8,9,10,11,12,13
102	21	5	LT8	21	Weekly	1,2,3,4,5,6,7,8,9,10,11,12,13
103	20	56	TR17	22	Weekly	1,2,3,4,5,6,7,8,9,10,11,12,13
104	22	19	DIG	57	Odd	1,3,5,7,9,11,13
105	22	19	DIG	58	Odd	1,3,5,7,9,11,13
106	22	20	DIG	57	Even	2,4,6,8,10,12
107	22	20	DIG	58	Even	2,4,6,8,10,12
108	22	50	DIG	61	Odd	1,3,5,7,9,11,13
109	22	50	DIG	62	Odd	1,3,5,7,9,11,13
110	24	4	LT19	49	Weekly	1,2,3,4,5,6,7,8,9,10,11,12,13
111	23	50	TR12	23	Weekly	1,2,3,4,5,6,7,8,9,10,11,12,13
112	24	4	LT8	22	Weekly	1,2,3,4,5,6,7,8,9,10,11,12,13
113	24	4	LT19	5	Weekly	1,2,3,4,5,6,7,8,9,10,11,12,13
114	23	20	TR14	2	Weekly	1,2,3,4,5,6,7,8,9,10,11,12,13
115	23	19	TR19	63	Weekly	1,2,3,4,5,6,7,8,9,10,11,12,13
116	25	19	CE	57	Even	2,4,6,8,10,12
117	25	19	CE	58	Even	2,4,6,8,10,12
118	25	20	CE	57	Odd	1,3,5,7,9,11,13
119	25	20	CE	58	Odd	1,3,5,7,9,11,13
120	27	50	TR19	51	Weekly	1,2,3,4,5,6,7,8,9,10,11,12,13
121	26	4	LT19	48	Weekly	1,2,3,4,5,6,7,8,9,10,11,12,13
122	27	20	TR19	45	Weekly	1,2,3,4,5,6,7,8,9,10,11,12,13
123	27	19	TR14	44	Weekly	1,2,3,4,5,6,7,8,9,10,11,12,13
124	26	4	LT19	21	Weekly	1,2,3,4,5,6,7,8,9,10,11,12,13
125	26	4	LT19	8	Weekly	1,2,3,4,5,6,7,8,9,10,11,12,13
126	25	50	CE	61	Even	2,4,6,8,10,12
127	25	50	CE	62	Even	2,4,6,8,10,12
128	30	26	MS	57	Odd	1,3,5,7,9,11,13
129	30	26	MS	58	Odd	1,3,5,7,9,11,13
130	30	20	MS	31	Even	2,4,6,8,10,12
131	30	20	MS	32	Even	2,4,6,8,10,12
132	30	19	MS	31	Odd	1,3,5,7,9,11,13
133	30	19	MS	32	Odd	1,3,5,7,9,11,13
134	29	18	TR10	30	Weekly	1,2,3,4,5,6,7,8,9,10,11,12,13
135	30	18	MS	47	Even	2,4,6,8,10,12
136	30	18	MS	48	Even	2,4,6,8,10,12
137	29	50	TR11	17	Weekly	1,2,3,4,5,6,7,8,9,10,11,12,13
138	28	4	LT8	43	Weekly	1,2,3,4,5,6,7,8,9,10,11,12,13
139	29	19	TR13	45	Weekly	1,2,3,4,5,6,7,8,9,10,11,12,13
140	29	20	TR17	46	Weekly	1,2,3,4,5,6,7,8,9,10,11,12,13
141	30	50	MS	46	Odd	1,3,5,7,9,11,13
142	30	50	MS	47	Odd	1,3,5,7,9,11,13
143	28	4	LT8	9	Weekly	1,2,3,4,5,6,7,8,9,10,11,12,13
144	28	4	LT10	65	Weekly	1,2,3,4,5,6,7,8,9,10,11,12,13
145	31	20	TR13	63	Weekly	1,2,3,4,5,6,7,8,9,10,11,12,13
146	32	4	LT19	7	Weekly	1,2,3,4,5,6,7,8,9,10,11,12,13
147	32	4	LT19	23	Weekly	1,2,3,4,5,6,7,8,9,10,11,12,13
148	31	18	TR18	22	Weekly	1,2,3,4,5,6,7,8,9,10,11,12,13
149	32	4	LT20	50	Weekly	1,2,3,4,5,6,7,8,9,10,11,12,13
150	31	50	TR11	6	Weekly	1,2,3,4,5,6,7,8,9,10,11,12,13
151	31	19	TR13	3	Weekly	1,2,3,4,5,6,7,8,9,10,11,12,13
152	33	4	LT19	57	Weekly	1,2,3,4,5,6,7,8,9,10,11,12,13
153	35	47	CL2	7	Odd	1,3,5,7,9,11,13
154	35	47	CL2	8	Odd	1,3,5,7,9,11,13
155	34	49	TR15	50	Weekly	1,2,3,4,5,6,7,8,9,10,11,12,13
156	35	44	CL2	49	Even	2,4,6,8,10,12
157	35	44	CL2	50	Even	2,4,6,8,10,12
158	35	43	CL2	49	Odd	1,3,5,7,9,11,13
159	35	43	CL2	50	Odd	1,3,5,7,9,11,13
160	35	49	CL2	45	Odd	1,3,5,7,9,11,13
161	35	49	CL2	46	Odd	1,3,5,7,9,11,13
162	33	4	LT2A	44	Weekly	1,2,3,4,5,6,7,8,9,10,11,12,13
163	34	44	TR12	22	Weekly	1,2,3,4,5,6,7,8,9,10,11,12,13
164	34	43	TR15	19	Weekly	1,2,3,4,5,6,7,8,9,10,11,12,13
165	33	4	LT2A	15	Weekly	1,2,3,4,5,6,7,8,9,10,11,12,13
166	35	48	CL2	7	Even	2,4,6,8,10,12
167	35	48	CL2	8	Even	2,4,6,8,10,12
168	35	52	CL2	31	Odd	1,3,5,7,9,11,13
169	35	52	CL2	32	Odd	1,3,5,7,9,11,13
170	34	46	TR12	2	Weekly	1,2,3,4,5,6,7,8,9,10,11,12,13
171	35	45	CL2	63	Odd	1,3,5,7,9,11,13
172	35	45	CL2	64	Odd	1,3,5,7,9,11,13
173	34	47	TR11	63	Weekly	1,2,3,4,5,6,7,8,9,10,11,12,13
174	34	48	TR13	64	Weekly	1,2,3,4,5,6,7,8,9,10,11,12,13
175	34	45	TR11	1	Weekly	1,2,3,4,5,6,7,8,9,10,11,12,13
176	35	46	CL2	63	Even	2,4,6,8,10,12
177	35	46	CL2	64	Even	2,4,6,8,10,12
178	36	47	TR11	58	Weekly	1,2,3,4,5,6,7,8,9,10,11,12,13
179	38	4	LT2A	4	Weekly	1,2,3,4,5,6,7,8,9,10,11,12,13
180	38	4	LT2A	32	Weekly	1,2,3,4,5,6,7,8,9,10,11,12,13
181	36	18	TR16	31	Weekly	1,2,3,4,5,6,7,8,9,10,11,12,13
182	36	49	TR15	51	Weekly	1,2,3,4,5,6,7,8,9,10,11,12,13
183	37	44	CE	49	Odd	1,3,5,7,9,11,13
184	37	44	CE	50	Odd	1,3,5,7,9,11,13
185	37	43	CE	49	Even	2,4,6,8,10,12
186	37	43	CE	50	Even	2,4,6,8,10,12
187	37	18	CE	47	Odd	1,3,5,7,9,11,13
188	37	18	CE	48	Odd	1,3,5,7,9,11,13
189	37	49	CE	45	Even	2,4,6,8,10,12
190	37	49	CE	46	Even	2,4,6,8,10,12
191	36	44	TR12	21	Weekly	1,2,3,4,5,6,7,8,9,10,11,12,13
192	36	43	TR19	20	Weekly	1,2,3,4,5,6,7,8,9,10,11,12,13
193	37	48	CE	7	Odd	1,3,5,7,9,11,13
194	37	48	CE	8	Odd	1,3,5,7,9,11,13
195	37	47	CE	7	Even	2,4,6,8,10,12
196	37	47	CE	8	Even	2,4,6,8,10,12
197	36	45	TR11	2	Weekly	1,2,3,4,5,6,7,8,9,10,11,12,13
198	38	4	LT2A	59	Weekly	1,2,3,4,5,6,7,8,9,10,11,12,13
199	37	46	CE	63	Odd	1,3,5,7,9,11,13
200	37	46	CE	64	Odd	1,3,5,7,9,11,13
201	36	48	TR12	63	Weekly	1,2,3,4,5,6,7,8,9,10,11,12,13
202	36	46	TR12	1	Weekly	1,2,3,4,5,6,7,8,9,10,11,12,13
203	37	45	CE	63	Even	2,4,6,8,10,12
204	37	45	CE	64	Even	2,4,6,8,10,12
205	39	18	SWE	61	Weekly	1,2,3,4,5,6,7,8,9,10,11,12,13
206	39	18	SWE	62	Weekly	1,2,3,4,5,6,7,8,9,10,11,12,13
207	41	48	TR12	20	Weekly	1,2,3,4,5,6,7,8,9,10,11,12,13
208	41	45	TR13	30	Weekly	1,2,3,4,5,6,7,8,9,10,11,12,13
209	41	46	TR14	29	Weekly	1,2,3,4,5,6,7,8,9,10,11,12,13
210	39	48	SWE	29	Weekly	1,2,3,4,5,6,7,8,9,10,11,12,13
211	39	48	SWE	30	Weekly	1,2,3,4,5,6,7,8,9,10,11,12,13
212	39	47	SWE	29	Weekly	1,2,3,4,5,6,7,8,9,10,11,12,13
213	39	47	SWE	30	Weekly	1,2,3,4,5,6,7,8,9,10,11,12,13
214	41	44	TR12	48	Weekly	1,2,3,4,5,6,7,8,9,10,11,12,13
215	41	43	TR11	47	Weekly	1,2,3,4,5,6,7,8,9,10,11,12,13
216	39	46	SWE	47	Weekly	1,2,3,4,5,6,7,8,9,10,11,12,13
217	39	46	SWE	48	Weekly	1,2,3,4,5,6,7,8,9,10,11,12,13
218	39	45	SWE	47	Weekly	1,2,3,4,5,6,7,8,9,10,11,12,13
219	39	45	SWE	48	Weekly	1,2,3,4,5,6,7,8,9,10,11,12,13
220	40	4	LT2A	45	Weekly	1,2,3,4,5,6,7,8,9,10,11,12,13
221	41	47	TR11	19	Weekly	1,2,3,4,5,6,7,8,9,10,11,12,13
222	39	43	SWE	63	Weekly	1,2,3,4,5,6,7,8,9,10,11,12,13
223	39	43	SWE	64	Weekly	1,2,3,4,5,6,7,8,9,10,11,12,13
224	40	4	LT2A	3	Weekly	1,2,3,4,5,6,7,8,9,10,11,12,13
225	41	18	TR12	6	Weekly	1,2,3,4,5,6,7,8,9,10,11,12,13
226	40	4	LT2A	16	Weekly	1,2,3,4,5,6,7,8,9,10,11,12,13
227	39	44	SWE	63	Weekly	1,2,3,4,5,6,7,8,9,10,11,12,13
228	39	44	SWE	64	Weekly	1,2,3,4,5,6,7,8,9,10,11,12,13
230	43	46	ELE	21	Weekly	1,2,3,4,5,6,7,8,9,10,11,12,13
231	43	46	ELE	22	Weekly	1,2,3,4,5,6,7,8,9,10,11,12,13
233	42	4	LT8	31	Weekly	1,2,3,4,5,6,7,8,9,10,11,12,13
234	44	46	TR14	30	Weekly	1,2,3,4,5,6,7,8,9,10,11,12,13
235	44	45	TR13	29	Weekly	1,2,3,4,5,6,7,8,9,10,11,12,13
236	43	44	ELE	29	Weekly	1,2,3,4,5,6,7,8,9,10,11,12,13
237	43	44	ELE	30	Weekly	1,2,3,4,5,6,7,8,9,10,11,12,13
238	43	47	ELE	49	Weekly	1,2,3,4,5,6,7,8,9,10,11,12,13
239	43	47	ELE	50	Weekly	1,2,3,4,5,6,7,8,9,10,11,12,13
240	44	43	TR11	48	Weekly	1,2,3,4,5,6,7,8,9,10,11,12,13
241	44	44	TR12	47	Weekly	1,2,3,4,5,6,7,8,9,10,11,12,13
242	43	48	ELE	47	Weekly	1,2,3,4,5,6,7,8,9,10,11,12,13
243	43	48	ELE	48	Weekly	1,2,3,4,5,6,7,8,9,10,11,12,13
244	43	17	ELE	45	Weekly	1,2,3,4,5,6,7,8,9,10,11,12,13
245	43	17	ELE	46	Weekly	1,2,3,4,5,6,7,8,9,10,11,12,13
246	44	17	TR12	43	Weekly	1,2,3,4,5,6,7,8,9,10,11,12,13
247	44	47	TR11	20	Weekly	1,2,3,4,5,6,7,8,9,10,11,12,13
248	43	43	ELE	1	Weekly	1,2,3,4,5,6,7,8,9,10,11,12,13
249	43	43	ELE	2	Weekly	1,2,3,4,5,6,7,8,9,10,11,12,13
250	42	4	LT8	18	Weekly	1,2,3,4,5,6,7,8,9,10,11,12,13
251	43	45	ELE	19	Weekly	1,2,3,4,5,6,7,8,9,10,11,12,13
252	43	45	ELE	20	Weekly	1,2,3,4,5,6,7,8,9,10,11,12,13
253	44	48	TR12	19	Weekly	1,2,3,4,5,6,7,8,9,10,11,12,13
256	45	5	LT10	60	Weekly	1,2,3,4,5,6,7,8,9,10,11,12,13
257	46	57	TR10	32	Weekly	1,2,3,4,5,6,7,8,9,10,11,12,13
258	46	56	TR13	19	Weekly	1,2,3,4,5,6,7,8,9,10,11,12,13
259	47	49	COMM	21	Even	2,4,6,8,10,12
260	47	49	COMM	22	Even	2,4,6,8,10,12
261	47	57	COMM	45	Even	2,4,6,8,10,12
262	47	57	COMM	46	Even	2,4,6,8,10,12
263	45	5	LT8	30	Weekly	1,2,3,4,5,6,7,8,9,10,11,12,13
264	47	56	COMM	49	Odd	1,3,5,7,9,11,13
265	47	56	COMM	50	Odd	1,3,5,7,9,11,13
266	46	49	TR15	8	Weekly	1,2,3,4,5,6,7,8,9,10,11,12,13
267	45	5	LT8	5	Weekly	1,2,3,4,5,6,7,8,9,10,11,12,13
268	48	57	TR10	62	Weekly	1,2,3,4,5,6,7,8,9,10,11,12,13
269	48	49	TR18	7	Weekly	1,2,3,4,5,6,7,8,9,10,11,12,13
270	49	49	COMM	21	Odd	1,3,5,7,9,11,13
271	49	49	COMM	22	Odd	1,3,5,7,9,11,13
272	49	57	COMM	45	Odd	1,3,5,7,9,11,13
273	49	57	COMM	46	Odd	1,3,5,7,9,11,13
274	50	5	LT19	29	Weekly	1,2,3,4,5,6,7,8,9,10,11,12,13
275	49	56	COMM	49	Even	2,4,6,8,10,12
276	49	56	COMM	50	Even	2,4,6,8,10,12
277	48	56	TR14	43	Weekly	1,2,3,4,5,6,7,8,9,10,11,12,13
278	50	5	LT8	63	Weekly	1,2,3,4,5,6,7,8,9,10,11,12,13
279	50	5	LT8	2	Weekly	1,2,3,4,5,6,7,8,9,10,11,12,13
280	51	5	LT19	58	Weekly	1,2,3,4,5,6,7,8,9,10,11,12,13
281	51	5	LT19	6	Weekly	1,2,3,4,5,6,7,8,9,10,11,12,13
282	51	5	LT2A	17	Weekly	1,2,3,4,5,6,7,8,9,10,11,12,13
283	52	52	TR15	43	Weekly	1,2,3,4,5,6,7,8,9,10,11,12,13
284	53	52	DB	29	Odd	1,3,5,7,9,11,13
285	53	52	DB	30	Odd	1,3,5,7,9,11,13
286	53	56	DB	31	Even	2,4,6,8,10,12
287	53	56	DB	32	Even	2,4,6,8,10,12
288	52	56	TR10	44	Weekly	1,2,3,4,5,6,7,8,9,10,11,12,13
289	53	57	DB	19	Odd	1,3,5,7,9,11,13
290	53	57	DB	20	Odd	1,3,5,7,9,11,13
291	53	58	DB	15	Odd	1,3,5,7,9,11,13
292	53	58	DB	16	Odd	1,3,5,7,9,11,13
293	52	58	TR13	59	Weekly	1,2,3,4,5,6,7,8,9,10,11,12,13
294	52	57	TR10	3	Weekly	1,2,3,4,5,6,7,8,9,10,11,12,13
295	54	6	LT19	2	Weekly	1,2,3,4,5,6,7,8,9,10,11,12,13
296	54	6	LT19	3	Weekly	1,2,3,4,5,6,7,8,9,10,11,12,13
297	55	6	LT19	52	Weekly	1,2,3,4,5,6,7,8,9,10,11,12,13
298	54	6	LT19	51	Weekly	1,2,3,4,5,6,7,8,9,10,11,12,13
299	56	6	LT19	61	Weekly	1,2,3,4,5,6,7,8,9,10,11,12,13
300	56	6	LT19	43	Weekly	1,2,3,4,5,6,7,8,9,10,11,12,13
301	56	6	LT19	16	Weekly	1,2,3,4,5,6,7,8,9,10,11,12,13
302	57	6	LT19	62	Weekly	1,2,3,4,5,6,7,8,9,10,11,12,13
303	58	6	LT19A	59	Weekly	1,2,3,4,5,6,7,8,9,10,11,12,13
304	59	6	LT19A	60	Weekly	1,2,3,4,5,6,7,8,9,10,11,12,13
305	58	6	LT19A	32	Weekly	1,2,3,4,5,6,7,8,9,10,11,12,13
306	58	6	LT8	20	Weekly	1,2,3,4,5,6,7,8,9,10,11,12,13
307	60	6	LT2A	11	Weekly	1,2,3,4,5,6,7,8,9,10,11,12,13
308	61	6	LT2A	12	Weekly	1,2,3,4,5,6,7,8,9,10,11,12,13
309	60	6	LT8	33	Weekly	1,2,3,4,5,6,7,8,9,10,11,12,13
310	60	6	LT8	34	Weekly	1,2,3,4,5,6,7,8,9,10,11,12,13
311	62	6	LT8	64	Weekly	1,2,3,4,5,6,7,8,9,10,11,12,13
312	62	6	LT8	23	Weekly	1,2,3,4,5,6,7,8,9,10,11,12,13
313	62	6	LT8	46	Weekly	1,2,3,4,5,6,7,8,9,10,11,12,13
314	63	25	TR17	44	Weekly	1,2,3,4,5,6,7,8,9,10,11,12,13
315	63	6	LT8	29	Weekly	1,2,3,4,5,6,7,8,9,10,11,12,13
316	64	6	LT19	10	Weekly	1,2,3,4,5,6,7,8,9,10,11,12,13
317	64	6	LT19	18	Weekly	1,2,3,4,5,6,7,8,9,10,11,12,13
318	65	6	LT19	38	Weekly	1,2,3,4,5,6,7,8,9,10,11,12,13
319	64	6	LT19	37	Weekly	1,2,3,4,5,6,7,8,9,10,11,12,13
320	66	6	LT19	1	Weekly	1,2,3,4,5,6,7,8,9,10,11,12,13
321	67	6	LT19	26	Weekly	1,2,3,4,5,6,7,8,9,10,11,12,13
322	66	6	LT19	25	Weekly	1,2,3,4,5,6,7,8,9,10,11,12,13
323	66	6	LT2A	48	Weekly	1,2,3,4,5,6,7,8,9,10,11,12,13
324	68	6	LT19	9	Weekly	1,2,3,4,5,6,7,8,9,10,11,12,13
325	68	6	LT19	30	Weekly	1,2,3,4,5,6,7,8,9,10,11,12,13
326	69	6	LT19	54	Weekly	1,2,3,4,5,6,7,8,9,10,11,12,13
327	68	6	LT19	53	Weekly	1,2,3,4,5,6,7,8,9,10,11,12,13
328	70	6	LT19	63	Weekly	1,2,3,4,5,6,7,8,9,10,11,12,13
329	70	6	LT19	4	Weekly	1,2,3,4,5,6,7,8,9,10,11,12,13
330	71	6	LT19	17	Weekly	1,2,3,4,5,6,7,8,9,10,11,12,13
331	70	6	LT8	15	Weekly	1,2,3,4,5,6,7,8,9,10,11,12,13
332	72	6	LT19	65	Weekly	1,2,3,4,5,6,7,8,9,10,11,12,13
333	72	6	LT19	24	Weekly	1,2,3,4,5,6,7,8,9,10,11,12,13
334	72	6	LT19	50	Weekly	1,2,3,4,5,6,7,8,9,10,11,12,13
335	73	6	LT19	66	Weekly	1,2,3,4,5,6,7,8,9,10,11,12,13
336	74	6	LT19	22	Weekly	1,2,3,4,5,6,7,8,9,10,11,12,13
337	75	61	TR19	23	Weekly	1,2,3,4,5,6,7,8,9,10,11,12,13
338	74	6	LT19	45	Weekly	1,2,3,4,5,6,7,8,9,10,11,12,13
339	74	6	LT2A	31	Weekly	1,2,3,4,5,6,7,8,9,10,11,12,13
340	75	6	TR19	44	Weekly	1,2,3,4,5,6,7,8,9,10,11,12,13
341	76	6	LT2A	57	Weekly	1,2,3,4,5,6,7,8,9,10,11,12,13
342	76	6	LT2A	49	Weekly	1,2,3,4,5,6,7,8,9,10,11,12,13
343	76	6	LT2A	5	Weekly	1,2,3,4,5,6,7,8,9,10,11,12,13
344	77	6	LT2A	58	Weekly	1,2,3,4,5,6,7,8,9,10,11,12,13
345	78	6	LT2A	67	Weekly	1,2,3,4,5,6,7,8,9,10,11,12,13
346	79	6	LT2A	68	Weekly	1,2,3,4,5,6,7,8,9,10,11,12,13
347	78	6	LT2A	35	Weekly	1,2,3,4,5,6,7,8,9,10,11,12,13
348	78	6	LT19A	21	Weekly	1,2,3,4,5,6,7,8,9,10,11,12,13
349	80	6	LT8	36	Weekly	1,2,3,4,5,6,7,8,9,10,11,12,13
350	81	6	LT19	39	Weekly	1,2,3,4,5,6,7,8,9,10,11,12,13
351	81	6	LT19	41	Weekly	1,2,3,4,5,6,7,8,9,10,11,12,13
352	81	6	LT19	40	Weekly	1,2,3,4,5,6,7,8,9,10,11,12,13
353	82	7	LT10	58	Weekly	1,2,3,4,5,6,7,8,9,10,11,12,13
354	84	29	CL1	17	Weekly	1,2,3,4,5,6,7,8,9,10,11,12,13
355	84	29	CL1	18	Weekly	1,2,3,4,5,6,7,8,9,10,11,12,13
356	83	29	TR13	22	Weekly	1,2,3,4,5,6,7,8,9,10,11,12,13
357	82	7	LT10	44	Weekly	1,2,3,4,5,6,7,8,9,10,11,12,13
358	82	7	LT12	23	Weekly	1,2,3,4,5,6,7,8,9,10,11,12,13
359	85	7	LT8	60	Weekly	1,2,3,4,5,6,7,8,9,10,11,12,13
360	86	29	TR12	62	Weekly	1,2,3,4,5,6,7,8,9,10,11,12,13
361	85	7	LT8	4	Weekly	1,2,3,4,5,6,7,8,9,10,11,12,13
362	85	7	LT10	31	Weekly	1,2,3,4,5,6,7,8,9,10,11,12,13
363	87	23	TR12	57	Weekly	1,2,3,4,5,6,7,8,9,10,11,12,13
364	88	7	LT2A	61	Weekly	1,2,3,4,5,6,7,8,9,10,11,12,13
365	87	22	TR14	59	Weekly	1,2,3,4,5,6,7,8,9,10,11,12,13
366	87	1	TR12	58	Weekly	1,2,3,4,5,6,7,8,9,10,11,12,13
367	87	24	TR12	57	Weekly	1,2,3,4,5,6,7,8,9,10,11,12,13
368	88	7	LT2A	1	Weekly	1,2,3,4,5,6,7,8,9,10,11,12,13
369	88	7	LT19	19	Weekly	1,2,3,4,5,6,7,8,9,10,11,12,13
370	89	24	DIG	15	Even	2,4,6,8,10,12
371	89	24	DIG	16	Even	2,4,6,8,10,12
372	89	23	DIG	15	Even	2,4,6,8,10,12
373	89	23	DIG	16	Even	2,4,6,8,10,12
374	89	1	DIG	15	Odd	1,3,5,7,9,11,13
375	89	1	DIG	16	Odd	1,3,5,7,9,11,13
376	89	22	DIG	3	Odd	1,3,5,7,9,11,13
377	89	22	DIG	4	Odd	1,3,5,7,9,11,13
378	90	22	TR11	57	Weekly	1,2,3,4,5,6,7,8,9,10,11,12,13
379	90	28	TR11	57	Weekly	1,2,3,4,5,6,7,8,9,10,11,12,13
380	90	1	TR12	59	Weekly	1,2,3,4,5,6,7,8,9,10,11,12,13
381	91	7	LT2A	30	Weekly	1,2,3,4,5,6,7,8,9,10,11,12,13
382	91	7	LT2A	51	Weekly	1,2,3,4,5,6,7,8,9,10,11,12,13
383	92	28	CL1	15	Weekly	1,2,3,4,5,6,7,8,9,10,11,12,13
384	92	28	CL1	16	Weekly	1,2,3,4,5,6,7,8,9,10,11,12,13
385	92	22	CL1	15	Weekly	1,2,3,4,5,6,7,8,9,10,11,12,13
386	92	22	CL1	16	Weekly	1,2,3,4,5,6,7,8,9,10,11,12,13
387	92	24	CL1	3	Weekly	1,2,3,4,5,6,7,8,9,10,11,12,13
388	92	24	CL1	4	Weekly	1,2,3,4,5,6,7,8,9,10,11,12,13
389	92	23	CL1	3	Weekly	1,2,3,4,5,6,7,8,9,10,11,12,13
390	92	23	CL1	4	Weekly	1,2,3,4,5,6,7,8,9,10,11,12,13
391	91	7	LT2A	2	Weekly	1,2,3,4,5,6,7,8,9,10,11,12,13
392	90	24	TR15	59	Weekly	1,2,3,4,5,6,7,8,9,10,11,12,13
393	90	23	TR15	59	Weekly	1,2,3,4,5,6,7,8,9,10,11,12,13
394	92	1	CL1	31	Weekly	1,2,3,4,5,6,7,8,9,10,11,12,13
395	92	1	CL1	32	Weekly	1,2,3,4,5,6,7,8,9,10,11,12,13
396	93	22	TR10	17	Weekly	1,2,3,4,5,6,7,8,9,10,11,12,13
397	93	1	TR12	46	Weekly	1,2,3,4,5,6,7,8,9,10,11,12,13
398	94	7	LT10	47	Weekly	1,2,3,4,5,6,7,8,9,10,11,12,13
399	93	23	TR17	48	Weekly	1,2,3,4,5,6,7,8,9,10,11,12,13
400	94	7	LT10	29	Weekly	1,2,3,4,5,6,7,8,9,10,11,12,13
401	94	7	LT10	20	Weekly	1,2,3,4,5,6,7,8,9,10,11,12,13
402	93	24	TR10	17	Weekly	1,2,3,4,5,6,7,8,9,10,11,12,13
403	95	10	LT20	7	Weekly	1,2,3,4,5,6,7,8,9,10,11,12,13
404	95	10	LT20	8	Weekly	1,2,3,4,5,6,7,8,9,10,11,12,13
405	95	10	LT20	19	Weekly	1,2,3,4,5,6,7,8,9,10,11,12,13
406	96	53	TR14	18	Weekly	1,2,3,4,5,6,7,8,9,10,11,12,13
407	96	28	TR14	19	Weekly	1,2,3,4,5,6,7,8,9,10,11,12,13
408	97	8	LT8	21	Weekly	1,2,3,4,5,6,7,8,9,10,11,12,13
409	96	52	TR18	46	Weekly	1,2,3,4,5,6,7,8,9,10,11,12,13
410	96	59	TR14	51	Weekly	1,2,3,4,5,6,7,8,9,10,11,12,13
411	97	8	LT19	47	Weekly	1,2,3,4,5,6,7,8,9,10,11,12,13
412	96	56	TR17	22	Weekly	1,2,3,4,5,6,7,8,9,10,11,12,13
413	96	51	TR14	20	Weekly	1,2,3,4,5,6,7,8,9,10,11,12,13
414	96	61	TR14	18	Weekly	1,2,3,4,5,6,7,8,9,10,11,12,13
415	96	25	TR14	19	Weekly	1,2,3,4,5,6,7,8,9,10,11,12,13
416	98	26	CE	3	Even	2,4,6,8,10,12
417	98	26	CE	4	Even	2,4,6,8,10,12
418	99	24	TR16	44	Weekly	1,2,3,4,5,6,7,8,9,10,11,12,13
419	99	27	TR20	45	Weekly	1,2,3,4,5,6,7,8,9,10,11,12,13
420	99	50	TR19	51	Weekly	1,2,3,4,5,6,7,8,9,10,11,12,13
421	98	54	CE	31	Even	2,4,6,8,10,12
422	98	54	CE	32	Even	2,4,6,8,10,12
423	98	24	CE	31	Even	2,4,6,8,10,12
424	98	24	CE	32	Even	2,4,6,8,10,12
425	100	8	LT19	48	Weekly	1,2,3,4,5,6,7,8,9,10,11,12,13
426	99	26	TR16	44	Weekly	1,2,3,4,5,6,7,8,9,10,11,12,13
427	100	8	LT19	21	Weekly	1,2,3,4,5,6,7,8,9,10,11,12,13
428	98	27	CE	3	Odd	1,3,5,7,9,11,13
429	98	27	CE	4	Odd	1,3,5,7,9,11,13
430	99	54	TR13	17	Weekly	1,2,3,4,5,6,7,8,9,10,11,12,13
431	100	8	LT19	8	Weekly	1,2,3,4,5,6,7,8,9,10,11,12,13
432	101	26	TR16	63	Weekly	1,2,3,4,5,6,7,8,9,10,11,12,13
433	102	8	LT10	7	Weekly	1,2,3,4,5,6,7,8,9,10,11,12,13
434	102	8	LT10	22	Weekly	1,2,3,4,5,6,7,8,9,10,11,12,13
435	101	54	TR17	49	Weekly	1,2,3,4,5,6,7,8,9,10,11,12,13
436	102	8	LT10	50	Weekly	1,2,3,4,5,6,7,8,9,10,11,12,13
437	101	25	TR10	6	Weekly	1,2,3,4,5,6,7,8,9,10,11,12,13
438	101	27	TR20	1	Weekly	1,2,3,4,5,6,7,8,9,10,11,12,13
439	103	26	MS	57	Odd	1,3,5,7,9,11,13
440	103	26	MS	58	Odd	1,3,5,7,9,11,13
441	103	27	MS	29	Odd	1,3,5,7,9,11,13
442	103	27	MS	30	Odd	1,3,5,7,9,11,13
443	104	54	TR18	47	Weekly	1,2,3,4,5,6,7,8,9,10,11,12,13
444	104	27	TR15	44	Weekly	1,2,3,4,5,6,7,8,9,10,11,12,13
445	105	8	LT10	65	Weekly	1,2,3,4,5,6,7,8,9,10,11,12,13
446	103	25	MS	1	Odd	1,3,5,7,9,11,13
447	103	25	MS	2	Odd	1,3,5,7,9,11,13
448	104	26	TR13	1	Weekly	1,2,3,4,5,6,7,8,9,10,11,12,13
449	105	8	LT8	43	Weekly	1,2,3,4,5,6,7,8,9,10,11,12,13
450	105	8	LT8	9	Weekly	1,2,3,4,5,6,7,8,9,10,11,12,13
451	104	25	TR17	63	Weekly	1,2,3,4,5,6,7,8,9,10,11,12,13
452	103	54	MS	61	Odd	1,3,5,7,9,11,13
453	103	54	MS	62	Odd	1,3,5,7,9,11,13
454	106	2	TR15	58	Weekly	1,2,3,4,5,6,7,8,9,10,11,12,13
455	107	54	CL2	61	Even	2,4,6,8,10,12
456	107	54	CL2	62	Even	2,4,6,8,10,12
457	107	25	CL2	1	Even	2,4,6,8,10,12
458	107	25	CL2	2	Even	2,4,6,8,10,12
459	107	26	CL2	15	Odd	1,3,5,7,9,11,13
460	107	26	CL2	16	Odd	1,3,5,7,9,11,13
461	108	8	LT8	23	Weekly	1,2,3,4,5,6,7,8,9,10,11,12,13
462	108	8	LT8	46	Weekly	1,2,3,4,5,6,7,8,9,10,11,12,13
463	107	27	CL2	29	Even	2,4,6,8,10,12
464	107	27	CL2	30	Even	2,4,6,8,10,12
465	107	2	CL2	47	Even	2,4,6,8,10,12
466	107	2	CL2	48	Even	2,4,6,8,10,12
467	106	25	TR17	44	Weekly	1,2,3,4,5,6,7,8,9,10,11,12,13
468	106	26	TR16	19	Weekly	1,2,3,4,5,6,7,8,9,10,11,12,13
469	106	27	TR20	2	Weekly	1,2,3,4,5,6,7,8,9,10,11,12,13
470	108	8	LT8	64	Weekly	1,2,3,4,5,6,7,8,9,10,11,12,13
471	107	28	CL2	61	Even	2,4,6,8,10,12
472	107	28	CL2	62	Even	2,4,6,8,10,12
473	106	28	TR14	58	Weekly	1,2,3,4,5,6,7,8,9,10,11,12,13
474	106	54	TR14	58	Weekly	1,2,3,4,5,6,7,8,9,10,11,12,13
475	109	8	LT19	57	Weekly	1,2,3,4,5,6,7,8,9,10,11,12,13
476	110	52	CL2	31	Odd	1,3,5,7,9,11,13
477	110	52	CL2	32	Odd	1,3,5,7,9,11,13
478	110	2	CL2	47	Odd	1,3,5,7,9,11,13
479	110	2	CL2	48	Odd	1,3,5,7,9,11,13
480	111	51	TR18	45	Weekly	1,2,3,4,5,6,7,8,9,10,11,12,13
481	110	51	CL2	1	Odd	1,3,5,7,9,11,13
482	110	51	CL2	2	Odd	1,3,5,7,9,11,13
483	110	53	CL2	1	Odd	1,3,5,7,9,11,13
484	110	53	CL2	2	Odd	1,3,5,7,9,11,13
485	109	8	LT2A	15	Weekly	1,2,3,4,5,6,7,8,9,10,11,12,13
486	109	8	LT2A	44	Weekly	1,2,3,4,5,6,7,8,9,10,11,12,13
487	111	2	TR16	16	Weekly	1,2,3,4,5,6,7,8,9,10,11,12,13
488	111	53	TR15	60	Weekly	1,2,3,4,5,6,7,8,9,10,11,12,13
489	111	52	TR15	60	Weekly	1,2,3,4,5,6,7,8,9,10,11,12,13
490	112	8	LT19	58	Weekly	1,2,3,4,5,6,7,8,9,10,11,12,13
491	112	8	LT2A	17	Weekly	1,2,3,4,5,6,7,8,9,10,11,12,13
492	114	51	TR13	50	Weekly	1,2,3,4,5,6,7,8,9,10,11,12,13
493	113	52	DB	29	Odd	1,3,5,7,9,11,13
494	113	52	DB	30	Odd	1,3,5,7,9,11,13
495	114	53	TR13	50	Weekly	1,2,3,4,5,6,7,8,9,10,11,12,13
496	114	52	TR15	43	Weekly	1,2,3,4,5,6,7,8,9,10,11,12,13
497	112	8	LT19	6	Weekly	1,2,3,4,5,6,7,8,9,10,11,12,13
498	113	51	DB	1	Even	2,4,6,8,10,12
499	113	51	DB	2	Even	2,4,6,8,10,12
500	113	53	DB	1	Even	2,4,6,8,10,12
501	113	53	DB	2	Even	2,4,6,8,10,12
502	115	25	TR13	58	Weekly	1,2,3,4,5,6,7,8,9,10,11,12,13
503	117	8	LT10	49	Weekly	1,2,3,4,5,6,7,8,9,10,11,12,13
504	115	2	TR17	43	Weekly	1,2,3,4,5,6,7,8,9,10,11,12,13
505	115	51	TR13	21	Weekly	1,2,3,4,5,6,7,8,9,10,11,12,13
506	116	52	SWE	19	Even	2,4,6,8,10,12
507	116	52	SWE	20	Even	2,4,6,8,10,12
508	116	28	SWE	19	Even	2,4,6,8,10,12
509	116	28	SWE	20	Even	2,4,6,8,10,12
510	117	8	LT10	18	Weekly	1,2,3,4,5,6,7,8,9,10,11,12,13
511	116	26	SWE	15	Even	2,4,6,8,10,12
512	116	26	SWE	16	Even	2,4,6,8,10,12
513	116	25	SWE	15	Odd	1,3,5,7,9,11,13
514	116	25	SWE	16	Odd	1,3,5,7,9,11,13
515	116	27	SWE	3	Even	2,4,6,8,10,12
516	116	27	SWE	4	Even	2,4,6,8,10,12
517	116	51	SWE	31	Odd	1,3,5,7,9,11,13
518	116	51	SWE	32	Odd	1,3,5,7,9,11,13
519	115	52	TR14	50	Weekly	1,2,3,4,5,6,7,8,9,10,11,12,13
520	117	8	LT19	59	Weekly	1,2,3,4,5,6,7,8,9,10,11,12,13
521	115	27	TR15	63	Weekly	1,2,3,4,5,6,7,8,9,10,11,12,13
522	115	28	TR14	63	Weekly	1,2,3,4,5,6,7,8,9,10,11,12,13
523	115	26	TR13	2	Weekly	1,2,3,4,5,6,7,8,9,10,11,12,13
524	116	2	SWE	1	Odd	1,3,5,7,9,11,13
525	116	2	SWE	2	Odd	1,3,5,7,9,11,13
526	118	62	TR19	19	Weekly	1,2,3,4,5,6,7,8,9,10,11,12,13
527	119	9	LT2A	31	Weekly	1,2,3,4,5,6,7,8,9,10,11,12,13
528	119	9	LT19	22	Weekly	1,2,3,4,5,6,7,8,9,10,11,12,13
529	118	61	TR19	23	Weekly	1,2,3,4,5,6,7,8,9,10,11,12,13
530	118	28	TR16	43	Weekly	1,2,3,4,5,6,7,8,9,10,11,12,13
531	119	9	LT19	45	Weekly	1,2,3,4,5,6,7,8,9,10,11,12,13
532	118	53	TR16	43	Weekly	1,2,3,4,5,6,7,8,9,10,11,12,13
533	120	9	LT8	1	Weekly	1,2,3,4,5,6,7,8,9,10,11,12,13
534	120	9	LT10	30	Weekly	1,2,3,4,5,6,7,8,9,10,11,12,13
535	121	62	CL1	49	Weekly	1,2,3,4,5,6,7,8,9,10,11,12,13
536	121	62	CL1	50	Weekly	1,2,3,4,5,6,7,8,9,10,11,12,13
537	122	61	TR7	2	Weekly	1,2,3,4,5,6,7,8,9,10,11,12,13
538	122	62	TR9	3	Weekly	1,2,3,4,5,6,7,8,9,10,11,12,13
539	120	9	LT10	48	Weekly	1,2,3,4,5,6,7,8,9,10,11,12,13
540	121	61	CL1	49	Weekly	1,2,3,4,5,6,7,8,9,10,11,12,13
541	121	61	CL1	50	Weekly	1,2,3,4,5,6,7,8,9,10,11,12,13
542	123	62	SWE	59	Odd	1,3,5,7,9,11,13
543	123	62	SWE	60	Odd	1,3,5,7,9,11,13
544	123	53	SWE	4	Odd	1,3,5,7,9,11,13
545	123	53	SWE	5	Odd	1,3,5,7,9,11,13
546	124	9	LT11	20	Weekly	1,2,3,4,5,6,7,8,9,10,11,12,13
547	125	62	TR9	32	Weekly	1,2,3,4,5,6,7,8,9,10,11,12,13
548	123	61	SWE	4	Odd	1,3,5,7,9,11,13
549	123	61	SWE	5	Odd	1,3,5,7,9,11,13
550	124	9	LT9	65	Weekly	1,2,3,4,5,6,7,8,9,10,11,12,13
551	125	53	TR19	59	Weekly	1,2,3,4,5,6,7,8,9,10,11,12,13
552	125	61	TR19	59	Weekly	1,2,3,4,5,6,7,8,9,10,11,12,13
553	124	9	LT9	64	Weekly	1,2,3,4,5,6,7,8,9,10,11,12,13
554	126	9	LT19	61	Weekly	1,2,3,4,5,6,7,8,9,10,11,12,13
555	127	62	TR9	2	Weekly	1,2,3,4,5,6,7,8,9,10,11,12,13
556	126	9	LT19	16	Weekly	1,2,3,4,5,6,7,8,9,10,11,12,13
557	126	9	LT19	43	Weekly	1,2,3,4,5,6,7,8,9,10,11,12,13
558	127	61	TR10	29	Weekly	1,2,3,4,5,6,7,8,9,10,11,12,13
559	128	10	LT19	2	Weekly	1,2,3,4,5,6,7,8,9,10,11,12,13
560	128	10	LT19	3	Weekly	1,2,3,4,5,6,7,8,9,10,11,12,13
561	128	10	LT19	51	Weekly	1,2,3,4,5,6,7,8,9,10,11,12,13
562	129	10	LT19	52	Weekly	1,2,3,4,5,6,7,8,9,10,11,12,13
563	130	10	LT19A	59	Weekly	1,2,3,4,5,6,7,8,9,10,11,12,13
564	130	10	LT19A	32	Weekly	1,2,3,4,5,6,7,8,9,10,11,12,13
565	131	10	LT19A	60	Weekly	1,2,3,4,5,6,7,8,9,10,11,12,13
566	130	10	LT8	20	Weekly	1,2,3,4,5,6,7,8,9,10,11,12,13
567	132	10	LT2A	11	Weekly	1,2,3,4,5,6,7,8,9,10,11,12,13
568	133	10	LT2A	12	Weekly	1,2,3,4,5,6,7,8,9,10,11,12,13
569	132	10	LT8	33	Weekly	1,2,3,4,5,6,7,8,9,10,11,12,13
570	132	10	LT8	34	Weekly	1,2,3,4,5,6,7,8,9,10,11,12,13
571	134	10	LT19	10	Weekly	1,2,3,4,5,6,7,8,9,10,11,12,13
572	134	10	LT19	37	Weekly	1,2,3,4,5,6,7,8,9,10,11,12,13
573	135	10	LT19	38	Weekly	1,2,3,4,5,6,7,8,9,10,11,12,13
574	134	10	LT19	18	Weekly	1,2,3,4,5,6,7,8,9,10,11,12,13
575	136	10	LT19	63	Weekly	1,2,3,4,5,6,7,8,9,10,11,12,13
576	137	10	LT19	17	Weekly	1,2,3,4,5,6,7,8,9,10,11,12,13
577	136	10	LT8	15	Weekly	1,2,3,4,5,6,7,8,9,10,11,12,13
578	136	10	LT19	4	Weekly	1,2,3,4,5,6,7,8,9,10,11,12,13
579	138	10	LT8	50	Weekly	1,2,3,4,5,6,7,8,9,10,11,12,13
580	139	10	LT3	55	Weekly	1,2,3,4,5,6,7,8,9,10,11,12,13
581	139	10	LT3	54	Weekly	1,2,3,4,5,6,7,8,9,10,11,12,13
582	139	10	LT3	53	Weekly	1,2,3,4,5,6,7,8,9,10,11,12,13
583	194	10	DSP	61	Weekly	1,2,3,4,5,6,7,8,9,10,11,12,13
584	194	10	DSP	62	Weekly	1,2,3,4,5,6,7,8,9,10,11,12,13
585	141	10	LT9	43	Weekly	1,2,3,4,5,6,7,8,9,10,11,12,13
586	140	10	LT12	29	Weekly	1,2,3,4,5,6,7,8,9,10,11,12,13
587	140	10	LT9	44	Weekly	1,2,3,4,5,6,7,8,9,10,11,12,13
588	140	10	TR9	16	Weekly	1,2,3,4,5,6,7,8,9,10,11,12,13
589	142	10	LT10	66	Weekly	1,2,3,4,5,6,7,8,9,10,11,12,13
590	142	10	LT10	23	Weekly	1,2,3,4,5,6,7,8,9,10,11,12,13
591	142	10	LT10	46	Weekly	1,2,3,4,5,6,7,8,9,10,11,12,13
592	143	10	LT10	24	Weekly	1,2,3,4,5,6,7,8,9,10,11,12,13
593	144	10	LT2A	57	Weekly	1,2,3,4,5,6,7,8,9,10,11,12,13
594	145	10	LT2A	58	Weekly	1,2,3,4,5,6,7,8,9,10,11,12,13
595	144	10	LT2A	49	Weekly	1,2,3,4,5,6,7,8,9,10,11,12,13
596	144	10	LT2A	5	Weekly	1,2,3,4,5,6,7,8,9,10,11,12,13
597	146	10	LT2A	67	Weekly	1,2,3,4,5,6,7,8,9,10,11,12,13
598	147	10	LT2A	68	Weekly	1,2,3,4,5,6,7,8,9,10,11,12,13
599	146	10	LT2A	35	Weekly	1,2,3,4,5,6,7,8,9,10,11,12,13
600	146	10	LT19A	21	Weekly	1,2,3,4,5,6,7,8,9,10,11,12,13
601	148	10	LT8	36	Weekly	1,2,3,4,5,6,7,8,9,10,11,12,13
602	149	10	LT19	39	Weekly	1,2,3,4,5,6,7,8,9,10,11,12,13
603	149	10	LT19	41	Weekly	1,2,3,4,5,6,7,8,9,10,11,12,13
604	149	10	LT19	40	Weekly	1,2,3,4,5,6,7,8,9,10,11,12,13
605	195	18	MM2	57	Weekly	2,3,4,5,6,7,8,9,10,11,12,13
606	195	18	MM2	58	Weekly	2,3,4,5,6,7,8,9,10,11,12,13
607	195	19	MM2	15	Weekly	2,3,4,5,6,7,8,9,10,11,12,13
608	195	19	MM2	16	Weekly	2,3,4,5,6,7,8,9,10,11,12,13
609	195	20	MM3	15	Weekly	2,3,4,5,6,7,8,9,10,11,12,13
610	195	20	MM3	16	Weekly	2,3,4,5,6,7,8,9,10,11,12,13
611	195	25	MM2	3	Weekly	2,3,4,5,6,7,8,9,10,11,12,13
612	195	25	MM2	4	Weekly	2,3,4,5,6,7,8,9,10,11,12,13
613	195	26	MM2	29	Weekly	2,3,4,5,6,7,8,9,10,11,12,13
614	195	26	MM2	30	Weekly	2,3,4,5,6,7,8,9,10,11,12,13
615	195	27	MM3	57	Weekly	2,3,4,5,6,7,8,9,10,11,12,13
616	195	27	MM3	58	Weekly	2,3,4,5,6,7,8,9,10,11,12,13
617	195	28	MM2	3	Weekly	2,3,4,5,6,7,8,9,10,11,12,13
618	195	28	MM2	4	Weekly	2,3,4,5,6,7,8,9,10,11,12,13
619	195	52	MM3	3	Weekly	2,3,4,5,6,7,8,9,10,11,12,13
620	195	52	MM3	4	Weekly	2,3,4,5,6,7,8,9,10,11,12,13
621	195	51	MM2	3	Weekly	2,3,4,5,6,7,8,9,10,11,12,13
622	195	51	MM2	4	Weekly	2,3,4,5,6,7,8,9,10,11,12,13
623	195	49	MM3	3	Weekly	2,3,4,5,6,7,8,9,10,11,12,13
624	195	49	MM3	4	Weekly	2,3,4,5,6,7,8,9,10,11,12,13
625	195	64	MM2	7	Weekly	2,3,4,5,6,7,8,9,10,11,12,13
626	195	64	MM2	8	Weekly	2,3,4,5,6,7,8,9,10,11,12,13
627	195	65	MM2	21	Weekly	2,3,4,5,6,7,8,9,10,11,12,13
628	195	65	MM2	22	Weekly	2,3,4,5,6,7,8,9,10,11,12,13
629	195	66	MM2	49	Weekly	2,3,4,5,6,7,8,9,10,11,12,13
630	195	66	MM2	50	Weekly	2,3,4,5,6,7,8,9,10,11,12,13
631	195	67	MM2	61	Weekly	2,3,4,5,6,7,8,9,10,11,12,13
632	195	67	MM2	62	Weekly	2,3,4,5,6,7,8,9,10,11,12,13
633	191	36	CSKL3	29	Odd	3,5,7,9,11,13
634	191	36	CSKL3	30	Odd	3,5,7,9,11,13
635	191	37	CSKL3	29	Even	2,4,6,8,10,12
636	191	37	CSKL3	30	Even	2,4,6,8,10,12
637	191	38	CSKL3	49	Odd	3,5,7,9,11,13
638	191	38	CSKL3	50	Odd	3,5,7,9,11,13
639	191	39	CSKL3	49	Even	2,4,6,8,10,12
640	191	39	CSKL3	50	Even	2,4,6,8,10,12
641	191	40	CSKL3	21	Odd	3,5,7,9,11,13
642	191	40	CSKL3	22	Odd	3,5,7,9,11,13
643	191	41	CSKL3	21	Even	2,4,6,8,10,12
644	191	41	CSKL3	22	Even	2,4,6,8,10,12
645	42	4	LT8	62	Weekly	1,2,3,4,5,6,7,8,9,10,11,12,13
