1	45	1	63	1,2,3,4,5,6,7,8,9,10,11,12,13
2	45	2	63	1,2,3,4,5,6,7,8,9,10,11,12,13
3	45	3	64	1,2,3,4,5,6,7,8,9,10,11,12,13
4	45	4	64	1,2,3,4,5,6,7,8,9,10,11,12,13
5	45	5	65	1,2,3,4,5,6,7,8,9,10,11,12,13
6	14	6	0	2,4,6,8,10,12
7	23	6	0	1,3,5,7,9,11,13
8	19	7	0	1,2,3,4,5,6,7,8,9,10,11,12,13
9	25	7	0	1,2,3,4,5,6,7,8,9,10,11,12,13
10	15	6	0	2,4,6,8,10,12
11	20	6	0	1,3,5,7,9,11,13
12	22	7	0	1,2,3,4,5,6,7,8,9,10,11,12,13
13	17	7	0	1,2,3,4,5,6,7,8,9,10,11,12,13
14	2	8	4	1,2,3,4,5,6,7,8,9,10,11,12,13
15	16	6	0	2,4,6,8,10,12
16	21	6	0	1,3,5,7,9,11,13
17	14	7	0	1,2,3,4,5,6,7,8,9,10,11,12,13
18	23	7	0	1,2,3,4,5,6,7,8,9,10,11,12,13
19	26	6	0	1,3,5,7,9,11,13
20	29	7	0	1,2,3,4,5,6,7,8,9,10,11,12,13
21	26	7	0	1,2,3,4,5,6,7,8,9,10,11,12,13
22	30	7	0	1,2,3,4,5,6,7,8,9,10,11,12,13
23	18	6	0	2,4,6,8,10,12
24	22	6	0	1,3,5,7,9,11,13
25	15	7	0	1,2,3,4,5,6,7,8,9,10,11,12,13
26	24	7	0	1,2,3,4,5,6,7,8,9,10,11,12,13
27	29	6	0	1,3,5,7,9,11,13
28	30	6	0	2,4,6,8,10,12
29	19	6	0	1,3,5,7,9,11,13
30	24	6	0	2,4,6,8,10,12
31	20	7	0	1,2,3,4,5,6,7,8,9,10,11,12,13
32	18	7	0	1,2,3,4,5,6,7,8,9,10,11,12,13
33	17	6	0	1,3,5,7,9,11,13
34	25	6	0	2,4,6,8,10,12
35	21	7	0	1,2,3,4,5,6,7,8,9,10,11,12,13
36	16	7	0	1,2,3,4,5,6,7,8,9,10,11,12,13
37	17	9	0	1,2,3,4,5,6,7,8,9,10,11,12,13
38	22	9	0	1,2,3,4,5,6,7,8,9,10,11,12,13
39	25	10	0	1,2,3,4,5,6,7,8,9,10,11,12,13
40	19	10	0	1,2,3,4,5,6,7,8,9,10,11,12,13
41	19	9	0	1,2,3,4,5,6,7,8,9,10,11,12,13
42	25	9	0	1,2,3,4,5,6,7,8,9,10,11,12,13
43	17	10	0	1,2,3,4,5,6,7,8,9,10,11,12,13
44	22	10	0	1,2,3,4,5,6,7,8,9,10,11,12,13
45	15	9	0	1,2,3,4,5,6,7,8,9,10,11,12,13
46	20	9	0	1,2,3,4,5,6,7,8,9,10,11,12,13
47	23	10	0	1,2,3,4,5,6,7,8,9,10,11,12,13
48	14	10	0	1,2,3,4,5,6,7,8,9,10,11,12,13
49	2	11	8	1,2,3,4,5,6,7,8,9,10,11,12,13
50	16	9	0	1,2,3,4,5,6,7,8,9,10,11,12,13
51	21	9	0	1,2,3,4,5,6,7,8,9,10,11,12,13
52	24	10	0	1,2,3,4,5,6,7,8,9,10,11,12,13
53	15	10	0	1,2,3,4,5,6,7,8,9,10,11,12,13
54	14	9	0	1,2,3,4,5,6,7,8,9,10,11,12,13
55	23	9	0	1,2,3,4,5,6,7,8,9,10,11,12,13
56	18	10	0	1,2,3,4,5,6,7,8,9,10,11,12,13
57	20	10	0	1,2,3,4,5,6,7,8,9,10,11,12,13
58	18	9	0	1,2,3,4,5,6,7,8,9,10,11,12,13
59	24	9	0	1,2,3,4,5,6,7,8,9,10,11,12,13
60	16	10	0	1,2,3,4,5,6,7,8,9,10,11,12,13
61	21	10	0	1,2,3,4,5,6,7,8,9,10,11,12,13
62	18	12	0	1,2,3,4,5,6,7,8,9,10,11,12,13
63	16	12	0	1,2,3,4,5,6,7,8,9,10,11,12,13
64	21	12	0	1,2,3,4,5,6,7,8,9,10,11,12,13
65	24	12	0	1,2,3,4,5,6,7,8,9,10,11,12,13
66	19	12	0	1,2,3,4,5,6,7,8,9,10,11,12,13
67	25	12	0	1,2,3,4,5,6,7,8,9,10,11,12,13
68	30	12	0	1,2,3,4,5,6,7,8,9,10,11,12,13
69	2	13	10	1,2,3,4,5,6,7,8,9,10,11,12,13
70	29	12	0	1,2,3,4,5,6,7,8,9,10,11,12,13
71	20	12	0	1,2,3,4,5,6,7,8,9,10,11,12,13
72	14	12	0	1,2,3,4,5,6,7,8,9,10,11,12,13
73	22	12	0	1,2,3,4,5,6,7,8,9,10,11,12,13
74	17	12	0	1,2,3,4,5,6,7,8,9,10,11,12,13
75	15	12	0	1,2,3,4,5,6,7,8,9,10,11,12,13
76	23	12	0	1,2,3,4,5,6,7,8,9,10,11,12,13
77	27	12	0	1,2,3,4,5,6,7,8,9,10,11,12,13
78	26	12	0	1,2,3,4,5,6,7,8,9,10,11,12,13
79	28	12	0	1,2,3,4,5,6,7,8,9,10,11,12,13
80	31	14	0	2,4,6,8,10,12
81	29	14	0	1,3,5,7,9,11,13
82	30	14	0	2,4,6,8,10,12
83	26	14	0	2,4,6,8,10,12
84	31	15	0	1,2,3,4,5,6,7,8,9,10,11,12,13
85	2	16	7	1,2,3,4,5,6,7,8,9,10,11,12,13
86	26	15	0	1,2,3,4,5,6,7,8,9,10,11,12,13
87	30	15	0	1,2,3,4,5,6,7,8,9,10,11,12,13
88	29	15	0	1,2,3,4,5,6,7,8,9,10,11,12,13
89	31	17	0	1,2,3,4,5,6,7,8,9,10,11,12,13
90	29	17	0	1,2,3,4,5,6,7,8,9,10,11,12,13
91	30	17	0	1,2,3,4,5,6,7,8,9,10,11,12,13
92	2	18	12	1,2,3,4,5,6,7,8,9,10,11,12,13
93	26	17	0	1,2,3,4,5,6,7,8,9,10,11,12,13
94	29	19	0	1,2,3,4,5,6,7,8,9,10,11,12,13
95	30	19	0	1,2,3,4,5,6,7,8,9,10,11,12,13
96	26	19	0	1,2,3,4,5,6,7,8,9,10,11,12,13
97	28	19	0	1,2,3,4,5,6,7,8,9,10,11,12,13
98	27	19	0	1,2,3,4,5,6,7,8,9,10,11,12,13
99	31	19	0	1,2,3,4,5,6,7,8,9,10,11,12,13
100	27	17	0	1,2,3,4,5,6,7,8,9,10,11,12,13
101	28	17	0	1,2,3,4,5,6,7,8,9,10,11,12,13
102	31	20	0	1,2,3,4,5,6,7,8,9,10,11,12,13
103	2	21	79	1,2,3,4,5,6,7,8,9,10,11,12,13
104	1	21	0	1,2,3,4,5,6,7,8,9,10,11,12,13
105	5	22	18	1,2,3,4,5,6,7,8,9,10,11,12,13
106	71	23	0	1,2,3,4,5,6,7,8,9,10,11,12,13
107	3	24	44	1,2,3,4,5,6,7,8,9,10,11,12,13
108	72	23	0	1,2,3,4,5,6,7,8,9,10,11,12,13
109	74	23	0	1,2,3,4,5,6,7,8,9,10,11,12,13
110	78	23	0	1,2,3,4,5,6,7,8,9,10,11,12,13
111	59	23	0	1,2,3,4,5,6,7,8,9,10,11,12,13
112	80	23	0	1,2,3,4,5,6,7,8,9,10,11,12,13
113	79	23	0	1,2,3,4,5,6,7,8,9,10,11,12,13
114	76	23	0	1,2,3,4,5,6,7,8,9,10,11,12,13
115	73	23	0	1,2,3,4,5,6,7,8,9,10,11,12,13
116	75	23	0	1,2,3,4,5,6,7,8,9,10,11,12,13
117	77	23	0	1,2,3,4,5,6,7,8,9,10,11,12,13
118	27	25	0	1,3,5,7,9,11,13
119	49	25	0	2,4,6,8,10,12
120	3	26	19	1,2,3,4,5,6,7,8,9,10,11,12,13
121	58	27	0	1,2,3,4,5,6,7,8,9,10,11,12,13
122	51	27	0	1,2,3,4,5,6,7,8,9,10,11,12,13
123	56	25	0	2,4,6,8,10,12
124	55	25	0	1,3,5,7,9,11,13
125	52	27	0	1,2,3,4,5,6,7,8,9,10,11,12,13
126	28	27	0	1,2,3,4,5,6,7,8,9,10,11,12,13
127	27	27	0	1,2,3,4,5,6,7,8,9,10,11,12,13
128	57	27	0	1,2,3,4,5,6,7,8,9,10,11,12,13
129	49	27	0	1,2,3,4,5,6,7,8,9,10,11,12,13
130	54	25	0	2,4,6,8,10,12
131	53	25	0	1,3,5,7,9,11,13
132	53	27	0	1,2,3,4,5,6,7,8,9,10,11,12,13
133	54	27	0	1,2,3,4,5,6,7,8,9,10,11,12,13
134	52	25	0	2,4,6,8,10,12
135	51	25	0	1,3,5,7,9,11,13
136	55	27	0	1,2,3,4,5,6,7,8,9,10,11,12,13
137	56	27	0	1,2,3,4,5,6,7,8,9,10,11,12,13
138	57	25	0	1,3,5,7,9,11,13
139	50	27	0	1,2,3,4,5,6,7,8,9,10,11,12,13
140	48	27	0	1,2,3,4,5,6,7,8,9,10,11,12,13
141	50	25	0	2,4,6,8,10,12
142	48	25	0	1,3,5,7,9,11,13
143	58	25	0	1,3,5,7,9,11,13
144	28	25	0	2,4,6,8,10,12
145	3	28	101	1,2,3,4,5,6,7,8,9,10,11,12,13
146	53	29	0	1,3,5,7,9,11,13
147	50	30	0	1,2,3,4,5,6,7,8,9,10,11,12,13
148	48	30	0	1,2,3,4,5,6,7,8,9,10,11,12,13
149	58	29	0	1,3,5,7,9,11,13
150	54	30	0	1,2,3,4,5,6,7,8,9,10,11,12,13
151	53	30	0	1,2,3,4,5,6,7,8,9,10,11,12,13
152	52	29	0	1,3,5,7,9,11,13
153	51	29	0	2,4,6,8,10,12
154	28	29	0	2,4,6,8,10,12
155	52	30	0	1,2,3,4,5,6,7,8,9,10,11,12,13
156	50	29	0	2,4,6,8,10,12
157	48	29	0	1,3,5,7,9,11,13
158	51	30	0	1,2,3,4,5,6,7,8,9,10,11,12,13
159	57	30	0	1,2,3,4,5,6,7,8,9,10,11,12,13
160	49	30	0	1,2,3,4,5,6,7,8,9,10,11,12,13
161	56	29	0	2,4,6,8,10,12
162	55	29	0	1,3,5,7,9,11,13
163	58	30	0	1,2,3,4,5,6,7,8,9,10,11,12,13
164	54	29	0	2,4,6,8,10,12
165	49	29	0	2,4,6,8,10,12
166	57	29	0	1,3,5,7,9,11,13
167	55	30	0	1,2,3,4,5,6,7,8,9,10,11,12,13
168	27	29	0	1,3,5,7,9,11,13
169	56	30	0	1,2,3,4,5,6,7,8,9,10,11,12,13
170	28	30	0	1,2,3,4,5,6,7,8,9,10,11,12,13
171	27	30	0	1,2,3,4,5,6,7,8,9,10,11,12,13
172	3	31	98	1,2,3,4,5,6,7,8,9,10,11,12,13
173	58	32	0	1,2,3,4,5,6,7,8,9,10,11,12,13
174	54	33	0	1,3,5,7,9,11,13
175	53	33	0	2,4,6,8,10,12
176	48	32	0	1,2,3,4,5,6,7,8,9,10,11,12,13
177	50	32	0	1,2,3,4,5,6,7,8,9,10,11,12,13
178	58	33	0	2,4,6,8,10,12
179	53	32	0	1,2,3,4,5,6,7,8,9,10,11,12,13
180	54	32	0	1,2,3,4,5,6,7,8,9,10,11,12,13
181	51	32	0	1,2,3,4,5,6,7,8,9,10,11,12,13
182	50	33	0	1,3,5,7,9,11,13
183	48	33	0	2,4,6,8,10,12
184	52	32	0	1,2,3,4,5,6,7,8,9,10,11,12,13
185	49	32	0	1,2,3,4,5,6,7,8,9,10,11,12,13
186	57	32	0	1,2,3,4,5,6,7,8,9,10,11,12,13
187	56	33	0	1,3,5,7,9,11,13
188	55	33	0	2,4,6,8,10,12
189	56	32	0	1,2,3,4,5,6,7,8,9,10,11,12,13
190	55	32	0	1,2,3,4,5,6,7,8,9,10,11,12,13
191	52	33	0	2,4,6,8,10,12
192	51	33	0	1,3,5,7,9,11,13
193	57	33	0	2,4,6,8,10,12
194	49	33	0	1,3,5,7,9,11,13
195	3	34	15	1,2,3,4,5,6,7,8,9,10,11,12,13
196	49	35	0	1,2,3,4,5,6,7,8,9,10,11,12,13
197	57	35	0	1,2,3,4,5,6,7,8,9,10,11,12,13
198	54	35	0	1,2,3,4,5,6,7,8,9,10,11,12,13
199	53	35	0	1,2,3,4,5,6,7,8,9,10,11,12,13
200	56	35	0	1,2,3,4,5,6,7,8,9,10,11,12,13
201	58	35	0	1,2,3,4,5,6,7,8,9,10,11,12,13
202	51	35	0	1,2,3,4,5,6,7,8,9,10,11,12,13
203	55	35	0	1,2,3,4,5,6,7,8,9,10,11,12,13
204	52	35	0	1,2,3,4,5,6,7,8,9,10,11,12,13
205	50	35	0	1,2,3,4,5,6,7,8,9,10,11,12,13
206	48	35	0	1,2,3,4,5,6,7,8,9,10,11,12,13
207	60	36	0	1,2,3,4,5,6,7,8,9,10,11,12,13
208	3	37	40	1,2,3,4,5,6,7,8,9,10,11,12,13
209	59	38	0	2,4,6,8,10,12
210	61	38	0	1,3,5,7,9,11,13
211	60	38	0	2,4,6,8,10,12
212	62	36	0	1,2,3,4,5,6,7,8,9,10,11,12,13
213	62	38	0	1,3,5,7,9,11,13
214	59	36	0	1,2,3,4,5,6,7,8,9,10,11,12,13
215	66	36	0	1,2,3,4,5,6,7,8,9,10,11,12,13
216	61	36	0	1,2,3,4,5,6,7,8,9,10,11,12,13
218	61	40	0	1,3,5,7,9,11,13
219	62	40	0	2,4,6,8,10,12
220	61	41	0	1,2,3,4,5,6,7,8,9,10,11,12,13
221	62	41	0	1,2,3,4,5,6,7,8,9,10,11,12,13
222	60	40	0	2,4,6,8,10,12
223	60	41	0	1,2,3,4,5,6,7,8,9,10,11,12,13
224	60	42	0	1,2,3,4,5,6,7,8,9,10,11,12,13
225	3	43	32	1,2,3,4,5,6,7,8,9,10,11,12,13
226	61	44	0	1,2,3,4,5,6,7,8,9,10,11,12,13
227	61	42	0	1,2,3,4,5,6,7,8,9,10,11,12,13
228	46	44	0	1,2,3,4,5,6,7,8,9,10,11,12,13
229	62	44	0	1,2,3,4,5,6,7,8,9,10,11,12,13
230	58	42	0	1,2,3,4,5,6,7,8,9,10,11,12,13
231	60	44	0	1,2,3,4,5,6,7,8,9,10,11,12,13
232	62	42	0	1,2,3,4,5,6,7,8,9,10,11,12,13
233	58	44	0	1,2,3,4,5,6,7,8,9,10,11,12,13
234	61	45	0	1,2,3,4,5,6,7,8,9,10,11,12,13
235	62	46	0	1,2,3,4,5,6,7,8,9,10,11,12,13
236	60	46	0	1,2,3,4,5,6,7,8,9,10,11,12,13
237	3	47	36	8,9,10,11,12,13
238	60	45	0	1,2,3,4,5,6,7,8,9,10,11,12,13
239	59	45	0	1,2,3,4,5,6,7,8,9,10,11,12,13
240	59	46	0	1,2,3,4,5,6,7,8,9,10,11,12,13
241	61	46	0	1,2,3,4,5,6,7,8,9,10,11,12,13
242	62	45	0	1,2,3,4,5,6,7,8,9,10,11,12,13
243	59	48	0	1,3,5,7,9,11,13
244	59	49	0	1,2,3,4,5,6,7,8,9,10,11,12,13
245	4	50	27	1,2,3,4,5,6,7,8,9,10,11,12,13
246	61	48	0	2,4,6,8,10,12
247	60	48	0	1,3,5,7,9,11,13
248	78	49	0	1,2,3,4,5,6,7,8,9,10,11,12,13
249	77	49	0	1,2,3,4,5,6,7,8,9,10,11,12,13
250	72	48	0	2,4,6,8,10,12
251	76	49	0	1,2,3,4,5,6,7,8,9,10,11,12,13
252	75	49	0	1,2,3,4,5,6,7,8,9,10,11,12,13
253	78	48	0	1,3,5,7,9,11,13
254	77	48	0	2,4,6,8,10,12
255	71	49	0	1,2,3,4,5,6,7,8,9,10,11,12,13
256	72	49	0	1,2,3,4,5,6,7,8,9,10,11,12,13
257	75	48	0	2,4,6,8,10,12
258	80	49	0	1,2,3,4,5,6,7,8,9,10,11,12,13
259	74	48	0	1,3,5,7,9,11,13
260	79	49	0	1,2,3,4,5,6,7,8,9,10,11,12,13
261	73	48	0	2,4,6,8,10,12
262	74	49	0	1,2,3,4,5,6,7,8,9,10,11,12,13
263	76	48	0	1,3,5,7,9,11,13
264	80	48	0	1,3,5,7,9,11,13
265	61	49	0	1,2,3,4,5,6,7,8,9,10,11,12,13
266	71	48	0	1,3,5,7,9,11,13
267	60	49	0	1,2,3,4,5,6,7,8,9,10,11,12,13
268	79	48	0	2,4,6,8,10,12
269	73	49	0	1,2,3,4,5,6,7,8,9,10,11,12,13
270	81	51	0	1,3,5,7,9,11,13
271	83	52	0	1,2,3,4,5,6,7,8,9,10,11,12,13
272	80	51	0	2,4,6,8,10,12
273	76	52	0	1,2,3,4,5,6,7,8,9,10,11,12,13
274	82	51	0	1,3,5,7,9,11,13
275	72	51	0	1,3,5,7,9,11,13
276	71	52	0	1,2,3,4,5,6,7,8,9,10,11,12,13
277	75	51	0	1,3,5,7,9,11,13
278	79	52	0	1,2,3,4,5,6,7,8,9,10,11,12,13
279	74	51	0	2,4,6,8,10,12
280	80	52	0	1,2,3,4,5,6,7,8,9,10,11,12,13
281	73	51	0	1,3,5,7,9,11,13
282	4	53	39	1,2,3,4,5,6,7,8,9,10,11,12,13
283	77	52	0	1,2,3,4,5,6,7,8,9,10,11,12,13
284	78	52	0	1,2,3,4,5,6,7,8,9,10,11,12,13
285	74	52	0	1,2,3,4,5,6,7,8,9,10,11,12,13
286	76	51	0	2,4,6,8,10,12
287	81	52	0	1,2,3,4,5,6,7,8,9,10,11,12,13
288	78	51	0	2,4,6,8,10,12
289	77	51	0	1,3,5,7,9,11,13
290	72	52	0	1,2,3,4,5,6,7,8,9,10,11,12,13
291	83	51	0	2,4,6,8,10,12
292	75	52	0	1,2,3,4,5,6,7,8,9,10,11,12,13
293	71	51	0	2,4,6,8,10,12
294	79	51	0	1,3,5,7,9,11,13
295	73	52	0	1,2,3,4,5,6,7,8,9,10,11,12,13
296	82	52	0	1,2,3,4,5,6,7,8,9,10,11,12,13
297	59	54	0	2,4,6,8,10,12
298	75	55	0	1,2,3,4,5,6,7,8,9,10,11,12,13
299	4	56	23	1,2,3,4,5,6,7,8,9,10,11,12,13
300	59	55	0	1,2,3,4,5,6,7,8,9,10,11,12,13
301	77	54	0	2,4,6,8,10,12
302	76	54	0	2,4,6,8,10,12
303	80	55	0	1,2,3,4,5,6,7,8,9,10,11,12,13
304	74	54	0	1,3,5,7,9,11,13
305	83	54	0	1,3,5,7,9,11,13
306	82	54	0	2,4,6,8,10,12
307	79	55	0	1,2,3,4,5,6,7,8,9,10,11,12,13
308	73	54	0	2,4,6,8,10,12
309	74	55	0	1,2,3,4,5,6,7,8,9,10,11,12,13
310	72	55	0	1,2,3,4,5,6,7,8,9,10,11,12,13
311	76	55	0	1,2,3,4,5,6,7,8,9,10,11,12,13
312	78	55	0	1,2,3,4,5,6,7,8,9,10,11,12,13
313	80	54	0	1,3,5,7,9,11,13
314	75	54	0	2,4,6,8,10,12
315	79	54	0	2,4,6,8,10,12
316	78	54	0	1,3,5,7,9,11,13
317	71	55	0	1,2,3,4,5,6,7,8,9,10,11,12,13
318	77	55	0	1,2,3,4,5,6,7,8,9,10,11,12,13
319	83	55	0	1,2,3,4,5,6,7,8,9,10,11,12,13
320	72	54	0	2,4,6,8,10,12
321	73	55	0	1,2,3,4,5,6,7,8,9,10,11,12,13
322	71	54	0	1,3,5,7,9,11,13
323	82	55	0	1,2,3,4,5,6,7,8,9,10,11,12,13
324	5	57	16	1,2,3,4,5,6,7,8,9,10,11,12,13
325	5	58	16	1,2,3,4,5,6,7,8,9,10,11,12,13
567	97	7	0	1,2,3,4,5,6,7,8,9,10,11,12,13
568	98	7	0	1,2,3,4,5,6,7,8,9,10,11,12,13
569	97	6	0	1,3,5,7,9,11,13
570	98	6	0	2,4,6,8,10,12
571	98	12	0	1,2,3,4,5,6,7,8,9,10,11,12,13
572	97	12	0	1,2,3,4,5,6,7,8,9,10,11,12,13
573	97	14	0	1,3,5,7,9,11,13
574	98	14	0	2,4,6,8,10,12
575	36	15	0	1,2,3,4,5,6,7,8,9,10,11,12,13
576	98	15	0	1,2,3,4,5,6,7,8,9,10,11,12,13
577	36	14	0	2,4,6,8,10,12
578	97	15	0	1,2,3,4,5,6,7,8,9,10,11,12,13
579	37	19	0	1,2,3,4,5,6,7,8,9,10,11,12,13
580	97	17	0	1,2,3,4,5,6,7,8,9,10,11,12,13
581	98	17	0	1,2,3,4,5,6,7,8,9,10,11,12,13
582	97	19	0	1,2,3,4,5,6,7,8,9,10,11,12,13
583	98	19	0	1,2,3,4,5,6,7,8,9,10,11,12,13
584	35	17	0	1,2,3,4,5,6,7,8,9,10,11,12,13
585	66	38	0	2,4,6,8,10,12
586	70	36	0	1,2,3,4,5,6,7,8,9,10,11,12,13
587	3	39	0	1,2,3,4,5,6,7,8,9,10,11,12,13
588	47	58	0	1,2,3,4,5,6,7,8,9,10,11,12,13
589	5	59	0	1,2,3,4,5,6,7,8,9,10,11,12,13
590	5	60	0	1,2,3,4,5,6,7,8,9,10,11,12,13
591	5	61	0	1,2,3,4,5,6,7,8,9,10,11,12,13
592	5	62	0	1,2,3,4,5,6,7,8,9,10,11,12,13
593	5	63	0	1,2,3,4,5,6,7,8,9,10,11,12,13
594	5	64	0	1,2,3,4,5,6,7,8,9,10,11,12,13
595	5	65	0	1,2,3,4,5,6,7,8,9,10,11,12,13
596	5	66	0	1,2,3,4,5,6,7,8,9,10,11,12,13
597	5	67	0	1,2,3,4,5,6,7,8,9,10,11,12,13
598	5	68	0	1,2,3,4,5,6,7,8,9,10,11,12,13
599	63	69	0	1,3,5,7,9,11,13
600	5	71	0	1,2,3,4,5,6,7,8,9,10,11,12,13
601	64	70	0	1,2,3,4,5,6,7,8,9,10,11,12,13
602	5	70	0	1,2,3,4,5,6,7,8,9,10,11,12,13
603	65	70	0	1,2,3,4,5,6,7,8,9,10,11,12,13
604	63	70	0	1,2,3,4,5,6,7,8,9,10,11,12,13
605	65	69	0	1,3,5,7,9,11,13
606	64	69	0	2,4,6,8,10,12
607	5	72	0	1,2,3,4,5,6,7,8,9,10,11,12,13
608	5	73	0	1,2,3,4,5,6,7,8,9,10,11,12,13
609	5	74	0	1,2,3,4,5,6,7,8,9,10,11,12,13
610	5	75	0	1,2,3,4,5,6,7,8,9,10,11,12,13
611	5	76	0	1,2,3,4,5,6,7,8,9,10,11,12,13
612	5	77	0	1,2,3,4,5,6,7,8,9,10,11,12,13
613	5	78	0	1,2,3,4,5,6,7,8,9,10,11,12,13
614	5	79	0	1,2,3,4,5,6,7,8,9,10,11,12,13
615	5	80	0	1,2,3,4,5,6,7,8,9,10,11,12,13
616	5	81	0	1,2,3,4,5,6,7,8,9,10,11,12,13
617	5	82	0	1,2,3,4,5,6,7,8,9,10,11,12,13
618	5	83	0	1,2,3,4,5,6,7,8,9,10,11,12,13
619	5	84	0	1,2,3,4,5,6,7,8,9,10,11,12,13
620	5	85	0	1,2,3,4,5,6,7,8,9,10,11,12,13
621	34	87	0	1,2,3,4,5,6,7,8,9,10,11,12,13
622	121	87	0	1,2,3,4,5,6,7,8,9,10,11,12,13
623	32	87	0	1,2,3,4,5,6,7,8,9,10,11,12,13
624	36	87	0	1,2,3,4,5,6,7,8,9,10,11,12,13
625	6	88	0	1,2,3,4,5,6,7,8,9,10,11,12,13
626	11	87	0	1,2,3,4,5,6,7,8,9,10,11,12,13
627	37	87	0	1,2,3,4,5,6,7,8,9,10,11,12,13
628	33	87	0	1,2,3,4,5,6,7,8,9,10,11,12,13
629	35	87	0	1,2,3,4,5,6,7,8,9,10,11,12,13
630	122	87	0	1,2,3,4,5,6,7,8,9,10,11,12,13
631	38	87	0	1,2,3,4,5,6,7,8,9,10,11,12,13
632	34	89	0	1,2,3,4,5,6,7,8,9,10,11,12,13
633	11	89	0	1,2,3,4,5,6,7,8,9,10,11,12,13
634	6	91	0	1,2,3,4,5,6,7,8,9,10,11,12,13
635	121	89	0	1,2,3,4,5,6,7,8,9,10,11,12,13
636	32	89	0	1,2,3,4,5,6,7,8,9,10,11,12,13
637	34	90	0	1,2,3,4,5,6,7,8,9,10,11,12,13
638	33	90	0	1,2,3,4,5,6,7,8,9,10,11,12,13
639	32	90	0	1,2,3,4,5,6,7,8,9,10,11,12,13
640	121	90	0	1,2,3,4,5,6,7,8,9,10,11,12,13
641	33	89	0	1,2,3,4,5,6,7,8,9,10,11,12,13
642	11	90	0	1,2,3,4,5,6,7,8,9,10,11,12,13
643	122	89	0	1,2,3,4,5,6,7,8,9,10,11,12,13
644	11	92	0	1,2,3,4,5,6,7,8,9,10,11,12,13
645	38	92	0	1,2,3,4,5,6,7,8,9,10,11,12,13
646	34	92	0	1,2,3,4,5,6,7,8,9,10,11,12,13
647	6	93	0	1,2,3,4,5,6,7,8,9,10,11,12,13
648	35	92	0	1,2,3,4,5,6,7,8,9,10,11,12,13
649	36	92	0	1,2,3,4,5,6,7,8,9,10,11,12,13
650	37	92	0	1,2,3,4,5,6,7,8,9,10,11,12,13
651	32	92	0	1,2,3,4,5,6,7,8,9,10,11,12,13
652	33	92	0	1,2,3,4,5,6,7,8,9,10,11,12,13
653	121	92	0	1,2,3,4,5,6,7,8,9,10,11,12,13
654	122	92	0	1,2,3,4,5,6,7,8,9,10,11,12,13
655	121	94	0	1,3,5,7,9,11,13
656	37	94	0	1,3,5,7,9,11,13
657	6	96	0	1,2,3,4,5,6,7,8,9,10,11,12,13
658	121	95	0	1,2,3,4,5,6,7,8,9,10,11,12,13
659	38	94	0	2,4,6,8,10,12
660	35	94	0	1,3,5,7,9,11,13
661	38	95	0	1,2,3,4,5,6,7,8,9,10,11,12,13
662	37	95	0	1,2,3,4,5,6,7,8,9,10,11,12,13
663	36	94	0	2,4,6,8,10,12
664	36	95	0	1,2,3,4,5,6,7,8,9,10,11,12,13
665	35	95	0	1,2,3,4,5,6,7,8,9,10,11,12,13
666	35	97	0	1,2,3,4,5,6,7,8,9,10,11,12,13
667	36	97	0	1,2,3,4,5,6,7,8,9,10,11,12,13
668	38	97	0	1,2,3,4,5,6,7,8,9,10,11,12,13
669	36	98	0	1,2,3,4,5,6,7,8,9,10,11,12,13
670	6	99	0	1,2,3,4,5,6,7,8,9,10,11,12,13
671	38	98	0	1,2,3,4,5,6,7,8,9,10,11,12,13
672	35	98	0	1,2,3,4,5,6,7,8,9,10,11,12,13
673	37	98	0	1,2,3,4,5,6,7,8,9,10,11,12,13
674	37	97	0	1,2,3,4,5,6,7,8,9,10,11,12,13
675	36	100	0	1,2,3,4,5,6,7,8,9,10,11,12,13
676	38	100	0	1,2,3,4,5,6,7,8,9,10,11,12,13
677	37	100	0	1,2,3,4,5,6,7,8,9,10,11,12,13
678	6	101	0	1,2,3,4,5,6,7,8,9,10,11,12,13
679	35	100	0	1,2,3,4,5,6,7,8,9,10,11,12,13
680	9	102	0	1,2,3,4,5,6,7,8,9,10,11,12,13
681	66	103	0	1,2,3,4,5,6,7,8,9,10,11,12,13
682	84	103	0	1,2,3,4,5,6,7,8,9,10,11,12,13
683	68	103	0	1,2,3,4,5,6,7,8,9,10,11,12,13
684	69	103	0	1,2,3,4,5,6,7,8,9,10,11,12,13
685	67	103	0	1,2,3,4,5,6,7,8,9,10,11,12,13
686	7	104	0	1,2,3,4,5,6,7,8,9,10,11,12,13
687	85	103	0	1,2,3,4,5,6,7,8,9,10,11,12,13
688	63	105	0	1,3,5,7,9,11,13
689	7	106	0	1,2,3,4,5,6,7,8,9,10,11,12,13
690	119	105	0	1,3,5,7,9,11,13
691	63	107	0	1,2,3,4,5,6,7,8,9,10,11,12,13
692	52	107	0	1,2,3,4,5,6,7,8,9,10,11,12,13
693	119	107	0	1,2,3,4,5,6,7,8,9,10,11,12,13
694	64	107	0	1,2,3,4,5,6,7,8,9,10,11,12,13
695	64	105	0	2,4,6,8,10,12
696	119	108	0	1,2,3,4,5,6,7,8,9,10,11,12,13
697	7	109	0	1,2,3,4,5,6,7,8,9,10,11,12,13
698	63	108	0	1,2,3,4,5,6,7,8,9,10,11,12,13
699	64	108	0	1,2,3,4,5,6,7,8,9,10,11,12,13
700	69	108	0	1,2,3,4,5,6,7,8,9,10,11,12,13
701	65	108	0	1,2,3,4,5,6,7,8,9,10,11,12,13
702	63	110	0	2,4,6,8,10,12
703	7	111	0	1,2,3,4,5,6,7,8,9,10,11,12,13
704	65	110	0	2,4,6,8,10,12
705	64	112	0	1,2,3,4,5,6,7,8,9,10,11,12,13
706	69	110	0	2,4,6,8,10,12
707	69	112	0	1,2,3,4,5,6,7,8,9,10,11,12,13
708	63	112	0	1,2,3,4,5,6,7,8,9,10,11,12,13
709	119	110	0	1,3,5,7,9,11,13
710	119	112	0	1,2,3,4,5,6,7,8,9,10,11,12,13
711	65	112	0	1,2,3,4,5,6,7,8,9,10,11,12,13
712	64	110	0	1,3,5,7,9,11,13
713	63	113	0	1,3,5,7,9,11,13
714	65	114	0	1,2,3,4,5,6,7,8,9,10,11,12,13
715	7	115	0	1,2,3,4,5,6,7,8,9,10,11,12,13
716	65	113	0	1,3,5,7,9,11,13
717	64	114	0	1,2,3,4,5,6,7,8,9,10,11,12,13
718	63	114	0	1,2,3,4,5,6,7,8,9,10,11,12,13
719	64	113	0	2,4,6,8,10,12
720	66	116	0	2,4,6,8,10,12
721	7	118	0	1,2,3,4,5,6,7,8,9,10,11,12,13
722	88	117	0	1,2,3,4,5,6,7,8,9,10,11,12,13
723	67	117	0	1,2,3,4,5,6,7,8,9,10,11,12,13
724	67	116	0	1,3,5,7,9,11,13
725	68	116	0	2,4,6,8,10,12
726	70	117	0	1,2,3,4,5,6,7,8,9,10,11,12,13
727	68	117	0	1,2,3,4,5,6,7,8,9,10,11,12,13
728	62	116	0	1,3,5,7,9,11,13
729	70	116	0	2,4,6,8,10,12
730	66	117	0	1,2,3,4,5,6,7,8,9,10,11,12,13
731	7	119	0	1,2,3,4,5,6,7,8,9,10,11,12,13
732	67	120	0	2,4,6,8,10,12
733	70	121	0	1,2,3,4,5,6,7,8,9,10,11,12,13
734	66	121	0	1,2,3,4,5,6,7,8,9,10,11,12,13
735	68	120	0	1,3,5,7,9,11,13
736	68	121	0	1,2,3,4,5,6,7,8,9,10,11,12,13
737	67	121	0	1,2,3,4,5,6,7,8,9,10,11,12,13
738	70	120	0	1,3,5,7,9,11,13
739	66	120	0	2,4,6,8,10,12
740	65	122	0	1,2,3,4,5,6,7,8,9,10,11,12,13
741	65	123	0	1,3,5,7,9,11,13
742	70	123	0	2,4,6,8,10,12
743	70	122	0	1,2,3,4,5,6,7,8,9,10,11,12,13
744	7	124	0	1,2,3,4,5,6,7,8,9,10,11,12,13
745	8	125	0	1,2,3,4,5,6,7,8,9,10,11,12,13
746	84	126	0	1,2,3,4,5,6,7,8,9,10,11,12,13
747	85	126	0	1,2,3,4,5,6,7,8,9,10,11,12,13
748	120	126	0	1,2,3,4,5,6,7,8,9,10,11,12,13
749	87	126	0	1,2,3,4,5,6,7,8,9,10,11,12,13
750	66	126	0	1,2,3,4,5,6,7,8,9,10,11,12,13
751	120	128	0	1,2,3,4,5,6,7,8,9,10,11,12,13
752	86	129	0	1,2,3,4,5,6,7,8,9,10,11,12,13
753	8	127	0	1,2,3,4,5,6,7,8,9,10,11,12,13
754	86	128	0	1,2,3,4,5,6,7,8,9,10,11,12,13
755	120	129	0	1,2,3,4,5,6,7,8,9,10,11,12,13
756	84	129	0	1,2,3,4,5,6,7,8,9,10,11,12,13
757	84	128	0	1,2,3,4,5,6,7,8,9,10,11,12,13
758	85	128	0	1,2,3,4,5,6,7,8,9,10,11,12,13
759	8	130	0	1,2,3,4,5,6,7,8,9,10,11,12,13
760	84	131	0	2,4,6,8,10,12
761	67	132	0	1,2,3,4,5,6,7,8,9,10,11,12,13
762	84	132	0	1,2,3,4,5,6,7,8,9,10,11,12,13
763	66	132	0	1,2,3,4,5,6,7,8,9,10,11,12,13
764	85	132	0	1,2,3,4,5,6,7,8,9,10,11,12,13
765	66	131	0	2,4,6,8,10,12
766	85	131	0	1,3,5,7,9,11,13
767	67	131	0	2,4,6,8,10,12
768	8	133	0	1,2,3,4,5,6,7,8,9,10,11,12,13
769	66	134	0	1,2,3,4,5,6,7,8,9,10,11,12,13
770	84	134	0	1,2,3,4,5,6,7,8,9,10,11,12,13
771	68	134	0	1,2,3,4,5,6,7,8,9,10,11,12,13
772	120	134	0	1,2,3,4,5,6,7,8,9,10,11,12,13
773	88	134	0	1,2,3,4,5,6,7,8,9,10,11,12,13
774	67	134	0	1,2,3,4,5,6,7,8,9,10,11,12,13
775	47	136	0	1,2,3,4,5,6,7,8,9,10,11,12,13
776	9	135	0	1,2,3,4,5,6,7,8,9,10,11,12,13
777	9	136	0	1,2,3,4,5,6,7,8,9,10,11,12,13
778	9	137	0	1,2,3,4,5,6,7,8,9,10,11,12,13
779	9	138	0	1,2,3,4,5,6,7,8,9,10,11,12,13
780	9	139	0	1,2,3,4,5,6,7,8,9,10,11,12,13
781	9	140	0	1,2,3,4,5,6,7,8,9,10,11,12,13
782	9	141	0	1,2,3,4,5,6,7,8,9,10,11,12,13
783	9	142	0	1,2,3,4,5,6,7,8,9,10,11,12,13
784	9	143	0	1,2,3,4,5,6,7,8,9,10,11,12,13
785	9	144	0	1,2,3,4,5,6,7,8,9,10,11,12,13
786	9	145	0	1,2,3,4,5,6,7,8,9,10,11,12,13
787	9	146	0	1,2,3,4,5,6,7,8,9,10,11,12,13
788	9	147	0	1,2,3,4,5,6,7,8,9,10,11,12,13
789	9	148	0	1,2,3,4,5,6,7,8,9,10,11,12,13
790	9	149	0	1,2,3,4,5,6,7,8,9,10,11,12,13
791	9	150	0	1,2,3,4,5,6,7,8,9,10,11,12,13
792	9	151	0	1,2,3,4,5,6,7,8,9,10,11,12,13
793	9	152	0	1,2,3,4,5,6,7,8,9,10,11,12,13
794	99	161	0	1,2,3,4,5,6,7,8,9,10,11,12,13
795	101	161	0	1,2,3,4,5,6,7,8,9,10,11,12,13
796	104	161	0	1,2,3,4,5,6,7,8,9,10,11,12,13
797	106	161	0	1,2,3,4,5,6,7,8,9,10,11,12,13
798	108	161	0	1,2,3,4,5,6,7,8,9,10,11,12,13
799	99	160	0	1,2,3,4,5,6,7,8,9,10,11,12,13
800	100	161	0	1,2,3,4,5,6,7,8,9,10,11,12,13
801	110	161	0	1,2,3,4,5,6,7,8,9,10,11,12,13
802	103	161	0	1,2,3,4,5,6,7,8,9,10,11,12,13
803	105	161	0	1,2,3,4,5,6,7,8,9,10,11,12,13
804	107	161	0	1,2,3,4,5,6,7,8,9,10,11,12,13
805	109	161	0	1,2,3,4,5,6,7,8,9,10,11,12,13
806	103	160	0	1,2,3,4,5,6,7,8,9,10,11,12,13
807	102	161	0	1,2,3,4,5,6,7,8,9,10,11,12,13
808	103	163	0	1,2,3,4,5,6,7,8,9,10,11,12,13
809	105	163	0	1,2,3,4,5,6,7,8,9,10,11,12,13
810	107	163	0	1,2,3,4,5,6,7,8,9,10,11,12,13
811	99	163	0	1,2,3,4,5,6,7,8,9,10,11,12,13
812	99	162	0	1,2,3,4,5,6,7,8,9,10,11,12,13
813	104	163	0	1,2,3,4,5,6,7,8,9,10,11,12,13
814	106	163	0	1,2,3,4,5,6,7,8,9,10,11,12,13
815	108	163	0	1,2,3,4,5,6,7,8,9,10,11,12,13
816	99	164	0	1,2,3,4,5,6,7,8,9,10,11,12,13
817	103	166	0	2,4,6,8,10,12
818	105	166	0	2,4,6,8,10,12
819	107	166	0	2,4,6,8,10,12
820	99	166	0	1,3,5,7,9,11,13
821	109	166	0	2,4,6,8,10,12
822	99	165	0	1,2,3,4,5,6,7,8,9,10,11,12,13
823	104	166	0	1,3,5,7,9,11,13
824	106	166	0	1,3,5,7,9,11,13
825	108	166	0	1,3,5,7,9,11,13
826	98	10	0	1,2,3,4,5,6,7,8,9,10,11,12,13
827	97	10	0	1,2,3,4,5,6,7,8,9,10,11,12,13
828	97	9	0	1,2,3,4,5,6,7,8,9,10,11,12,13
829	98	9	0	1,2,3,4,5,6,7,8,9,10,11,12,13
830	128	36	0	1,2,3,4,5,6,7,8,9,10,11,12,13
831	129	36	0	1,2,3,4,5,6,7,8,9,10,11,12,13
832	129	38	0	1,3,5,7,9,11,13
833	128	38	0	2,4,6,8,10,12
834	129	40	0	1,3,5,7,9,11,13
835	129	41	0	1,2,3,4,5,6,7,8,9,10,11,12,13
836	128	41	0	1,2,3,4,5,6,7,8,9,10,11,12,13
837	128	40	0	2,4,6,8,10,12
838	128	42	0	1,2,3,4,5,6,7,8,9,10,11,12,13
839	129	44	0	1,2,3,4,5,6,7,8,9,10,11,12,13
840	129	42	0	1,2,3,4,5,6,7,8,9,10,11,12,13
841	128	44	0	1,2,3,4,5,6,7,8,9,10,11,12,13
842	129	45	0	1,2,3,4,5,6,7,8,9,10,11,12,13
843	129	46	0	1,2,3,4,5,6,7,8,9,10,11,12,13
844	128	45	0	1,2,3,4,5,6,7,8,9,10,11,12,13
845	128	46	0	1,2,3,4,5,6,7,8,9,10,11,12,13
846	129	49	0	1,2,3,4,5,6,7,8,9,10,11,12,13
847	128	49	0	1,2,3,4,5,6,7,8,9,10,11,12,13
848	129	48	0	2,4,6,8,10,12
849	128	48	0	1,3,5,7,9,11,13
850	124	87	0	1,2,3,4,5,6,7,8,9,10,11,12,13
851	123	87	0	1,2,3,4,5,6,7,8,9,10,11,12,13
852	38	90	0	1,2,3,4,5,6,7,8,9,10,11,12,13
853	37	90	0	1,2,3,4,5,6,7,8,9,10,11,12,13
854	123	89	0	1,2,3,4,5,6,7,8,9,10,11,12,13
855	124	89	0	1,2,3,4,5,6,7,8,9,10,11,12,13
856	36	90	0	1,2,3,4,5,6,7,8,9,10,11,12,13
857	35	89	0	1,2,3,4,5,6,7,8,9,10,11,12,13
858	35	90	0	1,2,3,4,5,6,7,8,9,10,11,12,13
859	37	89	0	1,2,3,4,5,6,7,8,9,10,11,12,13
860	36	89	0	1,2,3,4,5,6,7,8,9,10,11,12,13
861	38	89	0	1,2,3,4,5,6,7,8,9,10,11,12,13
862	123	90	0	1,2,3,4,5,6,7,8,9,10,11,12,13
863	123	92	0	1,2,3,4,5,6,7,8,9,10,11,12,13
864	124	92	0	1,2,3,4,5,6,7,8,9,10,11,12,13
865	127	94	0	2,4,6,8,10,12
866	127	95	0	1,2,3,4,5,6,7,8,9,10,11,12,13
867	127	97	0	1,2,3,4,5,6,7,8,9,10,11,12,13
868	127	98	0	1,2,3,4,5,6,7,8,9,10,11,12,13
869	127	100	0	1,2,3,4,5,6,7,8,9,10,11,12,13
870	130	103	0	1,2,3,4,5,6,7,8,9,10,11,12,13
871	131	103	0	1,2,3,4,5,6,7,8,9,10,11,12,13
872	132	103	0	1,2,3,4,5,6,7,8,9,10,11,12,13
873	125	105	0	1,3,5,7,9,11,13
874	125	107	0	1,2,3,4,5,6,7,8,9,10,11,12,13
875	125	108	0	1,2,3,4,5,6,7,8,9,10,11,12,13
876	125	110	0	1,3,5,7,9,11,13
877	125	112	0	1,2,3,4,5,6,7,8,9,10,11,12,13
878	132	114	0	1,2,3,4,5,6,7,8,9,10,11,12,13
879	131	113	0	2,4,6,8,10,12
880	130	113	0	1,3,5,7,9,11,13
881	130	114	0	1,2,3,4,5,6,7,8,9,10,11,12,13
882	132	113	0	1,3,5,7,9,11,13
883	131	114	0	1,2,3,4,5,6,7,8,9,10,11,12,13
884	130	116	0	2,4,6,8,10,12
885	132	116	0	2,4,6,8,10,12
886	131	116	0	1,3,5,7,9,11,13
887	131	117	0	1,2,3,4,5,6,7,8,9,10,11,12,13
888	130	117	0	1,2,3,4,5,6,7,8,9,10,11,12,13
889	132	117	0	1,2,3,4,5,6,7,8,9,10,11,12,13
890	132	120	0	2,4,6,8,10,12
891	131	121	0	1,2,3,4,5,6,7,8,9,10,11,12,13
892	130	120	0	2,4,6,8,10,12
893	132	121	0	1,2,3,4,5,6,7,8,9,10,11,12,13
894	131	120	0	1,3,5,7,9,11,13
895	130	121	0	1,2,3,4,5,6,7,8,9,10,11,12,13
896	126	126	0	1,2,3,4,5,6,7,8,9,10,11,12,13
897	133	126	0	1,2,3,4,5,6,7,8,9,10,11,12,13
898	126	128	0	1,2,3,4,5,6,7,8,9,10,11,12,13
899	85	129	0	1,2,3,4,5,6,7,8,9,10,11,12,13
900	133	128	0	1,2,3,4,5,6,7,8,9,10,11,12,13
901	126	129	0	1,2,3,4,5,6,7,8,9,10,11,12,13
902	131	131	0	2,4,6,8,10,12
903	132	131	0	1,3,5,7,9,11,13
904	132	132	0	1,2,3,4,5,6,7,8,9,10,11,12,13
905	131	132	0	1,2,3,4,5,6,7,8,9,10,11,12,13
906	130	131	0	1,3,5,7,9,11,13
907	130	132	0	1,2,3,4,5,6,7,8,9,10,11,12,13
908	126	134	0	1,2,3,4,5,6,7,8,9,10,11,12,13
909	131	134	0	1,2,3,4,5,6,7,8,9,10,11,12,13
910	132	134	0	1,2,3,4,5,6,7,8,9,10,11,12,13
911	85	134	0	1,2,3,4,5,6,7,8,9,10,11,12,13
912	130	134	0	1,2,3,4,5,6,7,8,9,10,11,12,13
