1	31	1	0	1,2,3,4,5,6,7,8,9,10,11,12,13
2	31	2	0	1,2,3,4,5,6,7,8,9,10,11,12,13
4	21	4	0	1,2,3,4,5,6,7,8,9,10,11,12,13
5	21	5	0	2,4,6,8,10,12
7	21	7	0	1,2,3,4,5,6,7,8,9,10,11,12,13
8	21	8	0	1,2,3,4,5,6,7,8,9,10,11,12,13
10	21	10	0	1,2,3,4,5,6,7,8,9,10,11,12,13
11	15	11	0	1,3,5,7,9,11,13
13	15	13	0	1,2,3,4,5,6,7,8,9,10,11,12,13
14	16	13	0	1,2,3,4,5,6,7,8,9,10,11,12,13
15	12	13	0	1,2,3,4,5,6,7,8,9,10,11,12,13
16	17	13	0	1,2,3,4,5,6,7,8,9,10,11,12,13
17	14	11	0	2,4,6,8,10,12
18	14	13	0	1,2,3,4,5,6,7,8,9,10,11,12,13
19	13	13	0	1,2,3,4,5,6,7,8,9,10,11,12,13
20	12	11	0	2,4,6,8,10,12
21	11	11	0	1,3,5,7,9,11,13
22	13	11	0	1,3,5,7,9,11,13
23	11	13	0	1,2,3,4,5,6,7,8,9,10,11,12,13
24	17	11	0	1,3,5,7,9,11,13
25	16	11	0	2,4,6,8,10,12
26	17	14	0	1,2,3,4,5,6,7,8,9,10,11,12,13
28	15	15	0	1,2,3,4,5,6,7,8,9,10,11,12,13
29	12	15	0	1,2,3,4,5,6,7,8,9,10,11,12,13
30	14	14	0	1,2,3,4,5,6,7,8,9,10,11,12,13
31	17	15	0	1,2,3,4,5,6,7,8,9,10,11,12,13
32	13	15	0	1,2,3,4,5,6,7,8,9,10,11,12,13
33	14	15	0	1,2,3,4,5,6,7,8,9,10,11,12,13
34	15	14	0	1,2,3,4,5,6,7,8,9,10,11,12,13
36	16	14	0	1,2,3,4,5,6,7,8,9,10,11,12,13
37	11	15	0	1,2,3,4,5,6,7,8,9,10,11,12,13
38	13	14	0	1,2,3,4,5,6,7,8,9,10,11,12,13
39	16	15	0	1,2,3,4,5,6,7,8,9,10,11,12,13
40	11	14	0	1,2,3,4,5,6,7,8,9,10,11,12,13
41	13	17	0	1,2,3,4,5,6,7,8,9,10,11,12,13
42	15	17	0	1,2,3,4,5,6,7,8,9,10,11,12,13
43	14	17	0	1,2,3,4,5,6,7,8,9,10,11,12,13
44	18	17	0	1,2,3,4,5,6,7,8,9,10,11,12,13
45	12	17	0	1,2,3,4,5,6,7,8,9,10,11,12,13
46	19	17	0	1,2,3,4,5,6,7,8,9,10,11,12,13
48	17	17	0	1,2,3,4,5,6,7,8,9,10,11,12,13
49	11	17	0	1,2,3,4,5,6,7,8,9,10,11,12,13
50	16	17	0	1,2,3,4,5,6,7,8,9,10,11,12,13
51	20	17	0	1,2,3,4,5,6,7,8,9,10,11,12,13
53	57	20	0	1,2,3,4,5,6,7,8,9,10,11,12,13
54	5	21	0	1,2,3,4,5,6,7,8,9,10,11,12,13
55	58	20	0	1,2,3,4,5,6,7,8,9,10,11,12,13
56	59	20	0	1,2,3,4,5,6,7,8,9,10,11,12,13
57	60	20	0	1,2,3,4,5,6,7,8,9,10,11,12,13
58	56	20	0	1,2,3,4,5,6,7,8,9,10,11,12,13
59	19	22	0	1,3,5,7,9,11,13
60	50	22	0	1,3,5,7,9,11,13
61	19	23	0	1,2,3,4,5,6,7,8,9,10,11,12,13
63	50	23	0	1,2,3,4,5,6,7,8,9,10,11,12,13
64	20	23	0	1,2,3,4,5,6,7,8,9,10,11,12,13
65	20	22	0	2,4,6,8,10,12
66	19	25	0	2,4,6,8,10,12
67	50	25	0	2,4,6,8,10,12
69	20	27	0	1,2,3,4,5,6,7,8,9,10,11,12,13
70	50	27	0	1,2,3,4,5,6,7,8,9,10,11,12,13
71	19	27	0	1,2,3,4,5,6,7,8,9,10,11,12,13
72	20	25	0	1,3,5,7,9,11,13
74	50	29	0	1,2,3,4,5,6,7,8,9,10,11,12,13
75	50	30	0	1,3,5,7,9,11,13
76	18	30	0	2,4,6,8,10,12
77	20	30	0	2,4,6,8,10,12
78	19	30	0	1,3,5,7,9,11,13
79	18	29	0	1,2,3,4,5,6,7,8,9,10,11,12,13
80	20	29	0	1,2,3,4,5,6,7,8,9,10,11,12,13
81	19	29	0	1,2,3,4,5,6,7,8,9,10,11,12,13
82	20	31	0	1,2,3,4,5,6,7,8,9,10,11,12,13
83	19	31	0	1,2,3,4,5,6,7,8,9,10,11,12,13
84	50	31	0	1,2,3,4,5,6,7,8,9,10,11,12,13
86	18	31	0	1,2,3,4,5,6,7,8,9,10,11,12,13
88	47	34	0	1,2,3,4,5,6,7,8,9,10,11,12,13
89	48	34	0	1,2,3,4,5,6,7,8,9,10,11,12,13
90	46	35	0	2,4,6,8,10,12
91	45	35	0	1,3,5,7,9,11,13
92	45	34	0	1,2,3,4,5,6,7,8,9,10,11,12,13
93	47	35	0	1,3,5,7,9,11,13
94	49	34	0	1,2,3,4,5,6,7,8,9,10,11,12,13
95	44	35	0	2,4,6,8,10,12
96	43	35	0	1,3,5,7,9,11,13
97	49	35	0	1,3,5,7,9,11,13
98	44	34	0	1,2,3,4,5,6,7,8,9,10,11,12,13
99	43	34	0	1,2,3,4,5,6,7,8,9,10,11,12,13
100	48	35	0	2,4,6,8,10,12
101	46	34	0	1,2,3,4,5,6,7,8,9,10,11,12,13
102	47	36	0	1,2,3,4,5,6,7,8,9,10,11,12,13
103	46	37	0	1,3,5,7,9,11,13
104	48	36	0	1,2,3,4,5,6,7,8,9,10,11,12,13
105	45	37	0	2,4,6,8,10,12
107	46	36	0	1,2,3,4,5,6,7,8,9,10,11,12,13
108	49	36	0	1,2,3,4,5,6,7,8,9,10,11,12,13
109	44	37	0	1,3,5,7,9,11,13
110	43	37	0	2,4,6,8,10,12
111	18	37	0	1,3,5,7,9,11,13
112	49	37	0	2,4,6,8,10,12
113	44	36	0	1,2,3,4,5,6,7,8,9,10,11,12,13
114	43	36	0	1,2,3,4,5,6,7,8,9,10,11,12,13
115	48	37	0	1,3,5,7,9,11,13
116	47	37	0	2,4,6,8,10,12
117	18	36	0	1,2,3,4,5,6,7,8,9,10,11,12,13
118	45	36	0	1,2,3,4,5,6,7,8,9,10,11,12,13
119	18	39	0	1,2,3,4,5,6,7,8,9,10,11,12,13
120	43	39	0	1,2,3,4,5,6,7,8,9,10,11,12,13
121	44	39	0	1,2,3,4,5,6,7,8,9,10,11,12,13
123	45	41	0	1,2,3,4,5,6,7,8,9,10,11,12,13
124	46	41	0	1,2,3,4,5,6,7,8,9,10,11,12,13
125	48	39	0	1,2,3,4,5,6,7,8,9,10,11,12,13
126	47	39	0	1,2,3,4,5,6,7,8,9,10,11,12,13
127	44	41	0	1,2,3,4,5,6,7,8,9,10,11,12,13
128	43	41	0	1,2,3,4,5,6,7,8,9,10,11,12,13
129	46	39	0	1,2,3,4,5,6,7,8,9,10,11,12,13
130	45	39	0	1,2,3,4,5,6,7,8,9,10,11,12,13
131	48	41	0	1,2,3,4,5,6,7,8,9,10,11,12,13
132	47	41	0	1,2,3,4,5,6,7,8,9,10,11,12,13
133	18	41	0	1,2,3,4,5,6,7,8,9,10,11,12,13
135	45	43	0	1,2,3,4,5,6,7,8,9,10,11,12,13
136	43	43	0	1,2,3,4,5,6,7,8,9,10,11,12,13
137	48	44	0	1,2,3,4,5,6,7,8,9,10,11,12,13
138	46	43	0	1,2,3,4,5,6,7,8,9,10,11,12,13
139	17	43	0	1,2,3,4,5,6,7,8,9,10,11,12,13
140	46	44	0	1,2,3,4,5,6,7,8,9,10,11,12,13
141	45	44	0	1,2,3,4,5,6,7,8,9,10,11,12,13
142	44	43	0	1,2,3,4,5,6,7,8,9,10,11,12,13
143	47	43	0	1,2,3,4,5,6,7,8,9,10,11,12,13
144	43	44	0	1,2,3,4,5,6,7,8,9,10,11,12,13
145	44	44	0	1,2,3,4,5,6,7,8,9,10,11,12,13
146	48	43	0	1,2,3,4,5,6,7,8,9,10,11,12,13
147	17	44	0	1,2,3,4,5,6,7,8,9,10,11,12,13
148	47	44	0	1,2,3,4,5,6,7,8,9,10,11,12,13
150	49	46	0	1,2,3,4,5,6,7,8,9,10,11,12,13
151	56	46	0	1,2,3,4,5,6,7,8,9,10,11,12,13
152	57	47	0	2,4,6,8,10,12
153	57	46	0	1,2,3,4,5,6,7,8,9,10,11,12,13
154	56	47	0	2,4,6,8,10,12
155	49	47	0	2,4,6,8,10,12
156	57	48	0	1,2,3,4,5,6,7,8,9,10,11,12,13
157	49	49	0	1,3,5,7,9,11,13
158	57	49	0	1,3,5,7,9,11,13
160	56	49	0	1,3,5,7,9,11,13
161	56	48	0	1,2,3,4,5,6,7,8,9,10,11,12,13
162	49	48	0	1,2,3,4,5,6,7,8,9,10,11,12,13
164	56	52	0	1,2,3,4,5,6,7,8,9,10,11,12,13
165	56	53	0	1,3,5,7,9,11,13
166	57	53	0	1,3,5,7,9,11,13
167	58	53	0	1,3,5,7,9,11,13
168	58	52	0	1,2,3,4,5,6,7,8,9,10,11,12,13
174	6	58	0	1,2,3,4,5,6,7,8,9,10,11,12,13
175	6	59	0	1,2,3,4,5,6,7,8,9,10,11,12,13
176	6	60	0	1,2,3,4,5,6,7,8,9,10,11,12,13
177	6	61	0	1,2,3,4,5,6,7,8,9,10,11,12,13
181	6	65	0	1,2,3,4,5,6,7,8,9,10,11,12,13
183	6	67	0	1,2,3,4,5,6,7,8,9,10,11,12,13
199	29	83	0	1,2,3,4,5,6,7,8,9,10,11,12,13
202	29	86	0	1,2,3,4,5,6,7,8,9,10,11,12,13
203	23	87	0	1,2,3,4,5,6,7,8,9,10,11,12,13
205	24	89	0	2,4,6,8,10,12
206	23	89	0	2,4,6,8,10,12
207	1	89	0	2,4,6,8,10,12
208	1	87	0	1,2,3,4,5,6,7,8,9,10,11,12,13
209	22	87	0	1,2,3,4,5,6,7,8,9,10,11,12,13
210	22	89	0	1,3,5,7,9,11,13
211	24	87	0	1,2,3,4,5,6,7,8,9,10,11,12,13
212	22	90	0	1,2,3,4,5,6,7,8,9,10,11,12,13
213	23	90	0	1,2,3,4,5,6,7,8,9,10,11,12,13
215	24	92	0	1,2,3,4,5,6,7,8,9,10,11,12,13
216	28	92	0	1,2,3,4,5,6,7,8,9,10,11,12,13
217	1	92	0	1,2,3,4,5,6,7,8,9,10,11,12,13
218	22	92	0	1,2,3,4,5,6,7,8,9,10,11,12,13
219	23	92	0	1,2,3,4,5,6,7,8,9,10,11,12,13
220	24	90	0	1,2,3,4,5,6,7,8,9,10,11,12,13
221	1	90	0	1,2,3,4,5,6,7,8,9,10,11,12,13
222	28	90	0	1,2,3,4,5,6,7,8,9,10,11,12,13
223	22	93	0	1,2,3,4,5,6,7,8,9,10,11,12,13
224	23	93	0	1,2,3,4,5,6,7,8,9,10,11,12,13
226	24	93	0	1,2,3,4,5,6,7,8,9,10,11,12,13
227	1	93	0	1,2,3,4,5,6,7,8,9,10,11,12,13
229	53	96	0	1,2,3,4,5,6,7,8,9,10,11,12,13
231	52	96	0	1,2,3,4,5,6,7,8,9,10,11,12,13
232	61	96	0	1,2,3,4,5,6,7,8,9,10,11,12,13
233	25	96	0	1,2,3,4,5,6,7,8,9,10,11,12,13
234	28	96	0	1,2,3,4,5,6,7,8,9,10,11,12,13
235	51	96	0	1,2,3,4,5,6,7,8,9,10,11,12,13
236	26	98	0	2,4,6,8,10,12
237	27	99	0	1,2,3,4,5,6,7,8,9,10,11,12,13
238	54	98	0	2,4,6,8,10,12
239	24	98	0	2,4,6,8,10,12
241	26	99	0	1,2,3,4,5,6,7,8,9,10,11,12,13
242	27	98	0	1,3,5,7,9,11,13
243	54	99	0	1,2,3,4,5,6,7,8,9,10,11,12,13
244	24	99	0	1,2,3,4,5,6,7,8,9,10,11,12,13
245	26	101	0	1,2,3,4,5,6,7,8,9,10,11,12,13
246	27	101	0	1,2,3,4,5,6,7,8,9,10,11,12,13
247	25	101	0	1,2,3,4,5,6,7,8,9,10,11,12,13
249	54	101	0	1,2,3,4,5,6,7,8,9,10,11,12,13
250	26	103	0	1,3,5,7,9,11,13
251	25	104	0	1,2,3,4,5,6,7,8,9,10,11,12,13
252	25	103	0	1,3,5,7,9,11,13
254	27	104	0	1,2,3,4,5,6,7,8,9,10,11,12,13
255	27	103	0	1,3,5,7,9,11,13
256	54	104	0	1,2,3,4,5,6,7,8,9,10,11,12,13
257	26	104	0	1,2,3,4,5,6,7,8,9,10,11,12,13
258	54	103	0	1,3,5,7,9,11,13
259	2	106	0	1,2,3,4,5,6,7,8,9,10,11,12,13
260	25	107	0	2,4,6,8,10,12
261	26	107	0	1,3,5,7,9,11,13
262	27	107	0	2,4,6,8,10,12
263	2	107	0	2,4,6,8,10,12
265	54	106	0	1,2,3,4,5,6,7,8,9,10,11,12,13
266	25	106	0	1,2,3,4,5,6,7,8,9,10,11,12,13
267	26	106	0	1,2,3,4,5,6,7,8,9,10,11,12,13
268	27	106	0	1,2,3,4,5,6,7,8,9,10,11,12,13
269	28	106	0	1,2,3,4,5,6,7,8,9,10,11,12,13
270	28	107	0	2,4,6,8,10,12
271	54	107	0	2,4,6,8,10,12
273	52	110	0	1,3,5,7,9,11,13
274	2	110	0	1,3,5,7,9,11,13
275	51	111	0	1,2,3,4,5,6,7,8,9,10,11,12,13
276	2	111	0	1,2,3,4,5,6,7,8,9,10,11,12,13
277	53	110	0	1,3,5,7,9,11,13
278	52	111	0	1,2,3,4,5,6,7,8,9,10,11,12,13
279	53	111	0	1,2,3,4,5,6,7,8,9,10,11,12,13
280	51	110	0	1,3,5,7,9,11,13
282	51	113	0	1,3,5,7,9,11,13
283	53	113	0	2,4,6,8,10,12
284	51	114	0	1,2,3,4,5,6,7,8,9,10,11,12,13
285	52	113	0	1,3,5,7,9,11,13
286	53	114	0	1,2,3,4,5,6,7,8,9,10,11,12,13
287	52	114	0	1,2,3,4,5,6,7,8,9,10,11,12,13
288	25	115	0	1,2,3,4,5,6,7,8,9,10,11,12,13
289	26	115	0	1,2,3,4,5,6,7,8,9,10,11,12,13
290	25	116	0	1,3,5,7,9,11,13
291	51	116	0	1,3,5,7,9,11,13
292	52	115	0	1,2,3,4,5,6,7,8,9,10,11,12,13
294	2	115	0	1,2,3,4,5,6,7,8,9,10,11,12,13
295	51	115	0	1,2,3,4,5,6,7,8,9,10,11,12,13
296	52	116	0	2,4,6,8,10,12
297	28	116	0	2,4,6,8,10,12
298	26	116	0	2,4,6,8,10,12
299	27	116	0	2,4,6,8,10,12
300	2	116	0	2,4,6,8,10,12
301	27	115	0	1,2,3,4,5,6,7,8,9,10,11,12,13
302	28	115	0	1,2,3,4,5,6,7,8,9,10,11,12,13
303	62	118	0	1,2,3,4,5,6,7,8,9,10,11,12,13
305	53	118	0	1,2,3,4,5,6,7,8,9,10,11,12,13
306	61	118	0	1,2,3,4,5,6,7,8,9,10,11,12,13
307	28	118	0	1,2,3,4,5,6,7,8,9,10,11,12,13
309	61	121	0	1,2,3,4,5,6,7,8,9,10,11,12,13
310	62	121	0	1,2,3,4,5,6,7,8,9,10,11,12,13
311	61	122	0	1,2,3,4,5,6,7,8,9,10,11,12,13
312	62	122	0	1,2,3,4,5,6,7,8,9,10,11,12,13
313	62	123	0	1,3,5,7,9,11,13
315	53	123	0	1,3,5,7,9,11,13
316	62	125	0	1,2,3,4,5,6,7,8,9,10,11,12,13
317	61	123	0	2,4,6,8,10,12
318	61	125	0	1,2,3,4,5,6,7,8,9,10,11,12,13
319	53	125	0	1,2,3,4,5,6,7,8,9,10,11,12,13
321	61	127	0	1,2,3,4,5,6,7,8,9,10,11,12,13
322	62	127	0	1,2,3,4,5,6,7,8,9,10,11,12,13
325	10	130	0	1,2,3,4,5,6,7,8,9,10,11,12,13
326	10	131	0	1,2,3,4,5,6,7,8,9,10,11,12,13
345	35	150	0	1,2,3,4,5,6,7,8,9,10,11,12,13
346	30	151	0	1,2,3,4,5,6,7,8,9,10,11,12,13
347	33	152	0	1,2,3,4,5,6,7,8,9,10,11,12,13
348	18	153	0	1,2,3,4,5,6,7,8,9,10,11,12,13
349	18	154	0	1,3,5,7,9,11,13
350	33	155	0	1,2,3,4,5,6,7,8,9,10,11,12,13
351	32	156	0	1,2,3,4,5,6,7,8,9,10,11,12,13
352	32	157	0	2,4,6,8,10,12
353	34	158	0	1,2,3,4,5,6,7,8,9,10,11,12,13
354	55	159	0	1,3,5,7,9,11,13
355	55	160	0	1,2,3,4,5,6,7,8,9,10,11,12,13
356	34	161	0	1,2,3,4,5,6,7,8,9,10,11,12,13
357	34	162	0	1,2,3,4,5,6,7,8,9,10,11,12,13
358	34	163	0	1,2,3,4,5,6,7,8,9,10,11,12,13
359	35	164	0	1,2,3,4,5,6,7,8,9,10,11,12,13
360	35	165	0	1,2,3,4,5,6,7,8,9,10,11,12,13
361	35	166	0	1,2,3,4,5,6,7,8,9,10,11,12,13
362	35	167	0	1,2,3,4,5,6,7,8,9,10,11,12,13
363	35	168	0	1,2,3,4,5,6,7,8,9,10,11,12,13
364	35	169	0	1,2,3,4,5,6,7,8,9,10,11,12,13
365	35	170	0	1,2,3,4,5,6,7,8,9,10,11,12,13
366	35	171	0	1,2,3,4,5,6,7,8,9,10,11,12,13
367	35	172	0	1,2,3,4,5,6,7,8,9,10,11,12,13
368	35	173	0	1,2,3,4,5,6,7,8,9,10,11,12,13
369	35	174	0	1,2,3,4,5,6,7,8,9,10,11,12,13
370	35	175	0	1,2,3,4,5,6,7,8,9,10,11,12,13
371	35	176	0	1,2,3,4,5,6,7,8,9,10,11,12,13
372	35	177	0	1,2,3,4,5,6,7,8,9,10,11,12,13
373	35	178	0	1,2,3,4,5,6,7,8,9,10,11,12,13
374	35	179	0	1,2,3,4,5,6,7,8,9,10,11,12,13
375	35	180	0	1,2,3,4,5,6,7,8,9,10,11,12,13
376	35	181	0	1,2,3,4,5,6,7,8,9,10,11,12,13
377	35	182	0	1,2,3,4,5,6,7,8,9,10,11,12,13
378	35	183	0	1,2,3,4,5,6,7,8,9,10,11,12,13
379	35	184	0	1,2,3,4,5,6,7,8,9,10,11,12,13
380	35	185	0	1,2,3,4,5,6,7,8,9,10,11,12,13
381	35	186	0	1,2,3,4,5,6,7,8,9,10,11,12,13
382	35	187	0	1,2,3,4,5,6,7,8,9,10,11,12,13
383	35	188	0	1,2,3,4,5,6,7,8,9,10,11,12,13
384	35	189	0	1,2,3,4,5,6,7,8,9,10,11,12,13
385	10	188	0	1,2,3,4,5,6,7,8,9,10,11,12,13
386	36	190	0	1,2,3,4,5,6,7,8,9,10,11,12,13
387	36	191	0	1,3,5,7,9,11,13
388	37	191	0	2,4,6,8,10,12
389	38	191	0	1,3,5,7,9,11,13
390	39	191	0	2,4,6,8,10,12
391	40	191	0	1,3,5,7,9,11,13
392	41	191	0	2,4,6,8,10,12
393	42	191	0	2,4,6,8,10,12
394	55	192	0	1,2,3,4,5,6,7,8,9,10,11,12,13
395	6	193	0	1,2,3,4,5,6,7,8,9,10,11,12,13
396	36	193	0	1,2,3,4,5,6,7,8,9,10,11,12,13
397	63	193	0	1,2,3,4,5,6,7,8,9,10,11,12,13
398	29	10	0	1,2,3,4,5,6,7,8,9,10,11,12,13
399	1	13	0	1,2,3,4,5,6,7,8,9,10,11,12,13
400	22	13	0	1,2,3,4,5,6,7,8,9,10,11,12,13
401	12	14	0	1,2,3,4,5,6,7,8,9,10,11,12,13
402	52	20	0	1,2,3,4,5,6,7,8,9,10,11,12,13
403	53	20	0	1,2,3,4,5,6,7,8,9,10,11,12,13
404	26	30	0	1,3,5,7,9,11,13
405	52	35	0	1,3,5,7,9,11,13
406	17	42	0	1,2,3,4,5,6,7,8,9,10,11,12,13
407	52	52	0	1,2,3,4,5,6,7,8,9,10,11,12,13
408	52	53	0	1,3,5,7,9,11,13
409	25	63	0	1,2,3,4,5,6,7,8,9,10,11,12,13
411	59	96	0	1,2,3,4,5,6,7,8,9,10,11,12,13
412	56	96	0	1,2,3,4,5,6,7,8,9,10,11,12,13
413	50	99	0	1,2,3,4,5,6,7,8,9,10,11,12,13
414	10	194	0	1,2,3,4,5,6,7,8,9,10,11,12,13
415	18	195	0	2,3,4,5,6,7,8,9,10,11,12,13
416	19	195	0	2,3,4,5,6,7,8,9,10,11,12,13
417	20	195	0	2,3,4,5,6,7,8,9,10,11,12,13
418	25	195	0	2,3,4,5,6,7,8,9,10,11,12,13
419	26	195	0	2,3,4,5,6,7,8,9,10,11,12,13
420	27	195	0	2,3,4,5,6,7,8,9,10,11,12,13
421	28	195	0	2,3,4,5,6,7,8,9,10,11,12,13
422	52	195	0	2,3,4,5,6,7,8,9,10,11,12,13
423	51	195	0	2,3,4,5,6,7,8,9,10,11,12,13
424	49	195	0	2,3,4,5,6,7,8,9,10,11,12,13
425	64	195	0	2,3,4,5,6,7,8,9,10,11,12,13
426	65	195	0	2,3,4,5,6,7,8,9,10,11,12,13
427	66	195	0	2,3,4,5,6,7,8,9,10,11,12,13
428	67	195	0	2,3,4,5,6,7,8,9,10,11,12,13
431	69	14	0	1,2,3,4,5,6,7,8,9,10,11,12,13
432	70	14	0	1,2,3,4,5,6,7,8,9,10,11,12,13
433	69	15	0	1,2,3,4,5,6,7,8,9,10,11,12,13
434	70	15	0	1,2,3,4,5,6,7,8,9,10,11,12,13
435	70	17	0	1,2,3,4,5,6,7,8,9,10,11,12,13
436	69	17	0	1,2,3,4,5,6,7,8,9,10,11,12,13
438	80	20	0	1,2,3,4,5,6,7,8,9,10,11,12,13
439	70	23	0	1,2,3,4,5,6,7,8,9,10,11,12,13
440	70	22	0	2,4,6,8,10,12
441	69	22	0	1,3,5,7,9,11,13
442	69	23	0	1,2,3,4,5,6,7,8,9,10,11,12,13
443	69	27	0	1,2,3,4,5,6,7,8,9,10,11,12,13
444	69	25	0	2,4,6,8,10,12
445	74	25	0	2,4,6,8,10,12
446	54	27	0	1,2,3,4,5,6,7,8,9,10,11,12,13
447	70	25	0	1,3,5,7,9,11,13
448	70	27	0	1,2,3,4,5,6,7,8,9,10,11,12,13
449	69	29	0	1,2,3,4,5,6,7,8,9,10,11,12,13
450	70	29	0	1,2,3,4,5,6,7,8,9,10,11,12,13
451	69	30	0	1,3,5,7,9,11,13
452	70	30	0	1,3,5,7,9,11,13
453	69	31	0	1,2,3,4,5,6,7,8,9,10,11,12,13
454	70	31	0	1,2,3,4,5,6,7,8,9,10,11,12,13
455	71	31	0	1,2,3,4,5,6,7,8,9,10,11,12,13
456	51	35	0	1,3,5,7,9,11,13
457	69	36	0	1,2,3,4,5,6,7,8,9,10,11,12,13
458	69	37	0	2,4,6,8,10,12
459	69	39	0	1,2,3,4,5,6,7,8,9,10,11,12,13
460	69	41	0	1,2,3,4,5,6,7,8,9,10,11,12,13
461	70	43	0	1,2,3,4,5,6,7,8,9,10,11,12,13
462	70	44	0	1,2,3,4,5,6,7,8,9,10,11,12,13
463	69	44	0	1,2,3,4,5,6,7,8,9,10,11,12,13
464	69	43	0	1,2,3,4,5,6,7,8,9,10,11,12,13
465	80	46	0	1,2,3,4,5,6,7,8,9,10,11,12,13
466	80	47	0	2,4,6,8,10,12
467	80	48	0	1,2,3,4,5,6,7,8,9,10,11,12,13
468	80	49	0	1,3,5,7,9,11,13
469	80	52	0	1,2,3,4,5,6,7,8,9,10,11,12,13
470	80	53	0	1,3,5,7,9,11,13
471	6	197	0	1,2,3,4,5,6,7,8,9,10,11,12,13
472	72	89	0	1,3,5,7,9,11,13
473	72	87	0	1,2,3,4,5,6,7,8,9,10,11,12,13
474	72	90	0	1,2,3,4,5,6,7,8,9,10,11,12,13
475	73	92	0	1,2,3,4,5,6,7,8,9,10,11,12,13
476	72	92	0	1,2,3,4,5,6,7,8,9,10,11,12,13
477	73	90	0	1,2,3,4,5,6,7,8,9,10,11,12,13
478	74	90	0	1,2,3,4,5,6,7,8,9,10,11,12,13
479	75	92	0	1,2,3,4,5,6,7,8,9,10,11,12,13
480	76	92	0	1,2,3,4,5,6,7,8,9,10,11,12,13
481	75	90	0	1,2,3,4,5,6,7,8,9,10,11,12,13
482	76	90	0	1,2,3,4,5,6,7,8,9,10,11,12,13
483	74	92	0	1,2,3,4,5,6,7,8,9,10,11,12,13
484	72	93	0	1,2,3,4,5,6,7,8,9,10,11,12,13
485	75	93	0	1,2,3,4,5,6,7,8,9,10,11,12,13
486	73	93	0	1,2,3,4,5,6,7,8,9,10,11,12,13
487	76	93	0	1,2,3,4,5,6,7,8,9,10,11,12,13
488	74	93	0	1,2,3,4,5,6,7,8,9,10,11,12,13
489	68	96	0	1,2,3,4,5,6,7,8,9,10,11,12,13
490	74	98	0	2,4,6,8,10,12
491	73	98	0	1,3,5,7,9,11,13
492	75	98	0	1,3,5,7,9,11,13
493	74	99	0	1,2,3,4,5,6,7,8,9,10,11,12,13
494	76	99	0	1,2,3,4,5,6,7,8,9,10,11,12,13
495	76	98	0	2,4,6,8,10,12
496	75	99	0	1,2,3,4,5,6,7,8,9,10,11,12,13
497	73	99	0	1,2,3,4,5,6,7,8,9,10,11,12,13
498	74	101	0	1,2,3,4,5,6,7,8,9,10,11,12,13
499	75	101	0	1,2,3,4,5,6,7,8,9,10,11,12,13
500	73	101	0	1,2,3,4,5,6,7,8,9,10,11,12,13
501	73	104	0	1,2,3,4,5,6,7,8,9,10,11,12,13
502	74	104	0	1,2,3,4,5,6,7,8,9,10,11,12,13
503	73	103	0	1,3,5,7,9,11,13
504	75	104	0	1,2,3,4,5,6,7,8,9,10,11,12,13
505	75	103	0	1,3,5,7,9,11,13
506	74	103	0	1,3,5,7,9,11,13
507	76	107	0	2,4,6,8,10,12
508	76	106	0	1,2,3,4,5,6,7,8,9,10,11,12,13
509	75	106	0	1,2,3,4,5,6,7,8,9,10,11,12,13
510	74	107	0	1,3,5,7,9,11,13
511	73	106	0	1,2,3,4,5,6,7,8,9,10,11,12,13
512	73	107	0	1,3,5,7,9,11,13
513	74	106	0	1,2,3,4,5,6,7,8,9,10,11,12,13
514	75	107	0	2,4,6,8,10,12
515	73	116	0	1,3,5,7,9,11,13
516	74	116	0	2,4,6,8,10,12
517	73	115	0	1,2,3,4,5,6,7,8,9,10,11,12,13
518	75	116	0	2,4,6,8,10,12
519	76	115	0	1,2,3,4,5,6,7,8,9,10,11,12,13
520	76	116	0	1,3,5,7,9,11,13
521	74	115	0	1,2,3,4,5,6,7,8,9,10,11,12,13
522	75	115	0	1,2,3,4,5,6,7,8,9,10,11,12,13
523	10	198	0	1,2,3,4,5,6,7,8,9,10,11,12,13
524	37	195	0	2,3,4,5,6,7,8,9,10,11,12,13
525	39	195	0	2,3,4,5,6,7,8,9,10,11,12,13
526	41	195	0	2,3,4,5,6,7,8,9,10,11,12,13
527	79	195	0	2,3,4,5,6,7,8,9,10,11,12,13
528	78	195	0	2,3,4,5,6,7,8,9,10,11,12,13
529	36	195	0	2,3,4,5,6,7,8,9,10,11,12,13
530	38	195	0	2,3,4,5,6,7,8,9,10,11,12,13
531	40	195	0	2,3,4,5,6,7,8,9,10,11,12,13
532	77	195	0	2,3,4,5,6,7,8,9,10,11,12,13
533	42	195	0	2,3,4,5,6,7,8,9,10,11,12,13
534	63	190	0	1,2,3,4,5,6,7,8,9,10,11,12,13
535	6	201	0	1,2,3,4,5,6,7,8,9,10,11,12,13
536	63	200	0	1,2,3,4,5,6,7,8,9,10,11,12,13
537	29	202	0	1,2,3,4,5,6,7,8,9,10,11,12,13
539	81	118	0	1,2,3,4,5,6,7,8,9,10,11,12,13
540	81	121	0	1,2,3,4,5,6,7,8,9,10,11,12,13
541	81	122	0	1,2,3,4,5,6,7,8,9,10,11,12,13
542	81	123	0	2,4,6,8,10,12
543	81	125	0	1,2,3,4,5,6,7,8,9,10,11,12,13
544	81	127	0	1,2,3,4,5,6,7,8,9,10,11,12,13
551	29	84	0	1,2,3,4,5,6,7,8,9,10,11,12,13
566	57	52	0	1,2,3,4,5,6,7,8,9,10,11,12,13
596	31	193	0	1,2,3,4,5,6,7,8,9,10,11,12,13
597	31	193	0	1,2,3,4,5,6,7,8,9,10,11,12,13
598	31	193	0	1,2,3,4,5,6,7,8,9,10,11,12,13
599	31	193	0	1,2,3,4,5,6,7,8,9,10,11,12,13
600	31	193	0	1,2,3,4,5,6,7,8,9,10,11,12,13
601	31	196	0	1,2,3,4,5,6,7,8,9,10,11,12,13
602	3	3	0	1,2,3,4,5,6,7,8,9,10,11,12,13
603	21	4	0	1,2,3,4,5,6,7,8,9,10,11,12,13
604	21	5	0	2,4,6,8,10,12
605	3	6	0	1,2,3,4,5,6,7,8,9,10,11,12,13
606	21	7	0	1,2,3,4,5,6,7,8,9,10,11,12,13
607	21	8	0	1,2,3,4,5,6,7,8,9,10,11,12,13
608	3	9	0	1,2,3,4,5,6,7,8,9,10,11,12,13
609	21	10	0	1,2,3,4,5,6,7,8,9,10,11,12,13
610	3	12	0	1,2,3,4,5,6,7,8,9,10,11,12,13
611	1	13	0	1,2,3,4,5,6,7,8,9,10,11,12,13
612	11	11	0	1,3,5,7,9,11,13
613	3	16	0	1,2,3,4,5,6,7,8,9,10,11,12,13
614	11	15	0	1,2,3,4,5,6,7,8,9,10,11,12,13
615	11	14	0	1,2,3,4,5,6,7,8,9,10,11,12,13
616	3	18	0	1,2,3,4,5,6,7,8,9,10,11,12,13
617	11	17	0	1,2,3,4,5,6,7,8,9,10,11,12,13
618	6	19	0	1,2,3,4,5,6,7,8,9,10,11,12,13
619	6	21	0	1,2,3,4,5,6,7,8,9,10,11,12,13
620	56	20	0	1,2,3,4,5,6,7,8,9,10,11,12,13
621	4	24	0	1,2,3,4,5,6,7,8,9,10,11,12,13
622	69	23	0	1,2,3,4,5,6,7,8,9,10,11,12,13
623	69	22	0	1,3,5,7,9,11,13
624	4	26	0	1,2,3,4,5,6,7,8,9,10,11,12,13
625	69	27	0	1,2,3,4,5,6,7,8,9,10,11,12,13
626	69	25	0	2,4,6,8,10,12
627	4	28	0	1,2,3,4,5,6,7,8,9,10,11,12,13
628	69	29	0	1,2,3,4,5,6,7,8,9,10,11,12,13
629	69	30	0	2,4,6,8,10,12
630	4	32	0	1,2,3,4,5,6,7,8,9,10,11,12,13
631	69	31	0	1,2,3,4,5,6,7,8,9,10,11,12,13
632	4	33	0	1,2,3,4,5,6,7,8,9,10,11,12,13
633	43	34	0	1,2,3,4,5,6,7,8,9,10,11,12,13
634	43	35	0	1,3,5,7,9,11,13
635	4	38	0	1,2,3,4,5,6,7,8,9,10,11,12,13
636	69	36	0	1,2,3,4,5,6,7,8,9,10,11,12,13
637	69	37	0	1,3,5,7,9,11,13
638	4	40	0	1,2,3,4,5,6,7,8,9,10,11,12,13
639	69	41	0	1,2,3,4,5,6,7,8,9,10,11,12,13
640	69	39	0	1,2,3,4,5,6,7,8,9,10,11,12,13
641	4	42	0	8,9,10,11,12,13
642	17	44	0	1,2,3,4,5,6,7,8,9,10,11,12,13
643	17	43	0	1,2,3,4,5,6,7,8,9,10,11,12,13
644	5	45	0	1,2,3,4,5,6,7,8,9,10,11,12,13
645	56	46	0	1,2,3,4,5,6,7,8,9,10,11,12,13
646	56	47	0	1,3,5,7,9,11,13
647	5	50	0	1,2,3,4,5,6,7,8,9,10,11,12,13
648	56	48	0	1,2,3,4,5,6,7,8,9,10,11,12,13
649	56	49	0	2,4,6,8,10,12
650	5	51	0	1,2,3,4,5,6,7,8,9,10,11,12,13
651	56	52	0	1,2,3,4,5,6,7,8,9,10,11,12,13
652	56	53	0	2,4,6,8,10,12
653	6	54	0	1,2,3,4,5,6,7,8,9,10,11,12,13
654	6	55	0	1,2,3,4,5,6,7,8,9,10,11,12,13
655	6	56	0	1,2,3,4,5,6,7,8,9,10,11,12,13
656	6	57	0	1,2,3,4,5,6,7,8,9,10,11,12,13
657	6	60	0	1,2,3,4,5,6,7,8,9,10,11,12,13
658	6	61	0	1,2,3,4,5,6,7,8,9,10,11,12,13
659	6	62	0	1,2,3,4,5,6,7,8,9,10,11,12,13
660	6	63	0	1,2,3,4,5,6,7,8,9,10,11,12,13
661	6	64	0	1,2,3,4,5,6,7,8,9,10,11,12,13
662	6	65	0	1,2,3,4,5,6,7,8,9,10,11,12,13
663	6	66	0	1,2,3,4,5,6,7,8,9,10,11,12,13
664	6	67	0	1,2,3,4,5,6,7,8,9,10,11,12,13
665	6	68	0	1,2,3,4,5,6,7,8,9,10,11,12,13
666	6	69	0	1,2,3,4,5,6,7,8,9,10,11,12,13
667	6	70	0	1,2,3,4,5,6,7,8,9,10,11,12,13
668	6	71	0	1,2,3,4,5,6,7,8,9,10,11,12,13
669	6	72	0	1,2,3,4,5,6,7,8,9,10,11,12,13
670	6	73	0	1,2,3,4,5,6,7,8,9,10,11,12,13
671	6	74	0	1,2,3,4,5,6,7,8,9,10,11,12,13
672	6	75	0	1,2,3,4,5,6,7,8,9,10,11,12,13
673	6	76	0	1,2,3,4,5,6,7,8,9,10,11,12,13
674	6	77	0	1,2,3,4,5,6,7,8,9,10,11,12,13
675	6	78	0	1,2,3,4,5,6,7,8,9,10,11,12,13
676	6	79	0	1,2,3,4,5,6,7,8,9,10,11,12,13
677	6	81	0	1,2,3,4,5,6,7,8,9,10,11,12,13
678	6	80	0	1,2,3,4,5,6,7,8,9,10,11,12,13
679	6	197	0	1,2,3,4,5,6,7,8,9,10,11,12,13
680	6	201	0	1,2,3,4,5,6,7,8,9,10,11,12,13
681	31	193	0	1,2,3,4,5,6,7,8,9,10,11,12,13
682	31	196	0	1,2,3,4,5,6,7,8,9,10,11,12,13
683	3	3	0	1,2,3,4,5,6,7,8,9,10,11,12,13
684	21	4	0	1,2,3,4,5,6,7,8,9,10,11,12,13
685	21	5	0	2,4,6,8,10,12
686	3	6	0	1,2,3,4,5,6,7,8,9,10,11,12,13
687	21	7	0	1,2,3,4,5,6,7,8,9,10,11,12,13
688	21	8	0	1,2,3,4,5,6,7,8,9,10,11,12,13
689	3	9	0	1,2,3,4,5,6,7,8,9,10,11,12,13
690	21	10	0	1,2,3,4,5,6,7,8,9,10,11,12,13
691	3	12	0	1,2,3,4,5,6,7,8,9,10,11,12,13
692	1	13	0	1,2,3,4,5,6,7,8,9,10,11,12,13
693	11	11	0	1,3,5,7,9,11,13
694	3	16	0	1,2,3,4,5,6,7,8,9,10,11,12,13
695	11	15	0	1,2,3,4,5,6,7,8,9,10,11,12,13
696	11	14	0	1,2,3,4,5,6,7,8,9,10,11,12,13
697	3	18	0	1,2,3,4,5,6,7,8,9,10,11,12,13
698	11	17	0	1,2,3,4,5,6,7,8,9,10,11,12,13
699	6	19	0	1,2,3,4,5,6,7,8,9,10,11,12,13
700	6	21	0	1,2,3,4,5,6,7,8,9,10,11,12,13
701	56	20	0	1,2,3,4,5,6,7,8,9,10,11,12,13
702	4	24	0	1,2,3,4,5,6,7,8,9,10,11,12,13
703	69	23	0	1,2,3,4,5,6,7,8,9,10,11,12,13
704	69	22	0	1,3,5,7,9,11,13
705	4	26	0	1,2,3,4,5,6,7,8,9,10,11,12,13
706	69	27	0	1,2,3,4,5,6,7,8,9,10,11,12,13
707	69	25	0	2,4,6,8,10,12
708	4	28	0	1,2,3,4,5,6,7,8,9,10,11,12,13
709	69	29	0	1,2,3,4,5,6,7,8,9,10,11,12,13
710	69	30	0	2,4,6,8,10,12
711	4	32	0	1,2,3,4,5,6,7,8,9,10,11,12,13
712	69	31	0	1,2,3,4,5,6,7,8,9,10,11,12,13
713	4	33	0	1,2,3,4,5,6,7,8,9,10,11,12,13
714	43	34	0	1,2,3,4,5,6,7,8,9,10,11,12,13
715	43	35	0	1,3,5,7,9,11,13
716	4	38	0	1,2,3,4,5,6,7,8,9,10,11,12,13
717	69	36	0	1,2,3,4,5,6,7,8,9,10,11,12,13
718	69	37	0	1,3,5,7,9,11,13
719	4	40	0	1,2,3,4,5,6,7,8,9,10,11,12,13
720	69	41	0	1,2,3,4,5,6,7,8,9,10,11,12,13
721	69	39	0	1,2,3,4,5,6,7,8,9,10,11,12,13
722	4	42	0	8,9,10,11,12,13
723	17	44	0	1,2,3,4,5,6,7,8,9,10,11,12,13
724	17	43	0	1,2,3,4,5,6,7,8,9,10,11,12,13
725	5	45	0	1,2,3,4,5,6,7,8,9,10,11,12,13
726	56	46	0	1,2,3,4,5,6,7,8,9,10,11,12,13
727	56	47	0	1,3,5,7,9,11,13
728	5	50	0	1,2,3,4,5,6,7,8,9,10,11,12,13
729	56	48	0	1,2,3,4,5,6,7,8,9,10,11,12,13
730	56	49	0	2,4,6,8,10,12
731	5	51	0	1,2,3,4,5,6,7,8,9,10,11,12,13
732	56	52	0	1,2,3,4,5,6,7,8,9,10,11,12,13
733	56	53	0	2,4,6,8,10,12
734	6	54	0	1,2,3,4,5,6,7,8,9,10,11,12,13
735	6	55	0	1,2,3,4,5,6,7,8,9,10,11,12,13
736	6	56	0	1,2,3,4,5,6,7,8,9,10,11,12,13
737	6	57	0	1,2,3,4,5,6,7,8,9,10,11,12,13
738	6	60	0	1,2,3,4,5,6,7,8,9,10,11,12,13
739	6	61	0	1,2,3,4,5,6,7,8,9,10,11,12,13
740	6	62	0	1,2,3,4,5,6,7,8,9,10,11,12,13
741	6	63	0	1,2,3,4,5,6,7,8,9,10,11,12,13
742	6	64	0	1,2,3,4,5,6,7,8,9,10,11,12,13
743	6	65	0	1,2,3,4,5,6,7,8,9,10,11,12,13
744	6	66	0	1,2,3,4,5,6,7,8,9,10,11,12,13
745	6	67	0	1,2,3,4,5,6,7,8,9,10,11,12,13
746	6	68	0	1,2,3,4,5,6,7,8,9,10,11,12,13
747	6	69	0	1,2,3,4,5,6,7,8,9,10,11,12,13
748	6	70	0	1,2,3,4,5,6,7,8,9,10,11,12,13
749	6	71	0	1,2,3,4,5,6,7,8,9,10,11,12,13
750	6	72	0	1,2,3,4,5,6,7,8,9,10,11,12,13
751	6	73	0	1,2,3,4,5,6,7,8,9,10,11,12,13
752	6	74	0	1,2,3,4,5,6,7,8,9,10,11,12,13
753	6	75	0	1,2,3,4,5,6,7,8,9,10,11,12,13
754	6	76	0	1,2,3,4,5,6,7,8,9,10,11,12,13
755	6	77	0	1,2,3,4,5,6,7,8,9,10,11,12,13
756	6	78	0	1,2,3,4,5,6,7,8,9,10,11,12,13
757	6	79	0	1,2,3,4,5,6,7,8,9,10,11,12,13
758	6	81	0	1,2,3,4,5,6,7,8,9,10,11,12,13
759	6	80	0	1,2,3,4,5,6,7,8,9,10,11,12,13
760	6	197	0	1,2,3,4,5,6,7,8,9,10,11,12,13
761	6	201	0	1,2,3,4,5,6,7,8,9,10,11,12,13
762	31	193	0	1,2,3,4,5,6,7,8,9,10,11,12,13
763	31	196	0	1,2,3,4,5,6,7,8,9,10,11,12,13
764	3	3	0	1,2,3,4,5,6,7,8,9,10,11,12,13
765	21	4	0	1,2,3,4,5,6,7,8,9,10,11,12,13
766	21	5	0	2,4,6,8,10,12
767	3	6	0	1,2,3,4,5,6,7,8,9,10,11,12,13
768	21	7	0	1,2,3,4,5,6,7,8,9,10,11,12,13
769	21	8	0	1,2,3,4,5,6,7,8,9,10,11,12,13
770	3	9	0	1,2,3,4,5,6,7,8,9,10,11,12,13
771	21	10	0	1,2,3,4,5,6,7,8,9,10,11,12,13
772	3	12	0	1,2,3,4,5,6,7,8,9,10,11,12,13
773	1	13	0	1,2,3,4,5,6,7,8,9,10,11,12,13
774	11	11	0	1,3,5,7,9,11,13
775	3	16	0	1,2,3,4,5,6,7,8,9,10,11,12,13
776	11	15	0	1,2,3,4,5,6,7,8,9,10,11,12,13
777	11	14	0	1,2,3,4,5,6,7,8,9,10,11,12,13
778	3	18	0	1,2,3,4,5,6,7,8,9,10,11,12,13
779	11	17	0	1,2,3,4,5,6,7,8,9,10,11,12,13
780	6	19	0	1,2,3,4,5,6,7,8,9,10,11,12,13
781	6	21	0	1,2,3,4,5,6,7,8,9,10,11,12,13
782	56	20	0	1,2,3,4,5,6,7,8,9,10,11,12,13
783	4	24	0	1,2,3,4,5,6,7,8,9,10,11,12,13
784	69	23	0	1,2,3,4,5,6,7,8,9,10,11,12,13
785	69	22	0	1,3,5,7,9,11,13
786	4	26	0	1,2,3,4,5,6,7,8,9,10,11,12,13
787	69	27	0	1,2,3,4,5,6,7,8,9,10,11,12,13
788	69	25	0	2,4,6,8,10,12
789	4	28	0	1,2,3,4,5,6,7,8,9,10,11,12,13
790	69	29	0	1,2,3,4,5,6,7,8,9,10,11,12,13
791	69	30	0	2,4,6,8,10,12
792	4	32	0	1,2,3,4,5,6,7,8,9,10,11,12,13
793	69	31	0	1,2,3,4,5,6,7,8,9,10,11,12,13
794	4	33	0	1,2,3,4,5,6,7,8,9,10,11,12,13
795	43	34	0	1,2,3,4,5,6,7,8,9,10,11,12,13
796	43	35	0	1,3,5,7,9,11,13
797	4	38	0	1,2,3,4,5,6,7,8,9,10,11,12,13
798	69	36	0	1,2,3,4,5,6,7,8,9,10,11,12,13
799	69	37	0	1,3,5,7,9,11,13
800	4	40	0	1,2,3,4,5,6,7,8,9,10,11,12,13
801	69	41	0	1,2,3,4,5,6,7,8,9,10,11,12,13
802	69	39	0	1,2,3,4,5,6,7,8,9,10,11,12,13
803	4	42	0	8,9,10,11,12,13
804	17	44	0	1,2,3,4,5,6,7,8,9,10,11,12,13
805	17	43	0	1,2,3,4,5,6,7,8,9,10,11,12,13
806	5	45	0	1,2,3,4,5,6,7,8,9,10,11,12,13
807	56	46	0	1,2,3,4,5,6,7,8,9,10,11,12,13
808	56	47	0	1,3,5,7,9,11,13
809	5	50	0	1,2,3,4,5,6,7,8,9,10,11,12,13
810	56	48	0	1,2,3,4,5,6,7,8,9,10,11,12,13
811	56	49	0	2,4,6,8,10,12
812	5	51	0	1,2,3,4,5,6,7,8,9,10,11,12,13
813	56	52	0	1,2,3,4,5,6,7,8,9,10,11,12,13
814	56	53	0	2,4,6,8,10,12
815	6	54	0	1,2,3,4,5,6,7,8,9,10,11,12,13
816	6	55	0	1,2,3,4,5,6,7,8,9,10,11,12,13
817	6	56	0	1,2,3,4,5,6,7,8,9,10,11,12,13
818	6	57	0	1,2,3,4,5,6,7,8,9,10,11,12,13
819	6	60	0	1,2,3,4,5,6,7,8,9,10,11,12,13
820	6	61	0	1,2,3,4,5,6,7,8,9,10,11,12,13
821	6	62	0	1,2,3,4,5,6,7,8,9,10,11,12,13
822	6	63	0	1,2,3,4,5,6,7,8,9,10,11,12,13
823	6	64	0	1,2,3,4,5,6,7,8,9,10,11,12,13
824	6	65	0	1,2,3,4,5,6,7,8,9,10,11,12,13
825	6	66	0	1,2,3,4,5,6,7,8,9,10,11,12,13
826	6	67	0	1,2,3,4,5,6,7,8,9,10,11,12,13
827	6	68	0	1,2,3,4,5,6,7,8,9,10,11,12,13
828	6	69	0	1,2,3,4,5,6,7,8,9,10,11,12,13
829	6	70	0	1,2,3,4,5,6,7,8,9,10,11,12,13
830	6	71	0	1,2,3,4,5,6,7,8,9,10,11,12,13
831	6	72	0	1,2,3,4,5,6,7,8,9,10,11,12,13
832	6	73	0	1,2,3,4,5,6,7,8,9,10,11,12,13
833	6	74	0	1,2,3,4,5,6,7,8,9,10,11,12,13
834	6	75	0	1,2,3,4,5,6,7,8,9,10,11,12,13
835	6	76	0	1,2,3,4,5,6,7,8,9,10,11,12,13
836	6	77	0	1,2,3,4,5,6,7,8,9,10,11,12,13
837	6	78	0	1,2,3,4,5,6,7,8,9,10,11,12,13
838	6	79	0	1,2,3,4,5,6,7,8,9,10,11,12,13
839	6	81	0	1,2,3,4,5,6,7,8,9,10,11,12,13
840	6	80	0	1,2,3,4,5,6,7,8,9,10,11,12,13
841	6	197	0	1,2,3,4,5,6,7,8,9,10,11,12,13
842	6	201	0	1,2,3,4,5,6,7,8,9,10,11,12,13
843	31	193	0	1,2,3,4,5,6,7,8,9,10,11,12,13
844	31	196	0	1,2,3,4,5,6,7,8,9,10,11,12,13
845	3	3	0	1,2,3,4,5,6,7,8,9,10,11,12,13
846	21	4	0	1,2,3,4,5,6,7,8,9,10,11,12,13
847	21	5	0	2,4,6,8,10,12
848	3	6	0	1,2,3,4,5,6,7,8,9,10,11,12,13
849	21	7	0	1,2,3,4,5,6,7,8,9,10,11,12,13
850	21	8	0	1,2,3,4,5,6,7,8,9,10,11,12,13
851	3	9	0	1,2,3,4,5,6,7,8,9,10,11,12,13
852	21	10	0	1,2,3,4,5,6,7,8,9,10,11,12,13
853	3	12	0	1,2,3,4,5,6,7,8,9,10,11,12,13
854	1	13	0	1,2,3,4,5,6,7,8,9,10,11,12,13
855	11	11	0	1,3,5,7,9,11,13
856	3	16	0	1,2,3,4,5,6,7,8,9,10,11,12,13
857	11	15	0	1,2,3,4,5,6,7,8,9,10,11,12,13
858	11	14	0	1,2,3,4,5,6,7,8,9,10,11,12,13
859	3	18	0	1,2,3,4,5,6,7,8,9,10,11,12,13
860	11	17	0	1,2,3,4,5,6,7,8,9,10,11,12,13
861	6	19	0	1,2,3,4,5,6,7,8,9,10,11,12,13
862	6	21	0	1,2,3,4,5,6,7,8,9,10,11,12,13
863	56	20	0	1,2,3,4,5,6,7,8,9,10,11,12,13
864	4	24	0	1,2,3,4,5,6,7,8,9,10,11,12,13
865	69	23	0	1,2,3,4,5,6,7,8,9,10,11,12,13
866	69	22	0	1,3,5,7,9,11,13
867	4	26	0	1,2,3,4,5,6,7,8,9,10,11,12,13
868	69	27	0	1,2,3,4,5,6,7,8,9,10,11,12,13
869	69	25	0	2,4,6,8,10,12
870	4	28	0	1,2,3,4,5,6,7,8,9,10,11,12,13
871	69	29	0	1,2,3,4,5,6,7,8,9,10,11,12,13
872	69	30	0	2,4,6,8,10,12
873	4	32	0	1,2,3,4,5,6,7,8,9,10,11,12,13
874	69	31	0	1,2,3,4,5,6,7,8,9,10,11,12,13
875	4	33	0	1,2,3,4,5,6,7,8,9,10,11,12,13
876	43	34	0	1,2,3,4,5,6,7,8,9,10,11,12,13
877	43	35	0	1,3,5,7,9,11,13
878	4	38	0	1,2,3,4,5,6,7,8,9,10,11,12,13
879	69	36	0	1,2,3,4,5,6,7,8,9,10,11,12,13
880	69	37	0	1,3,5,7,9,11,13
881	4	40	0	1,2,3,4,5,6,7,8,9,10,11,12,13
882	69	41	0	1,2,3,4,5,6,7,8,9,10,11,12,13
883	69	39	0	1,2,3,4,5,6,7,8,9,10,11,12,13
884	4	42	0	8,9,10,11,12,13
885	17	44	0	1,2,3,4,5,6,7,8,9,10,11,12,13
886	17	43	0	1,2,3,4,5,6,7,8,9,10,11,12,13
887	5	45	0	1,2,3,4,5,6,7,8,9,10,11,12,13
888	56	46	0	1,2,3,4,5,6,7,8,9,10,11,12,13
889	56	47	0	1,3,5,7,9,11,13
890	5	50	0	1,2,3,4,5,6,7,8,9,10,11,12,13
891	56	48	0	1,2,3,4,5,6,7,8,9,10,11,12,13
892	56	49	0	2,4,6,8,10,12
893	5	51	0	1,2,3,4,5,6,7,8,9,10,11,12,13
894	56	52	0	1,2,3,4,5,6,7,8,9,10,11,12,13
895	56	53	0	2,4,6,8,10,12
896	6	54	0	1,2,3,4,5,6,7,8,9,10,11,12,13
897	6	55	0	1,2,3,4,5,6,7,8,9,10,11,12,13
898	6	56	0	1,2,3,4,5,6,7,8,9,10,11,12,13
899	6	57	0	1,2,3,4,5,6,7,8,9,10,11,12,13
900	6	60	0	1,2,3,4,5,6,7,8,9,10,11,12,13
901	6	61	0	1,2,3,4,5,6,7,8,9,10,11,12,13
902	6	62	0	1,2,3,4,5,6,7,8,9,10,11,12,13
903	6	63	0	1,2,3,4,5,6,7,8,9,10,11,12,13
904	6	64	0	1,2,3,4,5,6,7,8,9,10,11,12,13
905	6	65	0	1,2,3,4,5,6,7,8,9,10,11,12,13
906	6	66	0	1,2,3,4,5,6,7,8,9,10,11,12,13
907	6	67	0	1,2,3,4,5,6,7,8,9,10,11,12,13
908	6	68	0	1,2,3,4,5,6,7,8,9,10,11,12,13
909	6	69	0	1,2,3,4,5,6,7,8,9,10,11,12,13
910	6	70	0	1,2,3,4,5,6,7,8,9,10,11,12,13
911	6	71	0	1,2,3,4,5,6,7,8,9,10,11,12,13
912	6	72	0	1,2,3,4,5,6,7,8,9,10,11,12,13
913	6	73	0	1,2,3,4,5,6,7,8,9,10,11,12,13
914	6	74	0	1,2,3,4,5,6,7,8,9,10,11,12,13
915	6	75	0	1,2,3,4,5,6,7,8,9,10,11,12,13
916	6	76	0	1,2,3,4,5,6,7,8,9,10,11,12,13
917	6	77	0	1,2,3,4,5,6,7,8,9,10,11,12,13
918	6	78	0	1,2,3,4,5,6,7,8,9,10,11,12,13
919	6	79	0	1,2,3,4,5,6,7,8,9,10,11,12,13
920	6	81	0	1,2,3,4,5,6,7,8,9,10,11,12,13
921	6	80	0	1,2,3,4,5,6,7,8,9,10,11,12,13
922	6	197	0	1,2,3,4,5,6,7,8,9,10,11,12,13
923	6	201	0	1,2,3,4,5,6,7,8,9,10,11,12,13
924	31	193	0	1,2,3,4,5,6,7,8,9,10,11,12,13
925	31	196	0	1,2,3,4,5,6,7,8,9,10,11,12,13
926	3	3	0	1,2,3,4,5,6,7,8,9,10,11,12,13
927	21	4	0	1,2,3,4,5,6,7,8,9,10,11,12,13
928	21	5	0	2,4,6,8,10,12
929	3	6	0	1,2,3,4,5,6,7,8,9,10,11,12,13
930	21	7	0	1,2,3,4,5,6,7,8,9,10,11,12,13
931	21	8	0	1,2,3,4,5,6,7,8,9,10,11,12,13
932	3	9	0	1,2,3,4,5,6,7,8,9,10,11,12,13
933	21	10	0	1,2,3,4,5,6,7,8,9,10,11,12,13
934	3	12	0	1,2,3,4,5,6,7,8,9,10,11,12,13
935	1	13	0	1,2,3,4,5,6,7,8,9,10,11,12,13
936	11	11	0	1,3,5,7,9,11,13
937	3	16	0	1,2,3,4,5,6,7,8,9,10,11,12,13
938	11	15	0	1,2,3,4,5,6,7,8,9,10,11,12,13
939	11	14	0	1,2,3,4,5,6,7,8,9,10,11,12,13
940	3	18	0	1,2,3,4,5,6,7,8,9,10,11,12,13
941	11	17	0	1,2,3,4,5,6,7,8,9,10,11,12,13
942	6	19	0	1,2,3,4,5,6,7,8,9,10,11,12,13
943	6	21	0	1,2,3,4,5,6,7,8,9,10,11,12,13
944	56	20	0	1,2,3,4,5,6,7,8,9,10,11,12,13
945	4	24	0	1,2,3,4,5,6,7,8,9,10,11,12,13
946	69	23	0	1,2,3,4,5,6,7,8,9,10,11,12,13
947	69	22	0	1,3,5,7,9,11,13
948	4	26	0	1,2,3,4,5,6,7,8,9,10,11,12,13
949	69	27	0	1,2,3,4,5,6,7,8,9,10,11,12,13
950	69	25	0	2,4,6,8,10,12
951	4	28	0	1,2,3,4,5,6,7,8,9,10,11,12,13
952	69	29	0	1,2,3,4,5,6,7,8,9,10,11,12,13
953	69	30	0	2,4,6,8,10,12
954	4	32	0	1,2,3,4,5,6,7,8,9,10,11,12,13
955	69	31	0	1,2,3,4,5,6,7,8,9,10,11,12,13
956	4	33	0	1,2,3,4,5,6,7,8,9,10,11,12,13
957	43	34	0	1,2,3,4,5,6,7,8,9,10,11,12,13
958	43	35	0	1,3,5,7,9,11,13
959	4	38	0	1,2,3,4,5,6,7,8,9,10,11,12,13
960	69	36	0	1,2,3,4,5,6,7,8,9,10,11,12,13
961	69	37	0	1,3,5,7,9,11,13
962	4	40	0	1,2,3,4,5,6,7,8,9,10,11,12,13
963	69	41	0	1,2,3,4,5,6,7,8,9,10,11,12,13
964	69	39	0	1,2,3,4,5,6,7,8,9,10,11,12,13
965	4	42	0	8,9,10,11,12,13
966	17	44	0	1,2,3,4,5,6,7,8,9,10,11,12,13
967	17	43	0	1,2,3,4,5,6,7,8,9,10,11,12,13
968	5	45	0	1,2,3,4,5,6,7,8,9,10,11,12,13
969	56	46	0	1,2,3,4,5,6,7,8,9,10,11,12,13
970	56	47	0	1,3,5,7,9,11,13
971	5	50	0	1,2,3,4,5,6,7,8,9,10,11,12,13
972	56	48	0	1,2,3,4,5,6,7,8,9,10,11,12,13
973	56	49	0	2,4,6,8,10,12
974	5	51	0	1,2,3,4,5,6,7,8,9,10,11,12,13
975	56	52	0	1,2,3,4,5,6,7,8,9,10,11,12,13
976	56	53	0	2,4,6,8,10,12
977	6	54	0	1,2,3,4,5,6,7,8,9,10,11,12,13
978	6	55	0	1,2,3,4,5,6,7,8,9,10,11,12,13
979	6	56	0	1,2,3,4,5,6,7,8,9,10,11,12,13
980	6	57	0	1,2,3,4,5,6,7,8,9,10,11,12,13
981	6	60	0	1,2,3,4,5,6,7,8,9,10,11,12,13
982	6	61	0	1,2,3,4,5,6,7,8,9,10,11,12,13
983	6	62	0	1,2,3,4,5,6,7,8,9,10,11,12,13
984	6	63	0	1,2,3,4,5,6,7,8,9,10,11,12,13
985	6	64	0	1,2,3,4,5,6,7,8,9,10,11,12,13
986	6	65	0	1,2,3,4,5,6,7,8,9,10,11,12,13
987	6	66	0	1,2,3,4,5,6,7,8,9,10,11,12,13
988	6	67	0	1,2,3,4,5,6,7,8,9,10,11,12,13
989	6	68	0	1,2,3,4,5,6,7,8,9,10,11,12,13
990	6	69	0	1,2,3,4,5,6,7,8,9,10,11,12,13
991	6	70	0	1,2,3,4,5,6,7,8,9,10,11,12,13
992	6	71	0	1,2,3,4,5,6,7,8,9,10,11,12,13
993	6	72	0	1,2,3,4,5,6,7,8,9,10,11,12,13
994	6	73	0	1,2,3,4,5,6,7,8,9,10,11,12,13
995	6	74	0	1,2,3,4,5,6,7,8,9,10,11,12,13
996	6	75	0	1,2,3,4,5,6,7,8,9,10,11,12,13
997	6	76	0	1,2,3,4,5,6,7,8,9,10,11,12,13
998	6	77	0	1,2,3,4,5,6,7,8,9,10,11,12,13
999	6	78	0	1,2,3,4,5,6,7,8,9,10,11,12,13
1000	6	79	0	1,2,3,4,5,6,7,8,9,10,11,12,13
1001	6	81	0	1,2,3,4,5,6,7,8,9,10,11,12,13
1002	6	80	0	1,2,3,4,5,6,7,8,9,10,11,12,13
1003	6	197	0	1,2,3,4,5,6,7,8,9,10,11,12,13
1004	6	201	0	1,2,3,4,5,6,7,8,9,10,11,12,13
1005	63	200	0	1,2,3,4,5,6,7,8,9,10,11,12,13
1006	7	203	0	1,2,3,4,5,6,7,8,9,10,11,12,13
1007	29	202	0	1,2,3,4,5,6,7,8,9,10,11,12,13
1008	7	82	0	1,2,3,4,5,6,7,8,9,10,11,12,13
1009	29	83	0	1,2,3,4,5,6,7,8,9,10,11,12,13
1010	29	84	0	1,2,3,4,5,6,7,8,9,10,11,12,13
1011	7	85	0	1,2,3,4,5,6,7,8,9,10,11,12,13
1012	29	86	0	1,2,3,4,5,6,7,8,9,10,11,12,13
1013	7	88	0	1,2,3,4,5,6,7,8,9,10,11,12,13
1014	1	87	0	1,2,3,4,5,6,7,8,9,10,11,12,13
1015	1	89	0	1,3,5,7,9,11,13
1016	7	91	0	1,2,3,4,5,6,7,8,9,10,11,12,13
1017	1	90	0	1,2,3,4,5,6,7,8,9,10,11,12,13
1018	1	92	0	1,2,3,4,5,6,7,8,9,10,11,12,13
1019	7	94	0	1,2,3,4,5,6,7,8,9,10,11,12,13
1020	1	93	0	1,2,3,4,5,6,7,8,9,10,11,12,13
1021	10	95	0	1,2,3,4,5,6,7,8,9,10,11,12,13
1022	8	97	0	1,2,3,4,5,6,7,8,9,10,11,12,13
1023	68	96	0	1,2,3,4,5,6,7,8,9,10,11,12,13
1024	8	100	0	1,2,3,4,5,6,7,8,9,10,11,12,13
1025	24	99	0	1,2,3,4,5,6,7,8,9,10,11,12,13
1026	24	98	0	2,4,6,8,10,12
1027	8	102	0	1,2,3,4,5,6,7,8,9,10,11,12,13
1028	54	101	0	1,2,3,4,5,6,7,8,9,10,11,12,13
1029	8	105	0	1,2,3,4,5,6,7,8,9,10,11,12,13
1030	73	104	0	1,2,3,4,5,6,7,8,9,10,11,12,13
1031	73	103	0	1,3,5,7,9,11,13
1032	8	108	0	1,2,3,4,5,6,7,8,9,10,11,12,13
1033	2	106	0	1,2,3,4,5,6,7,8,9,10,11,12,13
1034	2	107	0	2,4,6,8,10,12
1035	8	109	0	1,2,3,4,5,6,7,8,9,10,11,12,13
1036	2	111	0	1,2,3,4,5,6,7,8,9,10,11,12,13
1037	2	110	0	1,3,5,7,9,11,13
1038	8	112	0	1,2,3,4,5,6,7,8,9,10,11,12,13
1039	51	114	0	1,2,3,4,5,6,7,8,9,10,11,12,13
1040	51	113	0	2,4,6,8,10,12
1041	8	117	0	1,2,3,4,5,6,7,8,9,10,11,12,13
1042	2	115	0	1,2,3,4,5,6,7,8,9,10,11,12,13
1043	2	116	0	1,3,5,7,9,11,13
1044	9	119	0	1,2,3,4,5,6,7,8,9,10,11,12,13
1045	61	118	0	1,2,3,4,5,6,7,8,9,10,11,12,13
1046	9	120	0	1,2,3,4,5,6,7,8,9,10,11,12,13
1047	61	122	0	1,2,3,4,5,6,7,8,9,10,11,12,13
1048	61	121	0	1,2,3,4,5,6,7,8,9,10,11,12,13
1049	9	124	0	1,2,3,4,5,6,7,8,9,10,11,12,13
1050	61	125	0	1,2,3,4,5,6,7,8,9,10,11,12,13
1051	61	123	0	1,3,5,7,9,11,13
1052	9	126	0	1,2,3,4,5,6,7,8,9,10,11,12,13
1053	61	127	0	1,2,3,4,5,6,7,8,9,10,11,12,13
1054	10	128	0	1,2,3,4,5,6,7,8,9,10,11,12,13
1055	10	129	0	1,2,3,4,5,6,7,8,9,10,11,12,13
1056	10	132	0	1,2,3,4,5,6,7,8,9,10,11,12,13
1057	10	133	0	1,2,3,4,5,6,7,8,9,10,11,12,13
1058	10	134	0	1,2,3,4,5,6,7,8,9,10,11,12,13
1059	10	135	0	1,2,3,4,5,6,7,8,9,10,11,12,13
1060	10	136	0	1,2,3,4,5,6,7,8,9,10,11,12,13
1061	10	137	0	1,2,3,4,5,6,7,8,9,10,11,12,13
1062	10	139	0	1,2,3,4,5,6,7,8,9,10,11,12,13
1063	10	138	0	1,2,3,4,5,6,7,8,9,10,11,12,13
1064	10	140	0	1,2,3,4,5,6,7,8,9,10,11,12,13
1065	10	141	0	1,2,3,4,5,6,7,8,9,10,11,12,13
1066	10	142	0	1,2,3,4,5,6,7,8,9,10,11,12,13
1067	10	143	0	1,2,3,4,5,6,7,8,9,10,11,12,13
1068	10	144	0	1,2,3,4,5,6,7,8,9,10,11,12,13
1069	10	145	0	1,2,3,4,5,6,7,8,9,10,11,12,13
1070	10	146	0	1,2,3,4,5,6,7,8,9,10,11,12,13
1071	10	147	0	1,2,3,4,5,6,7,8,9,10,11,12,13
1072	10	149	0	1,2,3,4,5,6,7,8,9,10,11,12,13
1073	10	148	0	1,2,3,4,5,6,7,8,9,10,11,12,13
1074	36	195	0	2,3,4,5,6,7,8,9,10,11,12,13
1075	63	190	0	1,2,3,4,5,6,7,8,9,10,11,12,13
1076	36	191	0	1,3,5,7,9,11,13
1077	35	164	0	1,2,3,4,5,6,7,8,9,10,11,12,13
1078	35	165	0	1,2,3,4,5,6,7,8,9,10,11,12,13
1079	35	168	0	1,2,3,4,5,6,7,8,9,10,11,12,13
1080	35	169	0	1,2,3,4,5,6,7,8,9,10,11,12,13
1081	35	170	0	1,2,3,4,5,6,7,8,9,10,11,12,13
1082	35	171	0	1,2,3,4,5,6,7,8,9,10,11,12,13
1083	35	172	0	1,2,3,4,5,6,7,8,9,10,11,12,13
1084	35	173	0	1,2,3,4,5,6,7,8,9,10,11,12,13
1085	35	175	0	1,2,3,4,5,6,7,8,9,10,11,12,13
1086	35	174	0	1,2,3,4,5,6,7,8,9,10,11,12,13
1087	35	176	0	1,2,3,4,5,6,7,8,9,10,11,12,13
1088	35	177	0	1,2,3,4,5,6,7,8,9,10,11,12,13
1089	35	178	0	1,2,3,4,5,6,7,8,9,10,11,12,13
1090	35	179	0	1,2,3,4,5,6,7,8,9,10,11,12,13
1091	35	180	0	1,2,3,4,5,6,7,8,9,10,11,12,13
1092	35	181	0	1,2,3,4,5,6,7,8,9,10,11,12,13
1093	35	182	0	1,2,3,4,5,6,7,8,9,10,11,12,13
1094	35	183	0	1,2,3,4,5,6,7,8,9,10,11,12,13
1095	35	184	0	1,2,3,4,5,6,7,8,9,10,11,12,13
1096	35	185	0	1,2,3,4,5,6,7,8,9,10,11,12,13
1097	35	186	0	1,2,3,4,5,6,7,8,9,10,11,12,13
1098	35	187	0	1,2,3,4,5,6,7,8,9,10,11,12,13
1109	21	4	0	1,2,3,4,5,6,7,8,9,10,11,12,13
1110	21	5	0	2,4,6,8,10,12
1112	21	7	0	1,2,3,4,5,6,7,8,9,10,11,12,13
1113	21	8	0	1,2,3,4,5,6,7,8,9,10,11,12,13
1115	21	10	0	1,2,3,4,5,6,7,8,9,10,11,12,13
1117	1	13	0	1,2,3,4,5,6,7,8,9,10,11,12,13
1118	11	11	0	1,3,5,7,9,11,13
1120	11	15	0	1,2,3,4,5,6,7,8,9,10,11,12,13
1121	11	14	0	1,2,3,4,5,6,7,8,9,10,11,12,13
1123	11	17	0	1,2,3,4,5,6,7,8,9,10,11,12,13
1126	56	20	0	1,2,3,4,5,6,7,8,9,10,11,12,13
1128	69	23	0	1,2,3,4,5,6,7,8,9,10,11,12,13
1129	69	22	0	1,3,5,7,9,11,13
1131	69	27	0	1,2,3,4,5,6,7,8,9,10,11,12,13
1132	69	25	0	2,4,6,8,10,12
1134	69	29	0	1,2,3,4,5,6,7,8,9,10,11,12,13
1135	69	30	0	2,4,6,8,10,12
1137	69	31	0	1,2,3,4,5,6,7,8,9,10,11,12,13
1139	43	34	0	1,2,3,4,5,6,7,8,9,10,11,12,13
1140	43	35	0	1,3,5,7,9,11,13
1142	69	36	0	1,2,3,4,5,6,7,8,9,10,11,12,13
1143	69	37	0	1,3,5,7,9,11,13
1145	69	41	0	1,2,3,4,5,6,7,8,9,10,11,12,13
1146	69	39	0	1,2,3,4,5,6,7,8,9,10,11,12,13
1148	17	44	0	1,2,3,4,5,6,7,8,9,10,11,12,13
1149	17	43	0	1,2,3,4,5,6,7,8,9,10,11,12,13
1151	56	46	0	1,2,3,4,5,6,7,8,9,10,11,12,13
1152	56	47	0	1,3,5,7,9,11,13
1154	56	48	0	1,2,3,4,5,6,7,8,9,10,11,12,13
1155	56	49	0	2,4,6,8,10,12
1157	56	52	0	1,2,3,4,5,6,7,8,9,10,11,12,13
1158	56	53	0	2,4,6,8,10,12
1163	6	60	0	1,2,3,4,5,6,7,8,9,10,11,12,13
1164	6	61	0	1,2,3,4,5,6,7,8,9,10,11,12,13
1168	6	65	0	1,2,3,4,5,6,7,8,9,10,11,12,13
1170	6	67	0	1,2,3,4,5,6,7,8,9,10,11,12,13
1185	6	197	0	1,2,3,4,5,6,7,8,9,10,11,12,13
1186	6	201	0	1,2,3,4,5,6,7,8,9,10,11,12,13
1187	63	200	0	1,2,3,4,5,6,7,8,9,10,11,12,13
1189	29	202	0	1,2,3,4,5,6,7,8,9,10,11,12,13
1191	29	83	0	1,2,3,4,5,6,7,8,9,10,11,12,13
1192	29	84	0	1,2,3,4,5,6,7,8,9,10,11,12,13
1194	29	86	0	1,2,3,4,5,6,7,8,9,10,11,12,13
1196	1	87	0	1,2,3,4,5,6,7,8,9,10,11,12,13
1197	1	89	0	1,3,5,7,9,11,13
1199	1	90	0	1,2,3,4,5,6,7,8,9,10,11,12,13
1200	1	92	0	1,2,3,4,5,6,7,8,9,10,11,12,13
1202	1	93	0	1,2,3,4,5,6,7,8,9,10,11,12,13
1205	68	96	0	1,2,3,4,5,6,7,8,9,10,11,12,13
1207	24	99	0	1,2,3,4,5,6,7,8,9,10,11,12,13
1208	24	98	0	2,4,6,8,10,12
1210	54	101	0	1,2,3,4,5,6,7,8,9,10,11,12,13
1212	73	104	0	1,2,3,4,5,6,7,8,9,10,11,12,13
1213	73	103	0	1,3,5,7,9,11,13
1215	2	106	0	1,2,3,4,5,6,7,8,9,10,11,12,13
1216	2	107	0	2,4,6,8,10,12
1218	2	111	0	1,2,3,4,5,6,7,8,9,10,11,12,13
1219	2	110	0	1,3,5,7,9,11,13
1221	51	114	0	1,2,3,4,5,6,7,8,9,10,11,12,13
1222	51	113	0	2,4,6,8,10,12
1224	2	115	0	1,2,3,4,5,6,7,8,9,10,11,12,13
1225	2	116	0	1,3,5,7,9,11,13
1227	61	118	0	1,2,3,4,5,6,7,8,9,10,11,12,13
1229	61	122	0	1,2,3,4,5,6,7,8,9,10,11,12,13
1230	61	121	0	1,2,3,4,5,6,7,8,9,10,11,12,13
1232	61	125	0	1,2,3,4,5,6,7,8,9,10,11,12,13
1233	61	123	0	1,3,5,7,9,11,13
1235	61	127	0	1,2,3,4,5,6,7,8,9,10,11,12,13
1256	36	195	0	2,3,4,5,6,7,8,9,10,11,12,13
1257	63	190	0	1,2,3,4,5,6,7,8,9,10,11,12,13
1258	36	191	0	1,3,5,7,9,11,13
1259	35	164	0	1,2,3,4,5,6,7,8,9,10,11,12,13
1260	35	165	0	1,2,3,4,5,6,7,8,9,10,11,12,13
1261	35	168	0	1,2,3,4,5,6,7,8,9,10,11,12,13
1262	35	169	0	1,2,3,4,5,6,7,8,9,10,11,12,13
1263	35	170	0	1,2,3,4,5,6,7,8,9,10,11,12,13
1264	35	171	0	1,2,3,4,5,6,7,8,9,10,11,12,13
1265	35	172	0	1,2,3,4,5,6,7,8,9,10,11,12,13
1266	35	173	0	1,2,3,4,5,6,7,8,9,10,11,12,13
1267	35	175	0	1,2,3,4,5,6,7,8,9,10,11,12,13
1268	35	174	0	1,2,3,4,5,6,7,8,9,10,11,12,13
1269	35	176	0	1,2,3,4,5,6,7,8,9,10,11,12,13
1270	35	177	0	1,2,3,4,5,6,7,8,9,10,11,12,13
1271	35	178	0	1,2,3,4,5,6,7,8,9,10,11,12,13
1272	35	179	0	1,2,3,4,5,6,7,8,9,10,11,12,13
1273	35	180	0	1,2,3,4,5,6,7,8,9,10,11,12,13
1274	35	181	0	1,2,3,4,5,6,7,8,9,10,11,12,13
1275	35	182	0	1,2,3,4,5,6,7,8,9,10,11,12,13
1276	35	183	0	1,2,3,4,5,6,7,8,9,10,11,12,13
1277	35	184	0	1,2,3,4,5,6,7,8,9,10,11,12,13
1278	35	185	0	1,2,3,4,5,6,7,8,9,10,11,12,13
1279	35	186	0	1,2,3,4,5,6,7,8,9,10,11,12,13
1280	35	187	0	1,2,3,4,5,6,7,8,9,10,11,12,13
1284	21	4	0	1,2,3,4,5,6,7,8,9,10,11,12,13
1285	21	5	0	2,4,6,8,10,12
1287	21	7	0	1,2,3,4,5,6,7,8,9,10,11,12,13
1288	21	8	0	1,2,3,4,5,6,7,8,9,10,11,12,13
1290	21	10	0	1,2,3,4,5,6,7,8,9,10,11,12,13
1292	1	13	0	1,2,3,4,5,6,7,8,9,10,11,12,13
1293	11	11	0	1,3,5,7,9,11,13
1295	11	15	0	1,2,3,4,5,6,7,8,9,10,11,12,13
1296	11	14	0	1,2,3,4,5,6,7,8,9,10,11,12,13
1298	11	17	0	1,2,3,4,5,6,7,8,9,10,11,12,13
1301	56	20	0	1,2,3,4,5,6,7,8,9,10,11,12,13
1303	69	23	0	1,2,3,4,5,6,7,8,9,10,11,12,13
1304	69	22	0	1,3,5,7,9,11,13
1306	69	27	0	1,2,3,4,5,6,7,8,9,10,11,12,13
1307	69	25	0	2,4,6,8,10,12
1309	69	29	0	1,2,3,4,5,6,7,8,9,10,11,12,13
1310	69	30	0	2,4,6,8,10,12
1314	21	4	0	1,2,3,4,5,6,7,8,9,10,11,12,13
1315	21	5	0	2,4,6,8,10,12
1317	21	7	0	1,2,3,4,5,6,7,8,9,10,11,12,13
1318	21	8	0	1,2,3,4,5,6,7,8,9,10,11,12,13
1320	21	10	0	1,2,3,4,5,6,7,8,9,10,11,12,13
1322	1	13	0	1,2,3,4,5,6,7,8,9,10,11,12,13
1323	11	11	0	1,3,5,7,9,11,13
1325	11	15	0	1,2,3,4,5,6,7,8,9,10,11,12,13
1326	11	14	0	1,2,3,4,5,6,7,8,9,10,11,12,13
1328	11	17	0	1,2,3,4,5,6,7,8,9,10,11,12,13
1331	56	20	0	1,2,3,4,5,6,7,8,9,10,11,12,13
1333	69	23	0	1,2,3,4,5,6,7,8,9,10,11,12,13
1334	69	22	0	1,3,5,7,9,11,13
1336	69	27	0	1,2,3,4,5,6,7,8,9,10,11,12,13
1337	69	25	0	2,4,6,8,10,12
1339	69	29	0	1,2,3,4,5,6,7,8,9,10,11,12,13
1340	69	30	0	2,4,6,8,10,12
1342	69	31	0	1,2,3,4,5,6,7,8,9,10,11,12,13
1344	43	34	0	1,2,3,4,5,6,7,8,9,10,11,12,13
1345	43	35	0	1,3,5,7,9,11,13
1347	69	36	0	1,2,3,4,5,6,7,8,9,10,11,12,13
1348	69	37	0	1,3,5,7,9,11,13
1350	69	41	0	1,2,3,4,5,6,7,8,9,10,11,12,13
1351	69	39	0	1,2,3,4,5,6,7,8,9,10,11,12,13
1353	17	44	0	1,2,3,4,5,6,7,8,9,10,11,12,13
1354	17	43	0	1,2,3,4,5,6,7,8,9,10,11,12,13
1356	56	46	0	1,2,3,4,5,6,7,8,9,10,11,12,13
1357	56	47	0	1,3,5,7,9,11,13
1359	56	48	0	1,2,3,4,5,6,7,8,9,10,11,12,13
1360	56	49	0	2,4,6,8,10,12
1362	56	52	0	1,2,3,4,5,6,7,8,9,10,11,12,13
1363	56	53	0	2,4,6,8,10,12
1368	6	60	0	1,2,3,4,5,6,7,8,9,10,11,12,13
1369	6	61	0	1,2,3,4,5,6,7,8,9,10,11,12,13
1373	6	65	0	1,2,3,4,5,6,7,8,9,10,11,12,13
1375	6	67	0	1,2,3,4,5,6,7,8,9,10,11,12,13
1390	6	197	0	1,2,3,4,5,6,7,8,9,10,11,12,13
1391	6	201	0	1,2,3,4,5,6,7,8,9,10,11,12,13
1392	63	200	0	1,2,3,4,5,6,7,8,9,10,11,12,13
1394	29	202	0	1,2,3,4,5,6,7,8,9,10,11,12,13
1396	29	83	0	1,2,3,4,5,6,7,8,9,10,11,12,13
1397	29	84	0	1,2,3,4,5,6,7,8,9,10,11,12,13
1399	29	86	0	1,2,3,4,5,6,7,8,9,10,11,12,13
1401	1	87	0	1,2,3,4,5,6,7,8,9,10,11,12,13
1402	1	89	0	1,3,5,7,9,11,13
1404	1	90	0	1,2,3,4,5,6,7,8,9,10,11,12,13
1405	1	92	0	1,2,3,4,5,6,7,8,9,10,11,12,13
1407	1	93	0	1,2,3,4,5,6,7,8,9,10,11,12,13
1410	68	96	0	1,2,3,4,5,6,7,8,9,10,11,12,13
1412	24	99	0	1,2,3,4,5,6,7,8,9,10,11,12,13
1413	24	98	0	2,4,6,8,10,12
1415	54	101	0	1,2,3,4,5,6,7,8,9,10,11,12,13
1417	73	104	0	1,2,3,4,5,6,7,8,9,10,11,12,13
1418	73	103	0	1,3,5,7,9,11,13
1420	2	106	0	1,2,3,4,5,6,7,8,9,10,11,12,13
1421	2	107	0	2,4,6,8,10,12
1423	2	111	0	1,2,3,4,5,6,7,8,9,10,11,12,13
1424	2	110	0	1,3,5,7,9,11,13
1426	51	114	0	1,2,3,4,5,6,7,8,9,10,11,12,13
1427	51	113	0	2,4,6,8,10,12
1429	2	115	0	1,2,3,4,5,6,7,8,9,10,11,12,13
1430	2	116	0	1,3,5,7,9,11,13
1432	61	118	0	1,2,3,4,5,6,7,8,9,10,11,12,13
1434	61	122	0	1,2,3,4,5,6,7,8,9,10,11,12,13
1435	61	121	0	1,2,3,4,5,6,7,8,9,10,11,12,13
1437	61	125	0	1,2,3,4,5,6,7,8,9,10,11,12,13
1438	61	123	0	1,3,5,7,9,11,13
1440	61	127	0	1,2,3,4,5,6,7,8,9,10,11,12,13
1461	36	195	0	2,3,4,5,6,7,8,9,10,11,12,13
1462	63	190	0	1,2,3,4,5,6,7,8,9,10,11,12,13
1463	36	191	0	1,3,5,7,9,11,13
1464	35	164	0	1,2,3,4,5,6,7,8,9,10,11,12,13
1465	35	165	0	1,2,3,4,5,6,7,8,9,10,11,12,13
1466	35	168	0	1,2,3,4,5,6,7,8,9,10,11,12,13
1467	35	169	0	1,2,3,4,5,6,7,8,9,10,11,12,13
1468	35	170	0	1,2,3,4,5,6,7,8,9,10,11,12,13
1469	35	171	0	1,2,3,4,5,6,7,8,9,10,11,12,13
1470	35	172	0	1,2,3,4,5,6,7,8,9,10,11,12,13
1471	35	173	0	1,2,3,4,5,6,7,8,9,10,11,12,13
1472	35	175	0	1,2,3,4,5,6,7,8,9,10,11,12,13
1473	35	174	0	1,2,3,4,5,6,7,8,9,10,11,12,13
1474	35	176	0	1,2,3,4,5,6,7,8,9,10,11,12,13
1475	35	177	0	1,2,3,4,5,6,7,8,9,10,11,12,13
1476	35	178	0	1,2,3,4,5,6,7,8,9,10,11,12,13
1477	35	179	0	1,2,3,4,5,6,7,8,9,10,11,12,13
1478	35	180	0	1,2,3,4,5,6,7,8,9,10,11,12,13
1479	35	181	0	1,2,3,4,5,6,7,8,9,10,11,12,13
1480	35	182	0	1,2,3,4,5,6,7,8,9,10,11,12,13
1481	35	183	0	1,2,3,4,5,6,7,8,9,10,11,12,13
1482	35	184	0	1,2,3,4,5,6,7,8,9,10,11,12,13
1483	35	185	0	1,2,3,4,5,6,7,8,9,10,11,12,13
1484	35	186	0	1,2,3,4,5,6,7,8,9,10,11,12,13
1485	35	187	0	1,2,3,4,5,6,7,8,9,10,11,12,13
1489	21	4	0	1,2,3,4,5,6,7,8,9,10,11,12,13
1490	21	5	0	2,4,6,8,10,12
1492	21	7	0	1,2,3,4,5,6,7,8,9,10,11,12,13
1493	21	8	0	1,2,3,4,5,6,7,8,9,10,11,12,13
1495	21	10	0	1,2,3,4,5,6,7,8,9,10,11,12,13
1497	1	13	0	1,2,3,4,5,6,7,8,9,10,11,12,13
1498	11	11	0	1,3,5,7,9,11,13
1500	11	15	0	1,2,3,4,5,6,7,8,9,10,11,12,13
1501	11	14	0	1,2,3,4,5,6,7,8,9,10,11,12,13
1503	11	17	0	1,2,3,4,5,6,7,8,9,10,11,12,13
1506	56	20	0	1,2,3,4,5,6,7,8,9,10,11,12,13
1508	69	23	0	1,2,3,4,5,6,7,8,9,10,11,12,13
1509	69	22	0	1,3,5,7,9,11,13
1511	69	27	0	1,2,3,4,5,6,7,8,9,10,11,12,13
1512	69	25	0	2,4,6,8,10,12
1514	69	29	0	1,2,3,4,5,6,7,8,9,10,11,12,13
1515	69	30	0	2,4,6,8,10,12
1517	69	31	0	1,2,3,4,5,6,7,8,9,10,11,12,13
1519	43	34	0	1,2,3,4,5,6,7,8,9,10,11,12,13
1520	43	35	0	1,3,5,7,9,11,13
1522	69	36	0	1,2,3,4,5,6,7,8,9,10,11,12,13
1523	69	37	0	1,3,5,7,9,11,13
1525	69	41	0	1,2,3,4,5,6,7,8,9,10,11,12,13
1526	69	39	0	1,2,3,4,5,6,7,8,9,10,11,12,13
1528	17	44	0	1,2,3,4,5,6,7,8,9,10,11,12,13
1529	17	43	0	1,2,3,4,5,6,7,8,9,10,11,12,13
1531	56	46	0	1,2,3,4,5,6,7,8,9,10,11,12,13
1532	56	47	0	1,3,5,7,9,11,13
1534	56	48	0	1,2,3,4,5,6,7,8,9,10,11,12,13
1535	56	49	0	2,4,6,8,10,12
1537	56	52	0	1,2,3,4,5,6,7,8,9,10,11,12,13
1538	56	53	0	2,4,6,8,10,12
1543	6	60	0	1,2,3,4,5,6,7,8,9,10,11,12,13
1544	6	61	0	1,2,3,4,5,6,7,8,9,10,11,12,13
1548	6	65	0	1,2,3,4,5,6,7,8,9,10,11,12,13
1550	6	67	0	1,2,3,4,5,6,7,8,9,10,11,12,13
1565	6	197	0	1,2,3,4,5,6,7,8,9,10,11,12,13
1566	6	201	0	1,2,3,4,5,6,7,8,9,10,11,12,13
1567	63	200	0	1,2,3,4,5,6,7,8,9,10,11,12,13
1569	29	202	0	1,2,3,4,5,6,7,8,9,10,11,12,13
1571	29	83	0	1,2,3,4,5,6,7,8,9,10,11,12,13
1572	29	84	0	1,2,3,4,5,6,7,8,9,10,11,12,13
1574	29	86	0	1,2,3,4,5,6,7,8,9,10,11,12,13
1576	1	87	0	1,2,3,4,5,6,7,8,9,10,11,12,13
1577	1	89	0	1,3,5,7,9,11,13
1579	1	90	0	1,2,3,4,5,6,7,8,9,10,11,12,13
1580	1	92	0	1,2,3,4,5,6,7,8,9,10,11,12,13
1582	1	93	0	1,2,3,4,5,6,7,8,9,10,11,12,13
1585	68	96	0	1,2,3,4,5,6,7,8,9,10,11,12,13
1587	24	99	0	1,2,3,4,5,6,7,8,9,10,11,12,13
1588	24	98	0	2,4,6,8,10,12
1590	54	101	0	1,2,3,4,5,6,7,8,9,10,11,12,13
1592	73	104	0	1,2,3,4,5,6,7,8,9,10,11,12,13
1593	73	103	0	1,3,5,7,9,11,13
1595	2	106	0	1,2,3,4,5,6,7,8,9,10,11,12,13
1596	2	107	0	2,4,6,8,10,12
1598	2	111	0	1,2,3,4,5,6,7,8,9,10,11,12,13
1599	2	110	0	1,3,5,7,9,11,13
1601	51	114	0	1,2,3,4,5,6,7,8,9,10,11,12,13
1602	51	113	0	2,4,6,8,10,12
1604	2	115	0	1,2,3,4,5,6,7,8,9,10,11,12,13
1605	2	116	0	1,3,5,7,9,11,13
1607	61	118	0	1,2,3,4,5,6,7,8,9,10,11,12,13
1609	61	122	0	1,2,3,4,5,6,7,8,9,10,11,12,13
1610	61	121	0	1,2,3,4,5,6,7,8,9,10,11,12,13
1612	61	125	0	1,2,3,4,5,6,7,8,9,10,11,12,13
1613	61	123	0	1,3,5,7,9,11,13
1615	61	127	0	1,2,3,4,5,6,7,8,9,10,11,12,13
1636	36	195	0	2,3,4,5,6,7,8,9,10,11,12,13
1637	63	190	0	1,2,3,4,5,6,7,8,9,10,11,12,13
1638	36	191	0	1,3,5,7,9,11,13
1639	35	164	0	1,2,3,4,5,6,7,8,9,10,11,12,13
1640	35	165	0	1,2,3,4,5,6,7,8,9,10,11,12,13
1641	35	168	0	1,2,3,4,5,6,7,8,9,10,11,12,13
1642	35	169	0	1,2,3,4,5,6,7,8,9,10,11,12,13
1643	35	170	0	1,2,3,4,5,6,7,8,9,10,11,12,13
1644	35	171	0	1,2,3,4,5,6,7,8,9,10,11,12,13
1645	35	172	0	1,2,3,4,5,6,7,8,9,10,11,12,13
1646	35	173	0	1,2,3,4,5,6,7,8,9,10,11,12,13
1647	35	175	0	1,2,3,4,5,6,7,8,9,10,11,12,13
1648	35	174	0	1,2,3,4,5,6,7,8,9,10,11,12,13
1649	35	176	0	1,2,3,4,5,6,7,8,9,10,11,12,13
1650	35	177	0	1,2,3,4,5,6,7,8,9,10,11,12,13
1651	35	178	0	1,2,3,4,5,6,7,8,9,10,11,12,13
1652	35	179	0	1,2,3,4,5,6,7,8,9,10,11,12,13
1653	35	180	0	1,2,3,4,5,6,7,8,9,10,11,12,13
1654	35	181	0	1,2,3,4,5,6,7,8,9,10,11,12,13
1655	35	182	0	1,2,3,4,5,6,7,8,9,10,11,12,13
1656	35	183	0	1,2,3,4,5,6,7,8,9,10,11,12,13
1657	35	184	0	1,2,3,4,5,6,7,8,9,10,11,12,13
1658	35	185	0	1,2,3,4,5,6,7,8,9,10,11,12,13
1659	35	186	0	1,2,3,4,5,6,7,8,9,10,11,12,13
1660	35	187	0	1,2,3,4,5,6,7,8,9,10,11,12,13
1664	21	4	0	1,2,3,4,5,6,7,8,9,10,11,12,13
1665	21	5	0	2,4,6,8,10,12
1667	21	7	0	1,2,3,4,5,6,7,8,9,10,11,12,13
1668	21	8	0	1,2,3,4,5,6,7,8,9,10,11,12,13
1670	21	10	0	1,2,3,4,5,6,7,8,9,10,11,12,13
1672	1	13	0	1,2,3,4,5,6,7,8,9,10,11,12,13
1673	11	11	0	1,3,5,7,9,11,13
1675	11	15	0	1,2,3,4,5,6,7,8,9,10,11,12,13
1676	11	14	0	1,2,3,4,5,6,7,8,9,10,11,12,13
1678	11	17	0	1,2,3,4,5,6,7,8,9,10,11,12,13
1681	56	20	0	1,2,3,4,5,6,7,8,9,10,11,12,13
1683	69	23	0	1,2,3,4,5,6,7,8,9,10,11,12,13
1684	69	22	0	1,3,5,7,9,11,13
1686	69	27	0	1,2,3,4,5,6,7,8,9,10,11,12,13
1687	69	25	0	2,4,6,8,10,12
1689	69	29	0	1,2,3,4,5,6,7,8,9,10,11,12,13
1690	69	30	0	2,4,6,8,10,12
1692	69	31	0	1,2,3,4,5,6,7,8,9,10,11,12,13
1694	43	34	0	1,2,3,4,5,6,7,8,9,10,11,12,13
1695	43	35	0	1,3,5,7,9,11,13
1697	69	36	0	1,2,3,4,5,6,7,8,9,10,11,12,13
1698	69	37	0	1,3,5,7,9,11,13
1700	69	41	0	1,2,3,4,5,6,7,8,9,10,11,12,13
1701	69	39	0	1,2,3,4,5,6,7,8,9,10,11,12,13
1703	17	44	0	1,2,3,4,5,6,7,8,9,10,11,12,13
1704	17	43	0	1,2,3,4,5,6,7,8,9,10,11,12,13
1706	56	46	0	1,2,3,4,5,6,7,8,9,10,11,12,13
1707	56	47	0	1,3,5,7,9,11,13
1709	56	48	0	1,2,3,4,5,6,7,8,9,10,11,12,13
1710	56	49	0	2,4,6,8,10,12
1712	56	52	0	1,2,3,4,5,6,7,8,9,10,11,12,13
1713	56	53	0	2,4,6,8,10,12
1718	6	60	0	1,2,3,4,5,6,7,8,9,10,11,12,13
1719	6	61	0	1,2,3,4,5,6,7,8,9,10,11,12,13
1723	6	65	0	1,2,3,4,5,6,7,8,9,10,11,12,13
1725	6	67	0	1,2,3,4,5,6,7,8,9,10,11,12,13
1740	6	197	0	1,2,3,4,5,6,7,8,9,10,11,12,13
1741	6	201	0	1,2,3,4,5,6,7,8,9,10,11,12,13
1742	63	200	0	1,2,3,4,5,6,7,8,9,10,11,12,13
1744	29	202	0	1,2,3,4,5,6,7,8,9,10,11,12,13
1746	29	83	0	1,2,3,4,5,6,7,8,9,10,11,12,13
1747	29	84	0	1,2,3,4,5,6,7,8,9,10,11,12,13
1749	29	86	0	1,2,3,4,5,6,7,8,9,10,11,12,13
1751	1	87	0	1,2,3,4,5,6,7,8,9,10,11,12,13
1752	1	89	0	1,3,5,7,9,11,13
1754	1	90	0	1,2,3,4,5,6,7,8,9,10,11,12,13
1755	1	92	0	1,2,3,4,5,6,7,8,9,10,11,12,13
1757	1	93	0	1,2,3,4,5,6,7,8,9,10,11,12,13
1760	68	96	0	1,2,3,4,5,6,7,8,9,10,11,12,13
1762	24	99	0	1,2,3,4,5,6,7,8,9,10,11,12,13
1763	24	98	0	2,4,6,8,10,12
1765	54	101	0	1,2,3,4,5,6,7,8,9,10,11,12,13
1767	73	104	0	1,2,3,4,5,6,7,8,9,10,11,12,13
1768	73	103	0	1,3,5,7,9,11,13
1770	2	106	0	1,2,3,4,5,6,7,8,9,10,11,12,13
1771	2	107	0	2,4,6,8,10,12
1773	2	111	0	1,2,3,4,5,6,7,8,9,10,11,12,13
1774	2	110	0	1,3,5,7,9,11,13
1776	51	114	0	1,2,3,4,5,6,7,8,9,10,11,12,13
1777	51	113	0	2,4,6,8,10,12
1779	2	115	0	1,2,3,4,5,6,7,8,9,10,11,12,13
1780	2	116	0	1,3,5,7,9,11,13
1782	61	118	0	1,2,3,4,5,6,7,8,9,10,11,12,13
1784	61	122	0	1,2,3,4,5,6,7,8,9,10,11,12,13
1785	61	121	0	1,2,3,4,5,6,7,8,9,10,11,12,13
1787	61	125	0	1,2,3,4,5,6,7,8,9,10,11,12,13
1788	61	123	0	1,3,5,7,9,11,13
1790	61	127	0	1,2,3,4,5,6,7,8,9,10,11,12,13
1811	36	195	0	2,3,4,5,6,7,8,9,10,11,12,13
1812	63	190	0	1,2,3,4,5,6,7,8,9,10,11,12,13
1813	36	191	0	1,3,5,7,9,11,13
1814	35	164	0	1,2,3,4,5,6,7,8,9,10,11,12,13
1815	35	165	0	1,2,3,4,5,6,7,8,9,10,11,12,13
1816	35	168	0	1,2,3,4,5,6,7,8,9,10,11,12,13
1817	35	169	0	1,2,3,4,5,6,7,8,9,10,11,12,13
1818	35	170	0	1,2,3,4,5,6,7,8,9,10,11,12,13
1819	35	171	0	1,2,3,4,5,6,7,8,9,10,11,12,13
1820	35	172	0	1,2,3,4,5,6,7,8,9,10,11,12,13
1821	35	173	0	1,2,3,4,5,6,7,8,9,10,11,12,13
1822	35	175	0	1,2,3,4,5,6,7,8,9,10,11,12,13
1823	35	174	0	1,2,3,4,5,6,7,8,9,10,11,12,13
1824	35	176	0	1,2,3,4,5,6,7,8,9,10,11,12,13
1825	35	177	0	1,2,3,4,5,6,7,8,9,10,11,12,13
1826	35	178	0	1,2,3,4,5,6,7,8,9,10,11,12,13
1827	35	179	0	1,2,3,4,5,6,7,8,9,10,11,12,13
1828	35	180	0	1,2,3,4,5,6,7,8,9,10,11,12,13
1829	35	181	0	1,2,3,4,5,6,7,8,9,10,11,12,13
1830	35	182	0	1,2,3,4,5,6,7,8,9,10,11,12,13
1831	35	183	0	1,2,3,4,5,6,7,8,9,10,11,12,13
1832	35	184	0	1,2,3,4,5,6,7,8,9,10,11,12,13
1833	35	185	0	1,2,3,4,5,6,7,8,9,10,11,12,13
1834	35	186	0	1,2,3,4,5,6,7,8,9,10,11,12,13
1835	35	187	0	1,2,3,4,5,6,7,8,9,10,11,12,13
1839	21	4	0	1,2,3,4,5,6,7,8,9,10,11,12,13
1840	21	5	0	2,4,6,8,10,12
1842	21	7	0	1,2,3,4,5,6,7,8,9,10,11,12,13
1843	21	8	0	1,2,3,4,5,6,7,8,9,10,11,12,13
1845	21	10	0	1,2,3,4,5,6,7,8,9,10,11,12,13
1847	1	13	0	1,2,3,4,5,6,7,8,9,10,11,12,13
1848	11	11	0	1,3,5,7,9,11,13
1850	11	15	0	1,2,3,4,5,6,7,8,9,10,11,12,13
1851	11	14	0	1,2,3,4,5,6,7,8,9,10,11,12,13
1853	11	17	0	1,2,3,4,5,6,7,8,9,10,11,12,13
1856	56	20	0	1,2,3,4,5,6,7,8,9,10,11,12,13
1858	69	23	0	1,2,3,4,5,6,7,8,9,10,11,12,13
1859	69	22	0	1,3,5,7,9,11,13
1861	69	27	0	1,2,3,4,5,6,7,8,9,10,11,12,13
1862	69	25	0	2,4,6,8,10,12
1864	69	29	0	1,2,3,4,5,6,7,8,9,10,11,12,13
1865	69	30	0	2,4,6,8,10,12
1867	69	31	0	1,2,3,4,5,6,7,8,9,10,11,12,13
1869	43	34	0	1,2,3,4,5,6,7,8,9,10,11,12,13
1870	43	35	0	1,3,5,7,9,11,13
1872	69	36	0	1,2,3,4,5,6,7,8,9,10,11,12,13
1873	69	37	0	1,3,5,7,9,11,13
1875	69	41	0	1,2,3,4,5,6,7,8,9,10,11,12,13
1876	69	39	0	1,2,3,4,5,6,7,8,9,10,11,12,13
1878	17	44	0	1,2,3,4,5,6,7,8,9,10,11,12,13
1879	17	43	0	1,2,3,4,5,6,7,8,9,10,11,12,13
1881	56	46	0	1,2,3,4,5,6,7,8,9,10,11,12,13
1882	56	47	0	1,3,5,7,9,11,13
1884	56	48	0	1,2,3,4,5,6,7,8,9,10,11,12,13
1885	56	49	0	2,4,6,8,10,12
1887	56	52	0	1,2,3,4,5,6,7,8,9,10,11,12,13
1888	56	53	0	2,4,6,8,10,12
1893	6	60	0	1,2,3,4,5,6,7,8,9,10,11,12,13
1894	6	61	0	1,2,3,4,5,6,7,8,9,10,11,12,13
1898	6	65	0	1,2,3,4,5,6,7,8,9,10,11,12,13
1900	6	67	0	1,2,3,4,5,6,7,8,9,10,11,12,13
1915	6	197	0	1,2,3,4,5,6,7,8,9,10,11,12,13
1916	6	201	0	1,2,3,4,5,6,7,8,9,10,11,12,13
1917	63	200	0	1,2,3,4,5,6,7,8,9,10,11,12,13
1919	29	202	0	1,2,3,4,5,6,7,8,9,10,11,12,13
1921	29	83	0	1,2,3,4,5,6,7,8,9,10,11,12,13
1922	29	84	0	1,2,3,4,5,6,7,8,9,10,11,12,13
1924	29	86	0	1,2,3,4,5,6,7,8,9,10,11,12,13
1926	1	87	0	1,2,3,4,5,6,7,8,9,10,11,12,13
1927	1	89	0	1,3,5,7,9,11,13
1929	1	90	0	1,2,3,4,5,6,7,8,9,10,11,12,13
1930	1	92	0	1,2,3,4,5,6,7,8,9,10,11,12,13
1932	1	93	0	1,2,3,4,5,6,7,8,9,10,11,12,13
1935	68	96	0	1,2,3,4,5,6,7,8,9,10,11,12,13
1937	24	99	0	1,2,3,4,5,6,7,8,9,10,11,12,13
1938	24	98	0	2,4,6,8,10,12
1940	54	101	0	1,2,3,4,5,6,7,8,9,10,11,12,13
1942	73	104	0	1,2,3,4,5,6,7,8,9,10,11,12,13
1943	73	103	0	1,3,5,7,9,11,13
1945	2	106	0	1,2,3,4,5,6,7,8,9,10,11,12,13
1946	2	107	0	2,4,6,8,10,12
1948	2	111	0	1,2,3,4,5,6,7,8,9,10,11,12,13
1949	2	110	0	1,3,5,7,9,11,13
1951	51	114	0	1,2,3,4,5,6,7,8,9,10,11,12,13
1952	51	113	0	2,4,6,8,10,12
1954	2	115	0	1,2,3,4,5,6,7,8,9,10,11,12,13
1955	2	116	0	1,3,5,7,9,11,13
1957	61	118	0	1,2,3,4,5,6,7,8,9,10,11,12,13
1959	61	122	0	1,2,3,4,5,6,7,8,9,10,11,12,13
1960	61	121	0	1,2,3,4,5,6,7,8,9,10,11,12,13
1962	61	125	0	1,2,3,4,5,6,7,8,9,10,11,12,13
1963	61	123	0	1,3,5,7,9,11,13
1965	61	127	0	1,2,3,4,5,6,7,8,9,10,11,12,13
1986	36	195	0	2,3,4,5,6,7,8,9,10,11,12,13
1987	63	190	0	1,2,3,4,5,6,7,8,9,10,11,12,13
1988	36	191	0	1,3,5,7,9,11,13
1989	35	164	0	1,2,3,4,5,6,7,8,9,10,11,12,13
1990	35	165	0	1,2,3,4,5,6,7,8,9,10,11,12,13
1991	35	168	0	1,2,3,4,5,6,7,8,9,10,11,12,13
1992	35	169	0	1,2,3,4,5,6,7,8,9,10,11,12,13
1993	35	170	0	1,2,3,4,5,6,7,8,9,10,11,12,13
1994	35	171	0	1,2,3,4,5,6,7,8,9,10,11,12,13
1995	35	172	0	1,2,3,4,5,6,7,8,9,10,11,12,13
1996	35	173	0	1,2,3,4,5,6,7,8,9,10,11,12,13
1997	35	175	0	1,2,3,4,5,6,7,8,9,10,11,12,13
1998	35	174	0	1,2,3,4,5,6,7,8,9,10,11,12,13
1999	35	176	0	1,2,3,4,5,6,7,8,9,10,11,12,13
2000	35	177	0	1,2,3,4,5,6,7,8,9,10,11,12,13
2001	35	178	0	1,2,3,4,5,6,7,8,9,10,11,12,13
2002	35	179	0	1,2,3,4,5,6,7,8,9,10,11,12,13
2003	35	180	0	1,2,3,4,5,6,7,8,9,10,11,12,13
2004	35	181	0	1,2,3,4,5,6,7,8,9,10,11,12,13
2005	35	182	0	1,2,3,4,5,6,7,8,9,10,11,12,13
2006	35	183	0	1,2,3,4,5,6,7,8,9,10,11,12,13
2007	35	184	0	1,2,3,4,5,6,7,8,9,10,11,12,13
2008	35	185	0	1,2,3,4,5,6,7,8,9,10,11,12,13
2009	35	186	0	1,2,3,4,5,6,7,8,9,10,11,12,13
2010	35	187	0	1,2,3,4,5,6,7,8,9,10,11,12,13
2014	21	4	0	1,2,3,4,5,6,7,8,9,10,11,12,13
2015	21	5	0	2,4,6,8,10,12
2017	21	7	0	1,2,3,4,5,6,7,8,9,10,11,12,13
2018	21	8	0	1,2,3,4,5,6,7,8,9,10,11,12,13
2020	21	10	0	1,2,3,4,5,6,7,8,9,10,11,12,13
2022	1	13	0	1,2,3,4,5,6,7,8,9,10,11,12,13
2023	11	11	0	1,3,5,7,9,11,13
2025	11	15	0	1,2,3,4,5,6,7,8,9,10,11,12,13
2026	11	14	0	1,2,3,4,5,6,7,8,9,10,11,12,13
2028	11	17	0	1,2,3,4,5,6,7,8,9,10,11,12,13
2031	56	20	0	1,2,3,4,5,6,7,8,9,10,11,12,13
2033	69	23	0	1,2,3,4,5,6,7,8,9,10,11,12,13
2034	69	22	0	1,3,5,7,9,11,13
2036	69	27	0	1,2,3,4,5,6,7,8,9,10,11,12,13
2037	69	25	0	2,4,6,8,10,12
2039	69	29	0	1,2,3,4,5,6,7,8,9,10,11,12,13
2040	69	30	0	2,4,6,8,10,12
2042	69	31	0	1,2,3,4,5,6,7,8,9,10,11,12,13
2044	43	34	0	1,2,3,4,5,6,7,8,9,10,11,12,13
2045	43	35	0	1,3,5,7,9,11,13
2047	69	36	0	1,2,3,4,5,6,7,8,9,10,11,12,13
2048	69	37	0	1,3,5,7,9,11,13
2050	69	41	0	1,2,3,4,5,6,7,8,9,10,11,12,13
2051	69	39	0	1,2,3,4,5,6,7,8,9,10,11,12,13
2053	17	44	0	1,2,3,4,5,6,7,8,9,10,11,12,13
2054	17	43	0	1,2,3,4,5,6,7,8,9,10,11,12,13
2056	56	46	0	1,2,3,4,5,6,7,8,9,10,11,12,13
2057	56	47	0	1,3,5,7,9,11,13
2059	56	48	0	1,2,3,4,5,6,7,8,9,10,11,12,13
2060	56	49	0	2,4,6,8,10,12
2062	56	52	0	1,2,3,4,5,6,7,8,9,10,11,12,13
2063	56	53	0	2,4,6,8,10,12
2068	6	60	0	1,2,3,4,5,6,7,8,9,10,11,12,13
2069	6	61	0	1,2,3,4,5,6,7,8,9,10,11,12,13
2073	6	65	0	1,2,3,4,5,6,7,8,9,10,11,12,13
2075	6	67	0	1,2,3,4,5,6,7,8,9,10,11,12,13
2090	6	197	0	1,2,3,4,5,6,7,8,9,10,11,12,13
2091	6	201	0	1,2,3,4,5,6,7,8,9,10,11,12,13
2092	63	200	0	1,2,3,4,5,6,7,8,9,10,11,12,13
2094	29	202	0	1,2,3,4,5,6,7,8,9,10,11,12,13
2096	29	83	0	1,2,3,4,5,6,7,8,9,10,11,12,13
2097	29	84	0	1,2,3,4,5,6,7,8,9,10,11,12,13
2099	29	86	0	1,2,3,4,5,6,7,8,9,10,11,12,13
2101	1	87	0	1,2,3,4,5,6,7,8,9,10,11,12,13
2102	1	89	0	1,3,5,7,9,11,13
2104	1	90	0	1,2,3,4,5,6,7,8,9,10,11,12,13
2105	1	92	0	1,2,3,4,5,6,7,8,9,10,11,12,13
2107	1	93	0	1,2,3,4,5,6,7,8,9,10,11,12,13
2110	68	96	0	1,2,3,4,5,6,7,8,9,10,11,12,13
2112	24	99	0	1,2,3,4,5,6,7,8,9,10,11,12,13
2113	24	98	0	2,4,6,8,10,12
2115	54	101	0	1,2,3,4,5,6,7,8,9,10,11,12,13
2117	73	104	0	1,2,3,4,5,6,7,8,9,10,11,12,13
2118	73	103	0	1,3,5,7,9,11,13
2120	2	106	0	1,2,3,4,5,6,7,8,9,10,11,12,13
2121	2	107	0	2,4,6,8,10,12
2123	2	111	0	1,2,3,4,5,6,7,8,9,10,11,12,13
2124	2	110	0	1,3,5,7,9,11,13
2126	51	114	0	1,2,3,4,5,6,7,8,9,10,11,12,13
2127	51	113	0	2,4,6,8,10,12
2129	2	115	0	1,2,3,4,5,6,7,8,9,10,11,12,13
2130	2	116	0	1,3,5,7,9,11,13
2132	61	118	0	1,2,3,4,5,6,7,8,9,10,11,12,13
2134	61	122	0	1,2,3,4,5,6,7,8,9,10,11,12,13
2135	61	121	0	1,2,3,4,5,6,7,8,9,10,11,12,13
2137	61	125	0	1,2,3,4,5,6,7,8,9,10,11,12,13
2138	61	123	0	1,3,5,7,9,11,13
2140	61	127	0	1,2,3,4,5,6,7,8,9,10,11,12,13
2161	36	195	0	2,3,4,5,6,7,8,9,10,11,12,13
2162	63	190	0	1,2,3,4,5,6,7,8,9,10,11,12,13
2163	36	191	0	1,3,5,7,9,11,13
2164	35	164	0	1,2,3,4,5,6,7,8,9,10,11,12,13
2165	35	165	0	1,2,3,4,5,6,7,8,9,10,11,12,13
2166	35	168	0	1,2,3,4,5,6,7,8,9,10,11,12,13
2167	35	169	0	1,2,3,4,5,6,7,8,9,10,11,12,13
2168	35	170	0	1,2,3,4,5,6,7,8,9,10,11,12,13
2169	35	171	0	1,2,3,4,5,6,7,8,9,10,11,12,13
2170	35	172	0	1,2,3,4,5,6,7,8,9,10,11,12,13
2171	35	173	0	1,2,3,4,5,6,7,8,9,10,11,12,13
2172	35	175	0	1,2,3,4,5,6,7,8,9,10,11,12,13
2173	35	174	0	1,2,3,4,5,6,7,8,9,10,11,12,13
2174	35	176	0	1,2,3,4,5,6,7,8,9,10,11,12,13
2175	35	177	0	1,2,3,4,5,6,7,8,9,10,11,12,13
2176	35	178	0	1,2,3,4,5,6,7,8,9,10,11,12,13
2177	35	179	0	1,2,3,4,5,6,7,8,9,10,11,12,13
2178	35	180	0	1,2,3,4,5,6,7,8,9,10,11,12,13
2179	35	181	0	1,2,3,4,5,6,7,8,9,10,11,12,13
2180	35	182	0	1,2,3,4,5,6,7,8,9,10,11,12,13
2181	35	183	0	1,2,3,4,5,6,7,8,9,10,11,12,13
2182	35	184	0	1,2,3,4,5,6,7,8,9,10,11,12,13
2183	35	185	0	1,2,3,4,5,6,7,8,9,10,11,12,13
2184	35	186	0	1,2,3,4,5,6,7,8,9,10,11,12,13
2185	35	187	0	1,2,3,4,5,6,7,8,9,10,11,12,13
2189	21	4	0	1,2,3,4,5,6,7,8,9,10,11,12,13
2190	21	5	0	2,4,6,8,10,12
2192	21	7	0	1,2,3,4,5,6,7,8,9,10,11,12,13
2193	21	8	0	1,2,3,4,5,6,7,8,9,10,11,12,13
2195	21	10	0	1,2,3,4,5,6,7,8,9,10,11,12,13
2197	1	13	0	1,2,3,4,5,6,7,8,9,10,11,12,13
2198	11	11	0	1,3,5,7,9,11,13
2200	11	15	0	1,2,3,4,5,6,7,8,9,10,11,12,13
2201	11	14	0	1,2,3,4,5,6,7,8,9,10,11,12,13
2203	11	17	0	1,2,3,4,5,6,7,8,9,10,11,12,13
2206	56	20	0	1,2,3,4,5,6,7,8,9,10,11,12,13
2208	69	23	0	1,2,3,4,5,6,7,8,9,10,11,12,13
2209	69	22	0	1,3,5,7,9,11,13
2211	69	27	0	1,2,3,4,5,6,7,8,9,10,11,12,13
2212	69	25	0	2,4,6,8,10,12
2214	69	29	0	1,2,3,4,5,6,7,8,9,10,11,12,13
2215	69	30	0	2,4,6,8,10,12
2217	69	31	0	1,2,3,4,5,6,7,8,9,10,11,12,13
2219	43	34	0	1,2,3,4,5,6,7,8,9,10,11,12,13
2220	43	35	0	1,3,5,7,9,11,13
2222	69	36	0	1,2,3,4,5,6,7,8,9,10,11,12,13
2223	69	37	0	1,3,5,7,9,11,13
2225	69	41	0	1,2,3,4,5,6,7,8,9,10,11,12,13
2226	69	39	0	1,2,3,4,5,6,7,8,9,10,11,12,13
2228	17	44	0	1,2,3,4,5,6,7,8,9,10,11,12,13
2229	17	43	0	1,2,3,4,5,6,7,8,9,10,11,12,13
2231	56	46	0	1,2,3,4,5,6,7,8,9,10,11,12,13
2232	56	47	0	1,3,5,7,9,11,13
2234	56	48	0	1,2,3,4,5,6,7,8,9,10,11,12,13
2235	56	49	0	2,4,6,8,10,12
2237	56	52	0	1,2,3,4,5,6,7,8,9,10,11,12,13
2238	56	53	0	2,4,6,8,10,12
2243	6	60	0	1,2,3,4,5,6,7,8,9,10,11,12,13
2244	6	61	0	1,2,3,4,5,6,7,8,9,10,11,12,13
2248	6	65	0	1,2,3,4,5,6,7,8,9,10,11,12,13
2250	6	67	0	1,2,3,4,5,6,7,8,9,10,11,12,13
2265	6	197	0	1,2,3,4,5,6,7,8,9,10,11,12,13
2266	6	201	0	1,2,3,4,5,6,7,8,9,10,11,12,13
2267	63	200	0	1,2,3,4,5,6,7,8,9,10,11,12,13
2269	29	202	0	1,2,3,4,5,6,7,8,9,10,11,12,13
2271	29	83	0	1,2,3,4,5,6,7,8,9,10,11,12,13
2272	29	84	0	1,2,3,4,5,6,7,8,9,10,11,12,13
2274	29	86	0	1,2,3,4,5,6,7,8,9,10,11,12,13
2276	1	87	0	1,2,3,4,5,6,7,8,9,10,11,12,13
2277	1	89	0	1,3,5,7,9,11,13
2279	1	90	0	1,2,3,4,5,6,7,8,9,10,11,12,13
2280	1	92	0	1,2,3,4,5,6,7,8,9,10,11,12,13
2282	1	93	0	1,2,3,4,5,6,7,8,9,10,11,12,13
2285	68	96	0	1,2,3,4,5,6,7,8,9,10,11,12,13
2287	24	99	0	1,2,3,4,5,6,7,8,9,10,11,12,13
2288	24	98	0	2,4,6,8,10,12
2290	54	101	0	1,2,3,4,5,6,7,8,9,10,11,12,13
2292	73	104	0	1,2,3,4,5,6,7,8,9,10,11,12,13
2293	73	103	0	1,3,5,7,9,11,13
2295	2	106	0	1,2,3,4,5,6,7,8,9,10,11,12,13
2296	2	107	0	2,4,6,8,10,12
2298	2	111	0	1,2,3,4,5,6,7,8,9,10,11,12,13
2299	2	110	0	1,3,5,7,9,11,13
2301	51	114	0	1,2,3,4,5,6,7,8,9,10,11,12,13
2302	51	113	0	2,4,6,8,10,12
2304	2	115	0	1,2,3,4,5,6,7,8,9,10,11,12,13
2305	2	116	0	1,3,5,7,9,11,13
2307	61	118	0	1,2,3,4,5,6,7,8,9,10,11,12,13
2309	61	122	0	1,2,3,4,5,6,7,8,9,10,11,12,13
2310	61	121	0	1,2,3,4,5,6,7,8,9,10,11,12,13
2312	61	125	0	1,2,3,4,5,6,7,8,9,10,11,12,13
2313	61	123	0	1,3,5,7,9,11,13
2315	61	127	0	1,2,3,4,5,6,7,8,9,10,11,12,13
2336	36	195	0	2,3,4,5,6,7,8,9,10,11,12,13
2337	63	190	0	1,2,3,4,5,6,7,8,9,10,11,12,13
2338	36	191	0	1,3,5,7,9,11,13
2339	35	164	0	1,2,3,4,5,6,7,8,9,10,11,12,13
2340	35	165	0	1,2,3,4,5,6,7,8,9,10,11,12,13
2341	35	168	0	1,2,3,4,5,6,7,8,9,10,11,12,13
2342	35	169	0	1,2,3,4,5,6,7,8,9,10,11,12,13
2343	35	170	0	1,2,3,4,5,6,7,8,9,10,11,12,13
2344	35	171	0	1,2,3,4,5,6,7,8,9,10,11,12,13
2345	35	172	0	1,2,3,4,5,6,7,8,9,10,11,12,13
2346	35	173	0	1,2,3,4,5,6,7,8,9,10,11,12,13
2347	35	175	0	1,2,3,4,5,6,7,8,9,10,11,12,13
2348	35	174	0	1,2,3,4,5,6,7,8,9,10,11,12,13
2349	35	176	0	1,2,3,4,5,6,7,8,9,10,11,12,13
2350	35	177	0	1,2,3,4,5,6,7,8,9,10,11,12,13
2351	35	178	0	1,2,3,4,5,6,7,8,9,10,11,12,13
2352	35	179	0	1,2,3,4,5,6,7,8,9,10,11,12,13
2353	35	180	0	1,2,3,4,5,6,7,8,9,10,11,12,13
2354	35	181	0	1,2,3,4,5,6,7,8,9,10,11,12,13
2355	35	182	0	1,2,3,4,5,6,7,8,9,10,11,12,13
2356	35	183	0	1,2,3,4,5,6,7,8,9,10,11,12,13
2357	35	184	0	1,2,3,4,5,6,7,8,9,10,11,12,13
2358	35	185	0	1,2,3,4,5,6,7,8,9,10,11,12,13
2359	35	186	0	1,2,3,4,5,6,7,8,9,10,11,12,13
2360	35	187	0	1,2,3,4,5,6,7,8,9,10,11,12,13
2364	21	4	0	1,2,3,4,5,6,7,8,9,10,11,12,13
2365	21	5	0	2,4,6,8,10,12
2367	21	7	0	1,2,3,4,5,6,7,8,9,10,11,12,13
2368	21	8	0	1,2,3,4,5,6,7,8,9,10,11,12,13
2370	21	10	0	1,2,3,4,5,6,7,8,9,10,11,12,13
2372	1	13	0	1,2,3,4,5,6,7,8,9,10,11,12,13
2373	11	11	0	1,3,5,7,9,11,13
2375	11	15	0	1,2,3,4,5,6,7,8,9,10,11,12,13
2376	11	14	0	1,2,3,4,5,6,7,8,9,10,11,12,13
2378	11	17	0	1,2,3,4,5,6,7,8,9,10,11,12,13
2381	56	20	0	1,2,3,4,5,6,7,8,9,10,11,12,13
2383	69	23	0	1,2,3,4,5,6,7,8,9,10,11,12,13
2384	69	22	0	1,3,5,7,9,11,13
2386	69	27	0	1,2,3,4,5,6,7,8,9,10,11,12,13
2387	69	25	0	2,4,6,8,10,12
2389	69	29	0	1,2,3,4,5,6,7,8,9,10,11,12,13
2390	69	30	0	2,4,6,8,10,12
2392	69	31	0	1,2,3,4,5,6,7,8,9,10,11,12,13
2394	43	34	0	1,2,3,4,5,6,7,8,9,10,11,12,13
2395	43	35	0	1,3,5,7,9,11,13
2397	69	36	0	1,2,3,4,5,6,7,8,9,10,11,12,13
2398	69	37	0	1,3,5,7,9,11,13
2400	69	41	0	1,2,3,4,5,6,7,8,9,10,11,12,13
2401	69	39	0	1,2,3,4,5,6,7,8,9,10,11,12,13
2403	17	44	0	1,2,3,4,5,6,7,8,9,10,11,12,13
2404	17	43	0	1,2,3,4,5,6,7,8,9,10,11,12,13
2406	56	46	0	1,2,3,4,5,6,7,8,9,10,11,12,13
2407	56	47	0	1,3,5,7,9,11,13
2409	56	48	0	1,2,3,4,5,6,7,8,9,10,11,12,13
2410	56	49	0	2,4,6,8,10,12
2412	56	52	0	1,2,3,4,5,6,7,8,9,10,11,12,13
2413	56	53	0	2,4,6,8,10,12
2418	6	60	0	1,2,3,4,5,6,7,8,9,10,11,12,13
2419	6	61	0	1,2,3,4,5,6,7,8,9,10,11,12,13
2423	6	65	0	1,2,3,4,5,6,7,8,9,10,11,12,13
2425	6	67	0	1,2,3,4,5,6,7,8,9,10,11,12,13
2440	6	197	0	1,2,3,4,5,6,7,8,9,10,11,12,13
2441	6	201	0	1,2,3,4,5,6,7,8,9,10,11,12,13
2442	63	200	0	1,2,3,4,5,6,7,8,9,10,11,12,13
2444	29	202	0	1,2,3,4,5,6,7,8,9,10,11,12,13
2446	29	83	0	1,2,3,4,5,6,7,8,9,10,11,12,13
2447	29	84	0	1,2,3,4,5,6,7,8,9,10,11,12,13
2449	29	86	0	1,2,3,4,5,6,7,8,9,10,11,12,13
2451	1	87	0	1,2,3,4,5,6,7,8,9,10,11,12,13
2452	1	89	0	1,3,5,7,9,11,13
2454	1	90	0	1,2,3,4,5,6,7,8,9,10,11,12,13
2455	1	92	0	1,2,3,4,5,6,7,8,9,10,11,12,13
2457	1	93	0	1,2,3,4,5,6,7,8,9,10,11,12,13
2460	68	96	0	1,2,3,4,5,6,7,8,9,10,11,12,13
2462	24	99	0	1,2,3,4,5,6,7,8,9,10,11,12,13
2463	24	98	0	2,4,6,8,10,12
2465	54	101	0	1,2,3,4,5,6,7,8,9,10,11,12,13
2467	73	104	0	1,2,3,4,5,6,7,8,9,10,11,12,13
2468	73	103	0	1,3,5,7,9,11,13
2470	2	106	0	1,2,3,4,5,6,7,8,9,10,11,12,13
2471	2	107	0	2,4,6,8,10,12
2473	2	111	0	1,2,3,4,5,6,7,8,9,10,11,12,13
2474	2	110	0	1,3,5,7,9,11,13
2476	51	114	0	1,2,3,4,5,6,7,8,9,10,11,12,13
2477	51	113	0	2,4,6,8,10,12
2479	2	115	0	1,2,3,4,5,6,7,8,9,10,11,12,13
2480	2	116	0	1,3,5,7,9,11,13
2482	61	118	0	1,2,3,4,5,6,7,8,9,10,11,12,13
2484	61	122	0	1,2,3,4,5,6,7,8,9,10,11,12,13
2485	61	121	0	1,2,3,4,5,6,7,8,9,10,11,12,13
2487	61	125	0	1,2,3,4,5,6,7,8,9,10,11,12,13
2488	61	123	0	1,3,5,7,9,11,13
2490	61	127	0	1,2,3,4,5,6,7,8,9,10,11,12,13
2511	36	195	0	2,3,4,5,6,7,8,9,10,11,12,13
2512	63	190	0	1,2,3,4,5,6,7,8,9,10,11,12,13
2513	36	191	0	1,3,5,7,9,11,13
2514	35	164	0	1,2,3,4,5,6,7,8,9,10,11,12,13
2515	35	165	0	1,2,3,4,5,6,7,8,9,10,11,12,13
2516	35	168	0	1,2,3,4,5,6,7,8,9,10,11,12,13
2517	35	169	0	1,2,3,4,5,6,7,8,9,10,11,12,13
2518	35	170	0	1,2,3,4,5,6,7,8,9,10,11,12,13
2519	35	171	0	1,2,3,4,5,6,7,8,9,10,11,12,13
2520	35	172	0	1,2,3,4,5,6,7,8,9,10,11,12,13
2521	35	173	0	1,2,3,4,5,6,7,8,9,10,11,12,13
2522	35	175	0	1,2,3,4,5,6,7,8,9,10,11,12,13
2523	35	174	0	1,2,3,4,5,6,7,8,9,10,11,12,13
2524	35	176	0	1,2,3,4,5,6,7,8,9,10,11,12,13
2525	35	177	0	1,2,3,4,5,6,7,8,9,10,11,12,13
2526	35	178	0	1,2,3,4,5,6,7,8,9,10,11,12,13
2527	35	179	0	1,2,3,4,5,6,7,8,9,10,11,12,13
2528	35	180	0	1,2,3,4,5,6,7,8,9,10,11,12,13
2529	35	181	0	1,2,3,4,5,6,7,8,9,10,11,12,13
2530	35	182	0	1,2,3,4,5,6,7,8,9,10,11,12,13
2531	35	183	0	1,2,3,4,5,6,7,8,9,10,11,12,13
2532	35	184	0	1,2,3,4,5,6,7,8,9,10,11,12,13
2533	35	185	0	1,2,3,4,5,6,7,8,9,10,11,12,13
2534	35	186	0	1,2,3,4,5,6,7,8,9,10,11,12,13
2535	35	187	0	1,2,3,4,5,6,7,8,9,10,11,12,13
2539	21	4	0	1,2,3,4,5,6,7,8,9,10,11,12,13
2540	21	5	0	2,4,6,8,10,12
2542	21	7	0	1,2,3,4,5,6,7,8,9,10,11,12,13
2543	21	8	0	1,2,3,4,5,6,7,8,9,10,11,12,13
2545	21	10	0	1,2,3,4,5,6,7,8,9,10,11,12,13
2547	1	13	0	1,2,3,4,5,6,7,8,9,10,11,12,13
2548	11	11	0	1,3,5,7,9,11,13
2550	11	15	0	1,2,3,4,5,6,7,8,9,10,11,12,13
2551	11	14	0	1,2,3,4,5,6,7,8,9,10,11,12,13
2553	11	17	0	1,2,3,4,5,6,7,8,9,10,11,12,13
2556	56	20	0	1,2,3,4,5,6,7,8,9,10,11,12,13
2558	69	23	0	1,2,3,4,5,6,7,8,9,10,11,12,13
2559	69	22	0	1,3,5,7,9,11,13
2561	69	27	0	1,2,3,4,5,6,7,8,9,10,11,12,13
2562	69	25	0	2,4,6,8,10,12
2564	69	29	0	1,2,3,4,5,6,7,8,9,10,11,12,13
2565	69	30	0	2,4,6,8,10,12
2567	69	31	0	1,2,3,4,5,6,7,8,9,10,11,12,13
2569	43	34	0	1,2,3,4,5,6,7,8,9,10,11,12,13
2570	43	35	0	1,3,5,7,9,11,13
2572	69	36	0	1,2,3,4,5,6,7,8,9,10,11,12,13
2573	69	37	0	1,3,5,7,9,11,13
2575	69	41	0	1,2,3,4,5,6,7,8,9,10,11,12,13
2576	69	39	0	1,2,3,4,5,6,7,8,9,10,11,12,13
2578	17	44	0	1,2,3,4,5,6,7,8,9,10,11,12,13
2579	17	43	0	1,2,3,4,5,6,7,8,9,10,11,12,13
2581	56	46	0	1,2,3,4,5,6,7,8,9,10,11,12,13
2582	56	47	0	1,3,5,7,9,11,13
2584	56	48	0	1,2,3,4,5,6,7,8,9,10,11,12,13
2585	56	49	0	2,4,6,8,10,12
2587	56	52	0	1,2,3,4,5,6,7,8,9,10,11,12,13
2588	56	53	0	2,4,6,8,10,12
2593	6	60	0	1,2,3,4,5,6,7,8,9,10,11,12,13
2594	6	61	0	1,2,3,4,5,6,7,8,9,10,11,12,13
2598	6	65	0	1,2,3,4,5,6,7,8,9,10,11,12,13
2600	6	67	0	1,2,3,4,5,6,7,8,9,10,11,12,13
2615	6	197	0	1,2,3,4,5,6,7,8,9,10,11,12,13
2616	6	201	0	1,2,3,4,5,6,7,8,9,10,11,12,13
2617	63	200	0	1,2,3,4,5,6,7,8,9,10,11,12,13
2619	29	202	0	1,2,3,4,5,6,7,8,9,10,11,12,13
2621	29	83	0	1,2,3,4,5,6,7,8,9,10,11,12,13
2622	29	84	0	1,2,3,4,5,6,7,8,9,10,11,12,13
2624	29	86	0	1,2,3,4,5,6,7,8,9,10,11,12,13
2626	1	87	0	1,2,3,4,5,6,7,8,9,10,11,12,13
2627	1	89	0	1,3,5,7,9,11,13
2629	1	90	0	1,2,3,4,5,6,7,8,9,10,11,12,13
2630	1	92	0	1,2,3,4,5,6,7,8,9,10,11,12,13
2632	1	93	0	1,2,3,4,5,6,7,8,9,10,11,12,13
2635	68	96	0	1,2,3,4,5,6,7,8,9,10,11,12,13
2637	24	99	0	1,2,3,4,5,6,7,8,9,10,11,12,13
2638	24	98	0	2,4,6,8,10,12
2640	54	101	0	1,2,3,4,5,6,7,8,9,10,11,12,13
2642	73	104	0	1,2,3,4,5,6,7,8,9,10,11,12,13
2643	73	103	0	1,3,5,7,9,11,13
2645	2	106	0	1,2,3,4,5,6,7,8,9,10,11,12,13
2646	2	107	0	2,4,6,8,10,12
2648	2	111	0	1,2,3,4,5,6,7,8,9,10,11,12,13
2649	2	110	0	1,3,5,7,9,11,13
2651	51	114	0	1,2,3,4,5,6,7,8,9,10,11,12,13
2652	51	113	0	2,4,6,8,10,12
2654	2	115	0	1,2,3,4,5,6,7,8,9,10,11,12,13
2655	2	116	0	1,3,5,7,9,11,13
2657	61	118	0	1,2,3,4,5,6,7,8,9,10,11,12,13
2659	61	122	0	1,2,3,4,5,6,7,8,9,10,11,12,13
2660	61	121	0	1,2,3,4,5,6,7,8,9,10,11,12,13
2662	61	125	0	1,2,3,4,5,6,7,8,9,10,11,12,13
2663	61	123	0	1,3,5,7,9,11,13
2665	61	127	0	1,2,3,4,5,6,7,8,9,10,11,12,13
2686	36	195	0	2,3,4,5,6,7,8,9,10,11,12,13
2687	63	190	0	1,2,3,4,5,6,7,8,9,10,11,12,13
2688	36	191	0	1,3,5,7,9,11,13
2689	35	164	0	1,2,3,4,5,6,7,8,9,10,11,12,13
2690	35	165	0	1,2,3,4,5,6,7,8,9,10,11,12,13
2691	35	168	0	1,2,3,4,5,6,7,8,9,10,11,12,13
2692	35	169	0	1,2,3,4,5,6,7,8,9,10,11,12,13
2693	35	170	0	1,2,3,4,5,6,7,8,9,10,11,12,13
2694	35	171	0	1,2,3,4,5,6,7,8,9,10,11,12,13
2695	35	172	0	1,2,3,4,5,6,7,8,9,10,11,12,13
2696	35	173	0	1,2,3,4,5,6,7,8,9,10,11,12,13
2697	35	175	0	1,2,3,4,5,6,7,8,9,10,11,12,13
2698	35	174	0	1,2,3,4,5,6,7,8,9,10,11,12,13
2699	35	176	0	1,2,3,4,5,6,7,8,9,10,11,12,13
2700	35	177	0	1,2,3,4,5,6,7,8,9,10,11,12,13
2701	35	178	0	1,2,3,4,5,6,7,8,9,10,11,12,13
2702	35	179	0	1,2,3,4,5,6,7,8,9,10,11,12,13
2703	35	180	0	1,2,3,4,5,6,7,8,9,10,11,12,13
2704	35	181	0	1,2,3,4,5,6,7,8,9,10,11,12,13
2705	35	182	0	1,2,3,4,5,6,7,8,9,10,11,12,13
2706	35	183	0	1,2,3,4,5,6,7,8,9,10,11,12,13
2707	35	184	0	1,2,3,4,5,6,7,8,9,10,11,12,13
2708	35	185	0	1,2,3,4,5,6,7,8,9,10,11,12,13
2709	35	186	0	1,2,3,4,5,6,7,8,9,10,11,12,13
2710	35	187	0	1,2,3,4,5,6,7,8,9,10,11,12,13
2714	21	4	0	1,2,3,4,5,6,7,8,9,10,11,12,13
2715	21	5	0	2,4,6,8,10,12
2717	21	7	0	1,2,3,4,5,6,7,8,9,10,11,12,13
2718	21	8	0	1,2,3,4,5,6,7,8,9,10,11,12,13
2720	21	10	0	1,2,3,4,5,6,7,8,9,10,11,12,13
2722	1	13	0	1,2,3,4,5,6,7,8,9,10,11,12,13
2723	11	11	0	1,3,5,7,9,11,13
2725	11	15	0	1,2,3,4,5,6,7,8,9,10,11,12,13
2726	11	14	0	1,2,3,4,5,6,7,8,9,10,11,12,13
2728	11	17	0	1,2,3,4,5,6,7,8,9,10,11,12,13
2731	56	20	0	1,2,3,4,5,6,7,8,9,10,11,12,13
2733	69	23	0	1,2,3,4,5,6,7,8,9,10,11,12,13
2734	69	22	0	1,3,5,7,9,11,13
2736	69	27	0	1,2,3,4,5,6,7,8,9,10,11,12,13
2737	69	25	0	2,4,6,8,10,12
2739	69	29	0	1,2,3,4,5,6,7,8,9,10,11,12,13
2740	69	30	0	2,4,6,8,10,12
2742	69	31	0	1,2,3,4,5,6,7,8,9,10,11,12,13
2744	43	34	0	1,2,3,4,5,6,7,8,9,10,11,12,13
2745	43	35	0	1,3,5,7,9,11,13
2747	69	36	0	1,2,3,4,5,6,7,8,9,10,11,12,13
2748	69	37	0	1,3,5,7,9,11,13
2750	69	41	0	1,2,3,4,5,6,7,8,9,10,11,12,13
2751	69	39	0	1,2,3,4,5,6,7,8,9,10,11,12,13
2753	17	44	0	1,2,3,4,5,6,7,8,9,10,11,12,13
2754	17	43	0	1,2,3,4,5,6,7,8,9,10,11,12,13
2756	56	46	0	1,2,3,4,5,6,7,8,9,10,11,12,13
2757	56	47	0	1,3,5,7,9,11,13
2759	56	48	0	1,2,3,4,5,6,7,8,9,10,11,12,13
2760	56	49	0	2,4,6,8,10,12
2762	56	52	0	1,2,3,4,5,6,7,8,9,10,11,12,13
2763	56	53	0	2,4,6,8,10,12
2768	6	60	0	1,2,3,4,5,6,7,8,9,10,11,12,13
2769	6	61	0	1,2,3,4,5,6,7,8,9,10,11,12,13
2773	6	65	0	1,2,3,4,5,6,7,8,9,10,11,12,13
2775	6	67	0	1,2,3,4,5,6,7,8,9,10,11,12,13
2790	6	197	0	1,2,3,4,5,6,7,8,9,10,11,12,13
2791	6	201	0	1,2,3,4,5,6,7,8,9,10,11,12,13
2792	63	200	0	1,2,3,4,5,6,7,8,9,10,11,12,13
2794	29	202	0	1,2,3,4,5,6,7,8,9,10,11,12,13
2796	29	83	0	1,2,3,4,5,6,7,8,9,10,11,12,13
2797	29	84	0	1,2,3,4,5,6,7,8,9,10,11,12,13
2799	29	86	0	1,2,3,4,5,6,7,8,9,10,11,12,13
2801	1	87	0	1,2,3,4,5,6,7,8,9,10,11,12,13
2802	1	89	0	1,3,5,7,9,11,13
2804	1	90	0	1,2,3,4,5,6,7,8,9,10,11,12,13
2805	1	92	0	1,2,3,4,5,6,7,8,9,10,11,12,13
2807	1	93	0	1,2,3,4,5,6,7,8,9,10,11,12,13
2810	68	96	0	1,2,3,4,5,6,7,8,9,10,11,12,13
2812	24	99	0	1,2,3,4,5,6,7,8,9,10,11,12,13
2813	24	98	0	2,4,6,8,10,12
2815	54	101	0	1,2,3,4,5,6,7,8,9,10,11,12,13
2817	73	104	0	1,2,3,4,5,6,7,8,9,10,11,12,13
2818	73	103	0	1,3,5,7,9,11,13
2820	2	106	0	1,2,3,4,5,6,7,8,9,10,11,12,13
2821	2	107	0	2,4,6,8,10,12
2823	2	111	0	1,2,3,4,5,6,7,8,9,10,11,12,13
2824	2	110	0	1,3,5,7,9,11,13
2826	51	114	0	1,2,3,4,5,6,7,8,9,10,11,12,13
2827	51	113	0	2,4,6,8,10,12
2829	2	115	0	1,2,3,4,5,6,7,8,9,10,11,12,13
2830	2	116	0	1,3,5,7,9,11,13
2832	61	118	0	1,2,3,4,5,6,7,8,9,10,11,12,13
2834	61	122	0	1,2,3,4,5,6,7,8,9,10,11,12,13
2835	61	121	0	1,2,3,4,5,6,7,8,9,10,11,12,13
2837	61	125	0	1,2,3,4,5,6,7,8,9,10,11,12,13
2838	61	123	0	1,3,5,7,9,11,13
2840	61	127	0	1,2,3,4,5,6,7,8,9,10,11,12,13
2861	36	195	0	2,3,4,5,6,7,8,9,10,11,12,13
2862	63	190	0	1,2,3,4,5,6,7,8,9,10,11,12,13
2863	36	191	0	1,3,5,7,9,11,13
2864	35	164	0	1,2,3,4,5,6,7,8,9,10,11,12,13
2865	35	165	0	1,2,3,4,5,6,7,8,9,10,11,12,13
2866	35	168	0	1,2,3,4,5,6,7,8,9,10,11,12,13
2867	35	169	0	1,2,3,4,5,6,7,8,9,10,11,12,13
2868	35	170	0	1,2,3,4,5,6,7,8,9,10,11,12,13
2869	35	171	0	1,2,3,4,5,6,7,8,9,10,11,12,13
2870	35	172	0	1,2,3,4,5,6,7,8,9,10,11,12,13
2871	35	173	0	1,2,3,4,5,6,7,8,9,10,11,12,13
2872	35	175	0	1,2,3,4,5,6,7,8,9,10,11,12,13
2873	35	174	0	1,2,3,4,5,6,7,8,9,10,11,12,13
2874	35	176	0	1,2,3,4,5,6,7,8,9,10,11,12,13
2875	35	177	0	1,2,3,4,5,6,7,8,9,10,11,12,13
2876	35	178	0	1,2,3,4,5,6,7,8,9,10,11,12,13
2877	35	179	0	1,2,3,4,5,6,7,8,9,10,11,12,13
2878	35	180	0	1,2,3,4,5,6,7,8,9,10,11,12,13
2879	35	181	0	1,2,3,4,5,6,7,8,9,10,11,12,13
2880	35	182	0	1,2,3,4,5,6,7,8,9,10,11,12,13
2881	35	183	0	1,2,3,4,5,6,7,8,9,10,11,12,13
2882	35	184	0	1,2,3,4,5,6,7,8,9,10,11,12,13
2883	35	185	0	1,2,3,4,5,6,7,8,9,10,11,12,13
2884	35	186	0	1,2,3,4,5,6,7,8,9,10,11,12,13
2885	35	187	0	1,2,3,4,5,6,7,8,9,10,11,12,13
2889	21	4	0	1,2,3,4,5,6,7,8,9,10,11,12,13
2890	21	5	0	2,4,6,8,10,12
2892	21	7	0	1,2,3,4,5,6,7,8,9,10,11,12,13
2893	21	8	0	1,2,3,4,5,6,7,8,9,10,11,12,13
2895	21	10	0	1,2,3,4,5,6,7,8,9,10,11,12,13
2897	1	13	0	1,2,3,4,5,6,7,8,9,10,11,12,13
2898	11	11	0	1,3,5,7,9,11,13
2900	11	15	0	1,2,3,4,5,6,7,8,9,10,11,12,13
2901	11	14	0	1,2,3,4,5,6,7,8,9,10,11,12,13
2903	11	17	0	1,2,3,4,5,6,7,8,9,10,11,12,13
2906	56	20	0	1,2,3,4,5,6,7,8,9,10,11,12,13
2908	69	23	0	1,2,3,4,5,6,7,8,9,10,11,12,13
2909	69	22	0	1,3,5,7,9,11,13
2911	69	27	0	1,2,3,4,5,6,7,8,9,10,11,12,13
2912	69	25	0	2,4,6,8,10,12
2914	69	29	0	1,2,3,4,5,6,7,8,9,10,11,12,13
2915	69	30	0	2,4,6,8,10,12
2917	69	31	0	1,2,3,4,5,6,7,8,9,10,11,12,13
2919	43	34	0	1,2,3,4,5,6,7,8,9,10,11,12,13
2920	43	35	0	1,3,5,7,9,11,13
2922	69	36	0	1,2,3,4,5,6,7,8,9,10,11,12,13
2923	69	37	0	1,3,5,7,9,11,13
2925	69	41	0	1,2,3,4,5,6,7,8,9,10,11,12,13
2926	69	39	0	1,2,3,4,5,6,7,8,9,10,11,12,13
2928	17	44	0	1,2,3,4,5,6,7,8,9,10,11,12,13
2929	17	43	0	1,2,3,4,5,6,7,8,9,10,11,12,13
2931	56	46	0	1,2,3,4,5,6,7,8,9,10,11,12,13
2932	56	47	0	1,3,5,7,9,11,13
2934	56	48	0	1,2,3,4,5,6,7,8,9,10,11,12,13
2935	56	49	0	2,4,6,8,10,12
2937	56	52	0	1,2,3,4,5,6,7,8,9,10,11,12,13
2938	56	53	0	2,4,6,8,10,12
2943	6	60	0	1,2,3,4,5,6,7,8,9,10,11,12,13
2944	6	61	0	1,2,3,4,5,6,7,8,9,10,11,12,13
2948	6	65	0	1,2,3,4,5,6,7,8,9,10,11,12,13
2950	6	67	0	1,2,3,4,5,6,7,8,9,10,11,12,13
2965	6	197	0	1,2,3,4,5,6,7,8,9,10,11,12,13
2966	6	201	0	1,2,3,4,5,6,7,8,9,10,11,12,13
2967	63	200	0	1,2,3,4,5,6,7,8,9,10,11,12,13
2969	29	202	0	1,2,3,4,5,6,7,8,9,10,11,12,13
2971	29	83	0	1,2,3,4,5,6,7,8,9,10,11,12,13
2972	29	84	0	1,2,3,4,5,6,7,8,9,10,11,12,13
2974	29	86	0	1,2,3,4,5,6,7,8,9,10,11,12,13
2976	1	87	0	1,2,3,4,5,6,7,8,9,10,11,12,13
2977	1	89	0	1,3,5,7,9,11,13
2979	1	90	0	1,2,3,4,5,6,7,8,9,10,11,12,13
2980	1	92	0	1,2,3,4,5,6,7,8,9,10,11,12,13
2982	1	93	0	1,2,3,4,5,6,7,8,9,10,11,12,13
2985	68	96	0	1,2,3,4,5,6,7,8,9,10,11,12,13
2987	24	99	0	1,2,3,4,5,6,7,8,9,10,11,12,13
2988	24	98	0	2,4,6,8,10,12
2990	54	101	0	1,2,3,4,5,6,7,8,9,10,11,12,13
2992	73	104	0	1,2,3,4,5,6,7,8,9,10,11,12,13
2993	73	103	0	1,3,5,7,9,11,13
2995	2	106	0	1,2,3,4,5,6,7,8,9,10,11,12,13
2996	2	107	0	2,4,6,8,10,12
2998	2	111	0	1,2,3,4,5,6,7,8,9,10,11,12,13
2999	2	110	0	1,3,5,7,9,11,13
3001	51	114	0	1,2,3,4,5,6,7,8,9,10,11,12,13
3002	51	113	0	2,4,6,8,10,12
3004	2	115	0	1,2,3,4,5,6,7,8,9,10,11,12,13
3005	2	116	0	1,3,5,7,9,11,13
3007	61	118	0	1,2,3,4,5,6,7,8,9,10,11,12,13
3009	61	122	0	1,2,3,4,5,6,7,8,9,10,11,12,13
3010	61	121	0	1,2,3,4,5,6,7,8,9,10,11,12,13
3012	61	125	0	1,2,3,4,5,6,7,8,9,10,11,12,13
3013	61	123	0	1,3,5,7,9,11,13
3015	61	127	0	1,2,3,4,5,6,7,8,9,10,11,12,13
3036	36	195	0	2,3,4,5,6,7,8,9,10,11,12,13
3037	63	190	0	1,2,3,4,5,6,7,8,9,10,11,12,13
3038	36	191	0	1,3,5,7,9,11,13
3039	35	164	0	1,2,3,4,5,6,7,8,9,10,11,12,13
3040	35	165	0	1,2,3,4,5,6,7,8,9,10,11,12,13
3041	35	168	0	1,2,3,4,5,6,7,8,9,10,11,12,13
3042	35	169	0	1,2,3,4,5,6,7,8,9,10,11,12,13
3043	35	170	0	1,2,3,4,5,6,7,8,9,10,11,12,13
3044	35	171	0	1,2,3,4,5,6,7,8,9,10,11,12,13
3045	35	172	0	1,2,3,4,5,6,7,8,9,10,11,12,13
3046	35	173	0	1,2,3,4,5,6,7,8,9,10,11,12,13
3047	35	175	0	1,2,3,4,5,6,7,8,9,10,11,12,13
3048	35	174	0	1,2,3,4,5,6,7,8,9,10,11,12,13
3049	35	176	0	1,2,3,4,5,6,7,8,9,10,11,12,13
3050	35	177	0	1,2,3,4,5,6,7,8,9,10,11,12,13
3051	35	178	0	1,2,3,4,5,6,7,8,9,10,11,12,13
3052	35	179	0	1,2,3,4,5,6,7,8,9,10,11,12,13
3053	35	180	0	1,2,3,4,5,6,7,8,9,10,11,12,13
3054	35	181	0	1,2,3,4,5,6,7,8,9,10,11,12,13
3055	35	182	0	1,2,3,4,5,6,7,8,9,10,11,12,13
3056	35	183	0	1,2,3,4,5,6,7,8,9,10,11,12,13
3057	35	184	0	1,2,3,4,5,6,7,8,9,10,11,12,13
3058	35	185	0	1,2,3,4,5,6,7,8,9,10,11,12,13
3059	35	186	0	1,2,3,4,5,6,7,8,9,10,11,12,13
3060	35	187	0	1,2,3,4,5,6,7,8,9,10,11,12,13
3064	21	4	0	1,2,3,4,5,6,7,8,9,10,11,12,13
3065	21	5	0	2,4,6,8,10,12
3067	21	7	0	1,2,3,4,5,6,7,8,9,10,11,12,13
3068	21	8	0	1,2,3,4,5,6,7,8,9,10,11,12,13
3070	21	10	0	1,2,3,4,5,6,7,8,9,10,11,12,13
3072	1	13	0	1,2,3,4,5,6,7,8,9,10,11,12,13
3073	11	11	0	1,3,5,7,9,11,13
3075	11	15	0	1,2,3,4,5,6,7,8,9,10,11,12,13
3076	11	14	0	1,2,3,4,5,6,7,8,9,10,11,12,13
3078	11	17	0	1,2,3,4,5,6,7,8,9,10,11,12,13
3081	56	20	0	1,2,3,4,5,6,7,8,9,10,11,12,13
3083	69	23	0	1,2,3,4,5,6,7,8,9,10,11,12,13
3084	69	22	0	1,3,5,7,9,11,13
3086	69	27	0	1,2,3,4,5,6,7,8,9,10,11,12,13
3087	69	25	0	2,4,6,8,10,12
3089	69	29	0	1,2,3,4,5,6,7,8,9,10,11,12,13
3090	69	30	0	2,4,6,8,10,12
3092	69	31	0	1,2,3,4,5,6,7,8,9,10,11,12,13
3094	43	34	0	1,2,3,4,5,6,7,8,9,10,11,12,13
3095	43	35	0	1,3,5,7,9,11,13
3097	69	36	0	1,2,3,4,5,6,7,8,9,10,11,12,13
3098	69	37	0	1,3,5,7,9,11,13
3100	69	41	0	1,2,3,4,5,6,7,8,9,10,11,12,13
3101	69	39	0	1,2,3,4,5,6,7,8,9,10,11,12,13
3103	17	44	0	1,2,3,4,5,6,7,8,9,10,11,12,13
3104	17	43	0	1,2,3,4,5,6,7,8,9,10,11,12,13
3106	56	46	0	1,2,3,4,5,6,7,8,9,10,11,12,13
3107	56	47	0	1,3,5,7,9,11,13
3109	56	48	0	1,2,3,4,5,6,7,8,9,10,11,12,13
3110	56	49	0	2,4,6,8,10,12
3112	56	52	0	1,2,3,4,5,6,7,8,9,10,11,12,13
3113	56	53	0	2,4,6,8,10,12
3118	6	60	0	1,2,3,4,5,6,7,8,9,10,11,12,13
3119	6	61	0	1,2,3,4,5,6,7,8,9,10,11,12,13
3123	6	65	0	1,2,3,4,5,6,7,8,9,10,11,12,13
3125	6	67	0	1,2,3,4,5,6,7,8,9,10,11,12,13
3140	6	197	0	1,2,3,4,5,6,7,8,9,10,11,12,13
3141	6	201	0	1,2,3,4,5,6,7,8,9,10,11,12,13
3142	63	200	0	1,2,3,4,5,6,7,8,9,10,11,12,13
3144	29	202	0	1,2,3,4,5,6,7,8,9,10,11,12,13
3146	29	83	0	1,2,3,4,5,6,7,8,9,10,11,12,13
3147	29	84	0	1,2,3,4,5,6,7,8,9,10,11,12,13
3149	29	86	0	1,2,3,4,5,6,7,8,9,10,11,12,13
3151	1	87	0	1,2,3,4,5,6,7,8,9,10,11,12,13
3152	1	89	0	1,3,5,7,9,11,13
3154	1	90	0	1,2,3,4,5,6,7,8,9,10,11,12,13
3155	1	92	0	1,2,3,4,5,6,7,8,9,10,11,12,13
3157	1	93	0	1,2,3,4,5,6,7,8,9,10,11,12,13
3160	68	96	0	1,2,3,4,5,6,7,8,9,10,11,12,13
3162	24	99	0	1,2,3,4,5,6,7,8,9,10,11,12,13
3163	24	98	0	2,4,6,8,10,12
3165	54	101	0	1,2,3,4,5,6,7,8,9,10,11,12,13
3167	73	104	0	1,2,3,4,5,6,7,8,9,10,11,12,13
3168	73	103	0	1,3,5,7,9,11,13
3170	2	106	0	1,2,3,4,5,6,7,8,9,10,11,12,13
3171	2	107	0	2,4,6,8,10,12
3173	2	111	0	1,2,3,4,5,6,7,8,9,10,11,12,13
3174	2	110	0	1,3,5,7,9,11,13
3176	51	114	0	1,2,3,4,5,6,7,8,9,10,11,12,13
3177	51	113	0	2,4,6,8,10,12
3179	2	115	0	1,2,3,4,5,6,7,8,9,10,11,12,13
3180	2	116	0	1,3,5,7,9,11,13
3182	61	118	0	1,2,3,4,5,6,7,8,9,10,11,12,13
3184	61	122	0	1,2,3,4,5,6,7,8,9,10,11,12,13
3185	61	121	0	1,2,3,4,5,6,7,8,9,10,11,12,13
3187	61	125	0	1,2,3,4,5,6,7,8,9,10,11,12,13
3188	61	123	0	1,3,5,7,9,11,13
3190	61	127	0	1,2,3,4,5,6,7,8,9,10,11,12,13
3211	36	195	0	2,3,4,5,6,7,8,9,10,11,12,13
3212	63	190	0	1,2,3,4,5,6,7,8,9,10,11,12,13
3213	36	191	0	1,3,5,7,9,11,13
3214	35	164	0	1,2,3,4,5,6,7,8,9,10,11,12,13
3215	35	165	0	1,2,3,4,5,6,7,8,9,10,11,12,13
3216	35	168	0	1,2,3,4,5,6,7,8,9,10,11,12,13
3217	35	169	0	1,2,3,4,5,6,7,8,9,10,11,12,13
3218	35	170	0	1,2,3,4,5,6,7,8,9,10,11,12,13
3219	35	171	0	1,2,3,4,5,6,7,8,9,10,11,12,13
3220	35	172	0	1,2,3,4,5,6,7,8,9,10,11,12,13
3221	35	173	0	1,2,3,4,5,6,7,8,9,10,11,12,13
3222	35	175	0	1,2,3,4,5,6,7,8,9,10,11,12,13
3223	35	174	0	1,2,3,4,5,6,7,8,9,10,11,12,13
3224	35	176	0	1,2,3,4,5,6,7,8,9,10,11,12,13
3225	35	177	0	1,2,3,4,5,6,7,8,9,10,11,12,13
3226	35	178	0	1,2,3,4,5,6,7,8,9,10,11,12,13
3227	35	179	0	1,2,3,4,5,6,7,8,9,10,11,12,13
3228	35	180	0	1,2,3,4,5,6,7,8,9,10,11,12,13
3229	35	181	0	1,2,3,4,5,6,7,8,9,10,11,12,13
3230	35	182	0	1,2,3,4,5,6,7,8,9,10,11,12,13
3231	35	183	0	1,2,3,4,5,6,7,8,9,10,11,12,13
3232	35	184	0	1,2,3,4,5,6,7,8,9,10,11,12,13
3233	35	185	0	1,2,3,4,5,6,7,8,9,10,11,12,13
3234	35	186	0	1,2,3,4,5,6,7,8,9,10,11,12,13
3235	35	187	0	1,2,3,4,5,6,7,8,9,10,11,12,13
