1	220	3	LT1A	52	Weekly	1,2,3,4,5,6,7,8,9,10,11,12,13
2	220	3	LT1A	32	Weekly	1,2,3,4,5,6,7,8,9,10,11,12,13
3	220	3	LT1A	33	Weekly	1,2,3,4,5,6,7,8,9,10,11,12,13
4	167	2	LT2A	4	Weekly	1,2,3,4,5,6,7,8,9,10,11,12,13
5	167	2	LT2A	45	Weekly	1,2,3,4,5,6,7,8,9,10,11,12,13
6	169	179	C&I	51	Odd	1,3,5,7,9,11,13
7	169	179	C&I	52	Odd	1,3,5,7,9,11,13
8	169	176	C&I	37	Even	2,4,6,8,10,12
9	169	176	C&I	38	Even	2,4,6,8,10,12
10	169	173	C&I	23	Odd	1,3,5,7,9,11,13
11	169	173	C&I	24	Odd	1,3,5,7,9,11,13
12	169	97	C&I	57	Odd	1,3,5,7,9,11,13
13	169	97	C&I	58	Odd	1,3,5,7,9,11,13
14	169	19	C&I	63	Odd	1,3,5,7,9,11,13
15	169	19	C&I	64	Odd	1,3,5,7,9,11,13
16	169	14	C&I	29	Even	2,4,6,8,10,12
17	169	14	C&I	30	Even	2,4,6,8,10,12
18	169	98	C&I	57	Even	2,4,6,8,10,12
19	169	98	C&I	58	Even	2,4,6,8,10,12
20	169	18	C&I	29	Odd	1,3,5,7,9,11,13
21	169	18	C&I	30	Odd	1,3,5,7,9,11,13
22	169	26	C&I	43	Even	2,4,6,8,10,12
23	169	26	C&I	44	Even	2,4,6,8,10,12
24	169	20	C&I	63	Even	2,4,6,8,10,12
25	169	20	C&I	64	Even	2,4,6,8,10,12
26	168	97	TR12	44	Weekly	1,2,3,4,5,6,7,8,9,10,11,12,13
27	168	14	TR+37	8	Weekly	1,2,3,4,5,6,7,8,9,10,11,12,13
28	168	20	TR+37	32	Weekly	1,2,3,4,5,6,7,8,9,10,11,12,13
29	168	19	TR+37	31	Weekly	1,2,3,4,5,6,7,8,9,10,11,12,13
30	168	26	TR10	21	Weekly	1,2,3,4,5,6,7,8,9,10,11,12,13
31	168	18	TR12	7	Weekly	1,2,3,4,5,6,7,8,9,10,11,12,13
32	168	98	TR11	2	Weekly	1,2,3,4,5,6,7,8,9,10,11,12,13
33	171	19	TR+37	60	Weekly	1,2,3,4,5,6,7,8,9,10,11,12,13
34	172	176	ELE	37	Odd	1,3,5,7,9,11,13
35	172	176	ELE	38	Odd	1,3,5,7,9,11,13
36	172	20	ELE	63	Odd	1,3,5,7,9,11,13
37	172	20	ELE	64	Odd	1,3,5,7,9,11,13
38	172	14	ELE	57	Odd	1,3,5,7,9,11,13
39	172	14	ELE	58	Odd	1,3,5,7,9,11,13
40	172	19	ELE	63	Even	2,4,6,8,10,12
41	172	19	ELE	64	Even	2,4,6,8,10,12
42	171	20	TR+37	59	Weekly	1,2,3,4,5,6,7,8,9,10,11,12,13
43	171	14	TR16	7	Weekly	1,2,3,4,5,6,7,8,9,10,11,12,13
44	170	2	LT2A	44	Weekly	1,2,3,4,5,6,7,8,9,10,11,12,13
45	170	2	LT2A	22	Weekly	1,2,3,4,5,6,7,8,9,10,11,12,13
46	172	173	ELE	23	Even	2,4,6,8,10,12
47	172	173	ELE	24	Even	2,4,6,8,10,12
48	172	18	ELE	57	Even	2,4,6,8,10,12
49	172	18	ELE	58	Even	2,4,6,8,10,12
50	171	176	TR+37	16	Weekly	1,2,3,4,5,6,7,8,9,10,11,12,13
51	171	18	TR+37	6	Weekly	1,2,3,4,5,6,7,8,9,10,11,12,13
52	174	20	TR14	7	Weekly	1,2,3,4,5,6,7,8,9,10,11,12,13
53	174	19	TR15	6	Weekly	1,2,3,4,5,6,7,8,9,10,11,12,13
54	174	14	TR+37	61	Weekly	1,2,3,4,5,6,7,8,9,10,11,12,13
55	174	176	TR12	16	Weekly	1,2,3,4,5,6,7,8,9,10,11,12,13
56	175	14	CL2	29	Odd	1,3,5,7,9,11,13
57	175	14	CL2	30	Odd	1,3,5,7,9,11,13
58	173	6	LT2A	3	Weekly	1,2,3,4,5,6,7,8,9,10,11,12,13
59	173	2	LT2A	49	Weekly	1,2,3,4,5,6,7,8,9,10,11,12,13
60	174	98	TR+37	44	Weekly	1,2,3,4,5,6,7,8,9,10,11,12,13
61	174	97	TR+37	1	Weekly	1,2,3,4,5,6,7,8,9,10,11,12,13
62	174	18	TR+37	62	Weekly	1,2,3,4,5,6,7,8,9,10,11,12,13
63	175	20	CL2	19	Even	2,4,6,8,10,12
64	175	20	CL2	20	Even	2,4,6,8,10,12
65	175	18	CL2	29	Even	2,4,6,8,10,12
66	175	18	CL2	30	Even	2,4,6,8,10,12
67	175	19	CL2	19	Odd	1,3,5,7,9,11,13
68	175	19	CL2	20	Odd	1,3,5,7,9,11,13
69	175	98	CL2	57	Odd	1,3,5,7,9,11,13
70	175	98	CL2	58	Odd	1,3,5,7,9,11,13
71	175	97	CL2	57	Even	2,4,6,8,10,12
72	175	97	CL2	58	Even	2,4,6,8,10,12
73	175	173	CL2	23	Odd	1,3,5,7,9,11,13
74	175	173	CL2	24	Odd	1,3,5,7,9,11,13
75	175	176	CL2	37	Even	2,4,6,8,10,12
76	175	176	CL2	38	Even	2,4,6,8,10,12
77	175	179	CE	51	Even	2,4,6,8,10,12
78	175	179	CE	52	Even	2,4,6,8,10,12
79	174	26	TR14	60	Weekly	1,2,3,4,5,6,7,8,9,10,11,12,13
80	177	26	TR+37	50	Weekly	1,2,3,4,5,6,7,8,9,10,11,12,13
81	176	2	LT2A	23	Weekly	1,2,3,4,5,6,7,8,9,10,11,12,13
82	177	14	TR15	63	Weekly	1,2,3,4,5,6,7,8,9,10,11,12,13
83	177	20	TR14	6	Weekly	1,2,3,4,5,6,7,8,9,10,11,12,13
84	177	98	TR11	1	Weekly	1,2,3,4,5,6,7,8,9,10,11,12,13
85	177	19	TR15	7	Weekly	1,2,3,4,5,6,7,8,9,10,11,12,13
86	177	97	TR12	2	Weekly	1,2,3,4,5,6,7,8,9,10,11,12,13
87	177	176	TR13	16	Weekly	1,2,3,4,5,6,7,8,9,10,11,12,13
88	177	179	TR13	17	Weekly	1,2,3,4,5,6,7,8,9,10,11,12,13
89	178	97	CL1	29	Even	2,4,6,8,10,12
90	178	97	CL1	30	Even	2,4,6,8,10,12
91	178	20	CL1	1	Odd	1,3,5,7,9,11,13
92	178	20	CL1	2	Odd	1,3,5,7,9,11,13
93	178	26	CL1	6	Odd	1,3,5,7,9,11,13
94	178	26	CL1	7	Odd	1,3,5,7,9,11,13
95	178	98	CL1	29	Odd	1,3,5,7,9,11,13
96	178	98	CL1	30	Odd	1,3,5,7,9,11,13
97	178	14	CL1	57	Even	2,4,6,8,10,12
98	178	14	CL1	58	Even	2,4,6,8,10,12
99	178	18	CL1	57	Odd	1,3,5,7,9,11,13
100	178	18	CL1	58	Odd	1,3,5,7,9,11,13
101	178	173	CL1	21	Even	2,4,6,8,10,12
102	178	173	CL1	22	Even	2,4,6,8,10,12
103	178	19	CL1	1	Even	2,4,6,8,10,12
104	178	19	CL1	2	Even	2,4,6,8,10,12
105	178	176	CL1	37	Odd	1,3,5,7,9,11,13
106	178	176	CL1	38	Odd	1,3,5,7,9,11,13
107	178	179	CL1	51	Odd	1,3,5,7,9,11,13
108	178	179	CL1	52	Odd	1,3,5,7,9,11,13
109	177	18	TR14	61	Weekly	1,2,3,4,5,6,7,8,9,10,11,12,13
110	181	176	DIG	37	Odd	1,3,5,7,9,11,13
111	181	176	DIG	38	Odd	1,3,5,7,9,11,13
112	181	179	DIG	52	Even	2,4,6,8,10,12
113	180	20	TR15	60	Weekly	1,2,3,4,5,6,7,8,9,10,11,12,13
114	180	19	TR14	59	Weekly	1,2,3,4,5,6,7,8,9,10,11,12,13
115	180	18	TR13	32	Weekly	1,2,3,4,5,6,7,8,9,10,11,12,13
116	180	14	TR11	31	Weekly	1,2,3,4,5,6,7,8,9,10,11,12,13
117	181	26	DIG	63	Even	2,4,6,8,10,12
118	181	98	DIG	29	Even	2,4,6,8,10,12
119	181	14	DIG	19	Odd	1,3,5,7,9,11,13
120	181	20	DIG	1	Even	2,4,6,8,10,12
121	181	179	DIG	51	Even	2,4,6,8,10,12
122	179	2	LT2A	16	Weekly	1,2,3,4,5,6,7,8,9,10,11,12,13
123	179	2	LT2A	50	Weekly	1,2,3,4,5,6,7,8,9,10,11,12,13
124	180	26	TR11	61	Weekly	1,2,3,4,5,6,7,8,9,10,11,12,13
125	180	98	TR+37	20	Weekly	1,2,3,4,5,6,7,8,9,10,11,12,13
126	180	97	TR13	21	Weekly	1,2,3,4,5,6,7,8,9,10,11,12,13
127	181	14	DIG	20	Odd	1,3,5,7,9,11,13
128	181	26	DIG	64	Even	2,4,6,8,10,12
129	181	19	DIG	2	Odd	1,3,5,7,9,11,13
130	181	98	DIG	30	Even	2,4,6,8,10,12
131	181	97	DIG	30	Odd	1,3,5,7,9,11,13
132	181	97	DIG	29	Odd	1,3,5,7,9,11,13
133	181	19	DIG	1	Odd	1,3,5,7,9,11,13
134	181	18	DIG	19	Even	2,4,6,8,10,12
135	181	18	DIG	20	Even	2,4,6,8,10,12
136	181	20	DIG	2	Even	2,4,6,8,10,12
137	184	31	ELE	5	Odd	1,3,5,7,9,11,13
138	184	31	ELE	6	Odd	1,3,5,7,9,11,13
139	183	31	TR11	8	Weekly	1,2,3,4,5,6,7,8,9,10,11,12,13
140	182	2	LT10	18	Weekly	1,2,3,4,5,6,7,8,9,10,11,12,13
141	182	2	LT10	51	Weekly	1,2,3,4,5,6,7,8,9,10,11,12,13
142	221	45	LT10	36	Weekly	1,2,3,4,5,6,7,8,9,10,11,12,13
143	222	45	CL2	34	Weekly	1,2,3,4,5,6,7,8,9,10,11,12,13
144	222	45	CL2	33	Weekly	1,2,3,4,5,6,7,8,9,10,11,12,13
145	221	45	LT10	37	Weekly	1,2,3,4,5,6,7,8,9,10,11,12,13
146	221	45	LT10	38	Weekly	1,2,3,4,5,6,7,8,9,10,11,12,13
147	223	45	LT14	37	Weekly	1,2,3,4,5,6,7,8,9,10,11,12,13
148	223	45	LT14	36	Weekly	1,2,3,4,5,6,7,8,9,10,11,12,13
149	223	45	LT14	38	Weekly	1,2,3,4,5,6,7,8,9,10,11,12,13
150	223	45	LT14	39	Weekly	1,2,3,4,5,6,7,8,9,10,11,12,13
151	8	2	TR11	23	Weekly	1,2,3,4,5,6,7,8,9,10,11,12,13
152	8	2	TR11	65	Weekly	1,2,3,4,5,6,7,8,9,10,11,12,13
153	6	31	ELE	47	Odd	1,3,5,7,9,11,13
154	6	31	ELE	46	Odd	1,3,5,7,9,11,13
155	11	2	TR12	8	Weekly	1,2,3,4,5,6,7,8,9,10,11,12,13
156	11	2	TR12	24	Weekly	1,2,3,4,5,6,7,8,9,10,11,12,13
157	9	31	CL1	59	Weekly	1,2,3,4,5,6,7,8,9,10,11,12,13
158	9	31	CL1	60	Weekly	1,2,3,4,5,6,7,8,9,10,11,12,13
159	11	2	TR12	51	Weekly	1,2,3,4,5,6,7,8,9,10,11,12,13
160	12	31	TR13	44	Weekly	1,2,3,4,5,6,7,8,9,10,11,12,13
161	13	2	LT10	51	Weekly	1,2,3,4,5,6,7,8,9,10,11,12,13
162	13	2	LT10	18	Weekly	1,2,3,4,5,6,7,8,9,10,11,12,13
163	16	2	LT2A	16	Weekly	1,2,3,4,5,6,7,8,9,10,11,12,13
164	16	2	LT2A	50	Weekly	1,2,3,4,5,6,7,8,9,10,11,12,13
165	14	31	DIG	58	Even	2,4,6,8,10,12
166	14	31	DIG	57	Even	2,4,6,8,10,12
167	15	31	TR13	15	Weekly	1,2,3,4,5,6,7,8,9,10,11,12,13
168	18	2	LT8	17	Weekly	1,2,3,4,5,6,7,8,9,10,11,12,13
169	18	2	LT8	51	Weekly	1,2,3,4,5,6,7,8,9,10,11,12,13
170	17	31	CL1	4	Weekly	1,2,3,4,5,6,7,8,9,10,11,12,13
171	17	31	CL1	3	Weekly	1,2,3,4,5,6,7,8,9,10,11,12,13
172	19	31	TR16	30	Weekly	1,2,3,4,5,6,7,8,9,10,11,12,13
173	21	2	LT14	51	Weekly	1,2,3,4,5,6,7,8,9,10,11,12,13
174	21	2	LT10	62	Weekly	1,2,3,4,5,6,7,8,9,10,11,12,13
175	21	2	LT10	24	Weekly	1,2,3,4,5,6,7,8,9,10,11,12,13
176	20	31	LT10	61	Weekly	1,2,3,4,5,6,7,8,9,10,11,12,13
177	22	3	LT1A	32	Weekly	1,2,3,4,5,6,7,8,9,10,11,12,13
178	22	3	LT1A	33	Weekly	1,2,3,4,5,6,7,8,9,10,11,12,13
179	22	3	LT1A	52	Weekly	1,2,3,4,5,6,7,8,9,10,11,12,13
180	23	73	TR18	6	Weekly	1,2,3,4,5,6,7,8,9,10,11,12,13
181	23	71	TR16	59	Weekly	1,2,3,4,5,6,7,8,9,10,11,12,13
182	24	3	LT19	45	Weekly	1,2,3,4,5,6,7,8,9,10,11,12,13
183	23	74	TR17	47	Weekly	1,2,3,4,5,6,7,8,9,10,11,12,13
184	24	3	LT2A	34	Weekly	1,2,3,4,5,6,7,8,9,10,11,12,13
185	23	75	TR18	62	Weekly	1,2,3,4,5,6,7,8,9,10,11,12,13
186	27	51	TR18	17	Weekly	1,2,3,4,5,6,7,8,9,10,11,12,13
187	27	50	TR14	63	Weekly	1,2,3,4,5,6,7,8,9,10,11,12,13
188	27	48	TR18	64	Weekly	1,2,3,4,5,6,7,8,9,10,11,12,13
189	26	3	LT19	19	Weekly	1,2,3,4,5,6,7,8,9,10,11,12,13
190	25	48	DIG	4	Odd	1,3,5,7,9,11,13
191	25	48	DIG	5	Odd	1,3,5,7,9,11,13
192	25	52	DIG	49	Even	2,4,6,8,10,12
193	25	52	DIG	50	Even	2,4,6,8,10,12
194	25	50	DIG	4	Even	2,4,6,8,10,12
195	25	50	DIG	5	Even	2,4,6,8,10,12
196	25	54	DIG	17	Odd	1,3,5,7,9,11,13
197	25	54	DIG	18	Odd	1,3,5,7,9,11,13
198	27	52	TR11	16	Weekly	1,2,3,4,5,6,7,8,9,10,11,12,13
199	25	53	DIG	17	Even	2,4,6,8,10,12
200	25	53	DIG	18	Even	2,4,6,8,10,12
201	25	51	DIG	49	Odd	1,3,5,7,9,11,13
202	25	51	DIG	50	Odd	1,3,5,7,9,11,13
203	26	3	LT19	3	Weekly	1,2,3,4,5,6,7,8,9,10,11,12,13
204	26	3	LT10	46	Weekly	1,2,3,4,5,6,7,8,9,10,11,12,13
205	27	53	TR11	50	Weekly	1,2,3,4,5,6,7,8,9,10,11,12,13
206	27	54	TR13	49	Weekly	1,2,3,4,5,6,7,8,9,10,11,12,13
207	28	3	LT2A	59	Weekly	1,2,3,4,5,6,7,8,9,10,11,12,13
208	30	50	TR15	16	Weekly	1,2,3,4,5,6,7,8,9,10,11,12,13
209	30	54	TR15	5	Weekly	1,2,3,4,5,6,7,8,9,10,11,12,13
210	30	48	TR14	15	Weekly	1,2,3,4,5,6,7,8,9,10,11,12,13
211	29	51	CE	4	Even	2,4,6,8,10,12
212	29	51	CE	5	Even	2,4,6,8,10,12
213	29	50	CE	30	Even	2,4,6,8,10,12
214	29	50	CE	31	Even	2,4,6,8,10,12
215	29	53	CE	17	Odd	1,3,5,7,9,11,13
216	29	53	CE	18	Odd	1,3,5,7,9,11,13
217	28	3	LT2A	21	Weekly	1,2,3,4,5,6,7,8,9,10,11,12,13
218	28	3	LT2A	47	Weekly	1,2,3,4,5,6,7,8,9,10,11,12,13
219	29	52	CE	4	Odd	1,3,5,7,9,11,13
220	29	52	CE	5	Odd	1,3,5,7,9,11,13
221	30	52	TR15	31	Weekly	1,2,3,4,5,6,7,8,9,10,11,12,13
222	30	51	TR11	62	Weekly	1,2,3,4,5,6,7,8,9,10,11,12,13
223	30	53	TR14	4	Weekly	1,2,3,4,5,6,7,8,9,10,11,12,13
224	29	48	CE	30	Odd	1,3,5,7,9,11,13
225	29	48	CE	31	Odd	1,3,5,7,9,11,13
226	29	54	CE	18	Even	2,4,6,8,10,12
227	31	3	LT2A	1	Weekly	1,2,3,4,5,6,7,8,9,10,11,12,13
228	33	52	MS	4	Even	2,4,6,8,10,12
229	33	52	MS	5	Even	2,4,6,8,10,12
230	32	54	TR10	8	Weekly	1,2,3,4,5,6,7,8,9,10,11,12,13
231	32	52	TR15	30	Weekly	1,2,3,4,5,6,7,8,9,10,11,12,13
232	32	48	TR14	16	Weekly	1,2,3,4,5,6,7,8,9,10,11,12,13
233	32	146	TR15	46	Weekly	1,2,3,4,5,6,7,8,9,10,11,12,13
234	33	50	MS	31	Odd	1,3,5,7,9,11,13
235	33	50	MS	32	Odd	1,3,5,7,9,11,13
236	33	48	MS	31	Even	2,4,6,8,10,12
237	33	48	MS	32	Even	2,4,6,8,10,12
238	33	147	MS	17	Odd	1,3,5,7,9,11,13
239	33	147	MS	18	Odd	1,3,5,7,9,11,13
240	33	146	MS	2	Odd	1,3,5,7,9,11,13
241	33	146	MS	3	Odd	1,3,5,7,9,11,13
242	33	53	MS	63	Even	2,4,6,8,10,12
243	33	53	MS	64	Even	2,4,6,8,10,12
244	33	54	MS	63	Odd	1,3,5,7,9,11,13
245	33	54	MS	64	Odd	1,3,5,7,9,11,13
246	33	51	MS	49	Even	2,4,6,8,10,12
247	33	51	MS	50	Even	2,4,6,8,10,12
248	32	147	TR15	44	Weekly	1,2,3,4,5,6,7,8,9,10,11,12,13
249	32	50	TR15	15	Weekly	1,2,3,4,5,6,7,8,9,10,11,12,13
250	32	53	TR14	5	Weekly	1,2,3,4,5,6,7,8,9,10,11,12,13
251	32	51	TR14	31	Weekly	1,2,3,4,5,6,7,8,9,10,11,12,13
252	31	3	LT19	22	Weekly	1,2,3,4,5,6,7,8,9,10,11,12,13
253	31	3	LT2A	60	Weekly	1,2,3,4,5,6,7,8,9,10,11,12,13
254	35	51	TR16	16	Weekly	1,2,3,4,5,6,7,8,9,10,11,12,13
255	34	3	LT19	29	Weekly	1,2,3,4,5,6,7,8,9,10,11,12,13
256	34	3	LT19	7	Weekly	1,2,3,4,5,6,7,8,9,10,11,12,13
257	35	146	TR16	31	Weekly	1,2,3,4,5,6,7,8,9,10,11,12,13
258	34	3	LT2A	58	Weekly	1,2,3,4,5,6,7,8,9,10,11,12,13
259	35	147	TR11	45	Weekly	1,2,3,4,5,6,7,8,9,10,11,12,13
260	35	48	TR16	63	Weekly	1,2,3,4,5,6,7,8,9,10,11,12,13
261	35	52	TR11	17	Weekly	1,2,3,4,5,6,7,8,9,10,11,12,13
262	35	54	TR16	50	Weekly	1,2,3,4,5,6,7,8,9,10,11,12,13
263	35	53	TR16	49	Weekly	1,2,3,4,5,6,7,8,9,10,11,12,13
264	35	50	TR16	64	Weekly	1,2,3,4,5,6,7,8,9,10,11,12,13
265	37	3	LT19	44	Weekly	1,2,3,4,5,6,7,8,9,10,11,12,13
266	37	3	LT19	2	Weekly	1,2,3,4,5,6,7,8,9,10,11,12,13
267	36	62	TR18	45	Weekly	1,2,3,4,5,6,7,8,9,10,11,12,13
268	38	62	CL2	50	Odd	1,3,5,7,9,11,13
269	38	62	CL2	51	Odd	1,3,5,7,9,11,13
270	37	3	LT19	20	Weekly	1,2,3,4,5,6,7,8,9,10,11,12,13
271	40	62	CE	63	Even	2,4,6,8,10,12
272	40	62	CE	64	Even	2,4,6,8,10,12
273	41	147	TR14	21	Weekly	1,2,3,4,5,6,7,8,9,10,11,12,13
274	41	146	TR12	64	Weekly	1,2,3,4,5,6,7,8,9,10,11,12,13
275	40	146	CE	2	Even	2,4,6,8,10,12
276	40	146	CE	3	Even	2,4,6,8,10,12
277	40	147	CE	19	Even	2,4,6,8,10,12
278	40	147	CE	20	Even	2,4,6,8,10,12
279	39	3	LT19	15	Weekly	1,2,3,4,5,6,7,8,9,10,11,12,13
280	41	62	TR14	23	Weekly	1,2,3,4,5,6,7,8,9,10,11,12,13
281	39	3	LT19	48	Weekly	1,2,3,4,5,6,7,8,9,10,11,12,13
282	39	3	LT19	57	Weekly	1,2,3,4,5,6,7,8,9,10,11,12,13
283	44	62	TR58	5	Weekly	1,2,3,4,5,6,7,8,9,10,11,12,13
284	44	58	TR58	2	Weekly	1,2,3,4,5,6,7,8,9,10,11,12,13
285	42	62	SWE	36	Weekly	1,2,3,4,5,6,7,8,9,10,11,12,13
286	42	62	SWE	37	Weekly	1,2,3,4,5,6,7,8,9,10,11,12,13
287	43	3	LT10	4	Weekly	1,2,3,4,5,6,7,8,9,10,11,12,13
288	42	146	SWE	17	Weekly	1,2,3,4,5,6,7,8,9,10,11,12,13
289	42	146	SWE	18	Weekly	1,2,3,4,5,6,7,8,9,10,11,12,13
290	42	58	SWE	31	Weekly	1,2,3,4,5,6,7,8,9,10,11,12,13
291	42	58	SWE	32	Weekly	1,2,3,4,5,6,7,8,9,10,11,12,13
292	42	147	SWE	63	Weekly	1,2,3,4,5,6,7,8,9,10,11,12,13
293	42	147	SWE	64	Weekly	1,2,3,4,5,6,7,8,9,10,11,12,13
294	43	3	LT10	43	Weekly	1,2,3,4,5,6,7,8,9,10,11,12,13
295	44	146	TR58	6	Weekly	1,2,3,4,5,6,7,8,9,10,11,12,13
296	44	147	TR58	8	Weekly	1,2,3,4,5,6,7,8,9,10,11,12,13
297	45	146	ELE	50	Weekly	1,2,3,4,5,6,7,8,9,10,11,12,13
298	45	146	ELE	51	Weekly	1,2,3,4,5,6,7,8,9,10,11,12,13
299	46	146	TR15	21	Weekly	1,2,3,4,5,6,7,8,9,10,11,12,13
300	47	3	LT19	6	Weekly	1,2,3,4,5,6,7,8,9,10,11,12,13
301	47	3	LT19	17	Weekly	1,2,3,4,5,6,7,8,9,10,11,12,13
302	46	62	TR11	9	Weekly	1,2,3,4,5,6,7,8,9,10,11,12,13
303	47	3	LT19	49	Weekly	1,2,3,4,5,6,7,8,9,10,11,12,13
304	45	62	ELE	33	Weekly	1,2,3,4,5,6,7,8,9,10,11,12,13
305	45	62	ELE	34	Weekly	1,2,3,4,5,6,7,8,9,10,11,12,13
306	49	147	TR11	63	Weekly	1,2,3,4,5,6,7,8,9,10,11,12,13
307	49	146	TR16	65	Weekly	1,2,3,4,5,6,7,8,9,10,11,12,13
308	50	4	LT19	16	Weekly	1,2,3,4,5,6,7,8,9,10,11,12,13
309	50	4	LT19	51	Weekly	1,2,3,4,5,6,7,8,9,10,11,12,13
310	49	71	TR18	22	Weekly	1,2,3,4,5,6,7,8,9,10,11,12,13
311	49	73	TR17	44	Weekly	1,2,3,4,5,6,7,8,9,10,11,12,13
312	49	74	TR16	3	Weekly	1,2,3,4,5,6,7,8,9,10,11,12,13
313	48	71	COMM	2	Odd	1,3,5,7,9,11,13
314	48	71	COMM	3	Odd	1,3,5,7,9,11,13
315	48	74	COMM	19	Odd	1,3,5,7,9,11,13
316	48	74	COMM	20	Odd	1,3,5,7,9,11,13
317	50	4	LT19	61	Weekly	1,2,3,4,5,6,7,8,9,10,11,12,13
318	48	146	COMM	7	Odd	1,3,5,7,9,11,13
319	48	146	COMM	8	Odd	1,3,5,7,9,11,13
320	48	147	COMM	7	Even	2,4,6,8,10,12
321	48	147	COMM	8	Even	2,4,6,8,10,12
322	49	75	TR13	5	Weekly	1,2,3,4,5,6,7,8,9,10,11,12,13
323	48	75	COMM	48	Even	2,4,6,8,10,12
324	48	75	COMM	49	Even	2,4,6,8,10,12
325	48	73	COMM	17	Even	2,4,6,8,10,12
326	48	73	COMM	18	Even	2,4,6,8,10,12
327	51	75	COMM	48	Odd	1,3,5,7,9,11,13
328	51	75	COMM	49	Odd	1,3,5,7,9,11,13
329	53	4	LT8	9	Weekly	1,2,3,4,5,6,7,8,9,10,11,12,13
330	52	71	TR11	7	Weekly	1,2,3,4,5,6,7,8,9,10,11,12,13
331	52	73	TR17	58	Weekly	1,2,3,4,5,6,7,8,9,10,11,12,13
332	53	4	LT2A	46	Weekly	1,2,3,4,5,6,7,8,9,10,11,12,13
333	51	74	COMM	19	Even	2,4,6,8,10,12
334	51	74	COMM	20	Even	2,4,6,8,10,12
335	52	74	TR16	22	Weekly	1,2,3,4,5,6,7,8,9,10,11,12,13
336	52	75	TR13	6	Weekly	1,2,3,4,5,6,7,8,9,10,11,12,13
337	51	73	COMM	17	Odd	1,3,5,7,9,11,13
338	51	73	COMM	18	Odd	1,3,5,7,9,11,13
339	51	71	COMM	2	Even	2,4,6,8,10,12
340	51	71	COMM	3	Even	2,4,6,8,10,12
341	53	4	LT8	32	Weekly	1,2,3,4,5,6,7,8,9,10,11,12,13
342	54	73	DB	2	Even	2,4,6,8,10,12
343	54	73	DB	3	Even	2,4,6,8,10,12
344	56	4	LT8	8	Weekly	1,2,3,4,5,6,7,8,9,10,11,12,13
345	56	4	LT8	31	Weekly	1,2,3,4,5,6,7,8,9,10,11,12,13
346	55	75	TR18	63	Weekly	1,2,3,4,5,6,7,8,9,10,11,12,13
347	55	73	TR17	59	Weekly	1,2,3,4,5,6,7,8,9,10,11,12,13
348	54	71	DB	63	Odd	1,3,5,7,9,11,13
349	54	71	DB	64	Odd	1,3,5,7,9,11,13
350	54	75	DB	19	Even	2,4,6,8,10,12
351	54	75	DB	20	Even	2,4,6,8,10,12
352	56	4	LT8	50	Weekly	1,2,3,4,5,6,7,8,9,10,11,12,13
353	54	74	DB	5	Odd	1,3,5,7,9,11,13
354	54	74	DB	6	Odd	1,3,5,7,9,11,13
355	55	74	TR13	7	Weekly	1,2,3,4,5,6,7,8,9,10,11,12,13
356	55	71	TR18	20	Weekly	1,2,3,4,5,6,7,8,9,10,11,12,13
357	58	5	LT19	47	Weekly	1,2,3,4,5,6,7,8,9,10,11,12,13
358	57	5	LT4	29	Weekly	1,2,3,4,5,6,7,8,9,10,11,12,13
359	57	5	LT4	7	Weekly	1,2,3,4,5,6,7,8,9,10,11,12,13
360	57	5	LT19	46	Weekly	1,2,3,4,5,6,7,8,9,10,11,12,13
361	60	5	LT19	67	Weekly	1,2,3,4,5,6,7,8,9,10,11,12,13
362	59	5	LT8	24	Weekly	1,2,3,4,5,6,7,8,9,10,11,12,13
363	59	5	LT19	66	Weekly	1,2,3,4,5,6,7,8,9,10,11,12,13
364	59	5	LT8	23	Weekly	1,2,3,4,5,6,7,8,9,10,11,12,13
365	61	5	LT10	15	Weekly	1,2,3,4,5,6,7,8,9,10,11,12,13
366	61	5	LT10	63	Weekly	1,2,3,4,5,6,7,8,9,10,11,12,13
367	62	5	LT10	16	Weekly	1,2,3,4,5,6,7,8,9,10,11,12,13
368	61	5	LT10	45	Weekly	1,2,3,4,5,6,7,8,9,10,11,12,13
369	63	5	LT8	6	Weekly	1,2,3,4,5,6,7,8,9,10,11,12,13
370	64	5	LT11	17	Weekly	1,2,3,4,5,6,7,8,9,10,11,12,13
371	63	5	LT8	62	Weekly	1,2,3,4,5,6,7,8,9,10,11,12,13
372	63	5	LT11	18	Weekly	1,2,3,4,5,6,7,8,9,10,11,12,13
373	66	5	LT19	55	Weekly	1,2,3,4,5,6,7,8,9,10,11,12,13
374	65	5	LT8	22	Weekly	1,2,3,4,5,6,7,8,9,10,11,12,13
375	65	5	LT19	54	Weekly	1,2,3,4,5,6,7,8,9,10,11,12,13
376	65	5	LT19	1	Weekly	1,2,3,4,5,6,7,8,9,10,11,12,13
377	65	5	LT19	58	Weekly	1,2,3,4,5,6,7,8,9,10,11,12,13
378	71	5	LT8	7	Weekly	1,2,3,4,5,6,7,8,9,10,11,12,13
379	71	5	LT8	43	Weekly	1,2,3,4,5,6,7,8,9,10,11,12,13
380	71	5	LT8	29	Weekly	1,2,3,4,5,6,7,8,9,10,11,12,13
381	70	5	LT8	30	Weekly	1,2,3,4,5,6,7,8,9,10,11,12,13
382	72	5	LT8	10	Weekly	1,2,3,4,5,6,7,8,9,10,11,12,13
383	73	5	LT8	53	Weekly	1,2,3,4,5,6,7,8,9,10,11,12,13
384	72	5	LT8	52	Weekly	1,2,3,4,5,6,7,8,9,10,11,12,13
385	72	5	LT8	11	Weekly	1,2,3,4,5,6,7,8,9,10,11,12,13
386	74	5	LT8	36	Weekly	1,2,3,4,5,6,7,8,9,10,11,12,13
387	75	5	LT19	40	Weekly	1,2,3,4,5,6,7,8,9,10,11,12,13
388	75	5	LT19	41	Weekly	1,2,3,4,5,6,7,8,9,10,11,12,13
389	75	5	LT19	39	Weekly	1,2,3,4,5,6,7,8,9,10,11,12,13
390	76	5	LT8	60	Weekly	1,2,3,4,5,6,7,8,9,10,11,12,13
391	76	5	LT8	4	Weekly	1,2,3,4,5,6,7,8,9,10,11,12,13
392	76	5	LT8	35	Weekly	1,2,3,4,5,6,7,8,9,10,11,12,13
393	77	5	LT8	61	Weekly	1,2,3,4,5,6,7,8,9,10,11,12,13
394	78	5	LT8	20	Weekly	1,2,3,4,5,6,7,8,9,10,11,12,13
395	78	5	LT8	44	Weekly	1,2,3,4,5,6,7,8,9,10,11,12,13
396	78	5	LT8	2	Weekly	1,2,3,4,5,6,7,8,9,10,11,12,13
397	79	5	LT8	3	Weekly	1,2,3,4,5,6,7,8,9,10,11,12,13
398	80	5	LT8	37	Weekly	1,2,3,4,5,6,7,8,9,10,11,12,13
399	80	5	LT10	25	Weekly	1,2,3,4,5,6,7,8,9,10,11,12,13
400	80	5	LT8	38	Weekly	1,2,3,4,5,6,7,8,9,10,11,12,13
401	81	5	LT10	26	Weekly	1,2,3,4,5,6,7,8,9,10,11,12,13
402	82	5	LT2A	64	Weekly	1,2,3,4,5,6,7,8,9,10,11,12,13
403	82	5	LT2A	5	Weekly	1,2,3,4,5,6,7,8,9,10,11,12,13
404	83	5	LT2A	65	Weekly	1,2,3,4,5,6,7,8,9,10,11,12,13
405	82	5	LT2A	19	Weekly	1,2,3,4,5,6,7,8,9,10,11,12,13
406	84	5	LT8	34	Weekly	1,2,3,4,5,6,7,8,9,10,11,12,13
407	84	5	LT8	33	Weekly	1,2,3,4,5,6,7,8,9,10,11,12,13
408	85	5	LT4	9	Weekly	1,2,3,4,5,6,7,8,9,10,11,12,13
409	84	5	LT4	8	Weekly	1,2,3,4,5,6,7,8,9,10,11,12,13
410	214	5	LT8	57	Weekly	1,2,3,4,5,6,7,8,9,10,11,12,13
411	215	5	LT10	49	Weekly	1,2,3,4,5,6,7,8,9,10,11,12,13
412	215	5	LT4	31	Weekly	1,2,3,4,5,6,7,8,9,10,11,12,13
413	214	5	LT10	48	Weekly	1,2,3,4,5,6,7,8,9,10,11,12,13
414	88	6	LT2A	44	Weekly	1,2,3,4,5,6,7,8,9,10,11,12,13
415	88	6	LT2A	22	Weekly	1,2,3,4,5,6,7,8,9,10,11,12,13
416	87	128	TR12	62	Weekly	1,2,3,4,5,6,7,8,9,10,11,12,13
417	88	6	TCT-LT	64	Weekly	1,2,3,4,5,6,7,8,9,10,11,12,13
418	91	2	TR12	24	Weekly	1,2,3,4,5,6,7,8,9,10,11,12,13
419	90	128	CL1	49	Weekly	1,2,3,4,5,6,7,8,9,10,11,12,13
420	90	128	CL1	50	Weekly	1,2,3,4,5,6,7,8,9,10,11,12,13
421	91	2	TR12	8	Weekly	1,2,3,4,5,6,7,8,9,10,11,12,13
422	91	2	TR12	51	Weekly	1,2,3,4,5,6,7,8,9,10,11,12,13
423	89	128	TR15	17	Weekly	1,2,3,4,5,6,7,8,9,10,11,12,13
424	92	128	TR19	17	Weekly	1,2,3,4,5,6,7,8,9,10,11,12,13
425	93	6	LT10	18	Weekly	1,2,3,4,5,6,7,8,9,10,11,12,13
426	93	6	LT10	51	Weekly	1,2,3,4,5,6,7,8,9,10,11,12,13
427	95	128	TR14	43	Weekly	1,2,3,4,5,6,7,8,9,10,11,12,13
428	94	128	DIG	1	Even	2,4,6,8,10,12
429	94	128	DIG	2	Even	2,4,6,8,10,12
430	96	6	LT2A	50	Weekly	1,2,3,4,5,6,7,8,9,10,11,12,13
431	96	6	LT2A	16	Weekly	1,2,3,4,5,6,7,8,9,10,11,12,13
432	98	128	CL1	35	Weekly	1,2,3,4,5,6,7,8,9,10,11,12,13
433	99	6	LT8	51	Weekly	1,2,3,4,5,6,7,8,9,10,11,12,13
434	97	128	TR17	16	Weekly	1,2,3,4,5,6,7,8,9,10,11,12,13
435	98	128	CL1	36	Weekly	1,2,3,4,5,6,7,8,9,10,11,12,13
436	99	6	LT8	17	Weekly	1,2,3,4,5,6,7,8,9,10,11,12,13
437	100	128	TR12	21	Weekly	1,2,3,4,5,6,7,8,9,10,11,12,13
438	101	6	LT2A	4	Weekly	1,2,3,4,5,6,7,8,9,10,11,12,13
439	101	6	LT2A	45	Weekly	1,2,3,4,5,6,7,8,9,10,11,12,13
440	102	7	LT1A	32	Weekly	1,2,3,4,5,6,7,8,9,10,11,12,13
441	102	7	LT1A	52	Weekly	1,2,3,4,5,6,7,8,9,10,11,12,13
442	102	7	LT1A	33	Weekly	1,2,3,4,5,6,7,8,9,10,11,12,13
443	103	154	TR19	4	Weekly	1,2,3,4,5,6,7,8,9,10,11,12,13
444	103	152	TR18	58	Weekly	1,2,3,4,5,6,7,8,9,10,11,12,13
445	104	188	LT2A	34	Weekly	1,2,3,4,5,6,7,8,9,10,11,12,13
446	103	167	TR12	60	Weekly	1,2,3,4,5,6,7,8,9,10,11,12,13
447	103	153	TR18	3	Weekly	1,2,3,4,5,6,7,8,9,10,11,12,13
448	103	168	TR19	2	Weekly	1,2,3,4,5,6,7,8,9,10,11,12,13
449	104	7	LT19	45	Weekly	1,2,3,4,5,6,7,8,9,10,11,12,13
450	107	150	TR14	51	Weekly	1,2,3,4,5,6,7,8,9,10,11,12,13
451	105	150	CE	43	Odd	1,3,5,7,9,11,13
452	105	150	CE	44	Odd	1,3,5,7,9,11,13
453	105	154	CE	45	Odd	1,3,5,7,9,11,13
454	105	154	CE	46	Odd	1,3,5,7,9,11,13
455	106	7	LT2A	21	Weekly	1,2,3,4,5,6,7,8,9,10,11,12,13
456	106	7	LT2A	59	Weekly	1,2,3,4,5,6,7,8,9,10,11,12,13
457	107	152	TR14	44	Weekly	1,2,3,4,5,6,7,8,9,10,11,12,13
458	107	153	TR16	45	Weekly	1,2,3,4,5,6,7,8,9,10,11,12,13
459	105	153	CE	57	Even	2,4,6,8,10,12
460	105	153	CE	58	Even	2,4,6,8,10,12
461	105	152	CE	57	Odd	1,3,5,7,9,11,13
462	105	152	CE	58	Odd	1,3,5,7,9,11,13
463	106	7	LT2A	47	Weekly	1,2,3,4,5,6,7,8,9,10,11,12,13
464	107	154	TR14	30	Weekly	1,2,3,4,5,6,7,8,9,10,11,12,13
465	109	7	LT8	63	Weekly	1,2,3,4,5,6,7,8,9,10,11,12,13
466	108	150	TR16	57	Weekly	1,2,3,4,5,6,7,8,9,10,11,12,13
467	108	160	TR15	58	Weekly	1,2,3,4,5,6,7,8,9,10,11,12,13
468	108	158	TR10	30	Weekly	1,2,3,4,5,6,7,8,9,10,11,12,13
469	108	153	TR16	44	Weekly	1,2,3,4,5,6,7,8,9,10,11,12,13
470	109	7	LT4	6	Weekly	1,2,3,4,5,6,7,8,9,10,11,12,13
471	108	152	TR15	8	Weekly	1,2,3,4,5,6,7,8,9,10,11,12,13
472	108	154	TR14	2	Weekly	1,2,3,4,5,6,7,8,9,10,11,12,13
473	108	159	TR10	45	Weekly	1,2,3,4,5,6,7,8,9,10,11,12,13
474	109	7	LT8	48	Weekly	1,2,3,4,5,6,7,8,9,10,11,12,13
475	110	160	MS	2	Even	2,4,6,8,10,12
476	110	159	MS	44	Odd	1,3,5,7,9,11,13
477	110	159	MS	43	Odd	1,3,5,7,9,11,13
478	110	158	MS	44	Even	2,4,6,8,10,12
479	110	154	MS	8	Even	2,4,6,8,10,12
480	110	154	MS	9	Even	2,4,6,8,10,12
481	110	153	MS	58	Odd	1,3,5,7,9,11,13
482	110	150	MS	4	Odd	1,3,5,7,9,11,13
483	110	150	MS	5	Odd	1,3,5,7,9,11,13
484	110	152	MS	58	Even	2,4,6,8,10,12
485	111	7	LT19	22	Weekly	1,2,3,4,5,6,7,8,9,10,11,12,13
486	112	153	TR19	20	Weekly	1,2,3,4,5,6,7,8,9,10,11,12,13
487	112	152	TR19	62	Weekly	1,2,3,4,5,6,7,8,9,10,11,12,13
488	112	150	TR14	65	Weekly	1,2,3,4,5,6,7,8,9,10,11,12,13
489	110	160	MS	3	Even	2,4,6,8,10,12
490	110	158	MS	43	Even	2,4,6,8,10,12
491	110	153	MS	57	Odd	1,3,5,7,9,11,13
492	110	152	MS	57	Even	2,4,6,8,10,12
493	111	7	LT2A	1	Weekly	1,2,3,4,5,6,7,8,9,10,11,12,13
494	111	7	LT2A	60	Weekly	1,2,3,4,5,6,7,8,9,10,11,12,13
495	112	159	TR17	49	Weekly	1,2,3,4,5,6,7,8,9,10,11,12,13
496	112	158	TR16	58	Weekly	1,2,3,4,5,6,7,8,9,10,11,12,13
497	112	160	TR10	7	Weekly	1,2,3,4,5,6,7,8,9,10,11,12,13
498	113	153	CL2	3	Even	2,4,6,8,10,12
499	113	153	CL2	4	Even	2,4,6,8,10,12
500	113	154	CL2	45	Even	2,4,6,8,10,12
501	113	154	CL2	46	Even	2,4,6,8,10,12
502	113	152	CL2	3	Odd	1,3,5,7,9,11,13
503	113	152	CL2	4	Odd	1,3,5,7,9,11,13
504	113	155	CL2	45	Odd	1,3,5,7,9,11,13
505	113	155	CL2	46	Odd	1,3,5,7,9,11,13
506	114	152	TR18	2	Weekly	1,2,3,4,5,6,7,8,9,10,11,12,13
507	115	7	LT8	29	Weekly	1,2,3,4,5,6,7,8,9,10,11,12,13
508	115	7	LT8	7	Weekly	1,2,3,4,5,6,7,8,9,10,11,12,13
509	115	7	LT8	43	Weekly	1,2,3,4,5,6,7,8,9,10,11,12,13
510	114	154	TR10	31	Weekly	1,2,3,4,5,6,7,8,9,10,11,12,13
511	114	155	TR10	18	Weekly	1,2,3,4,5,6,7,8,9,10,11,12,13
512	114	153	TR20	30	Weekly	1,2,3,4,5,6,7,8,9,10,11,12,13
513	117	70	TR18	37	Weekly	1,2,3,4,5,6,7,8,9,10,11,12,13
514	116	70	CL2	35	Odd	1,3,5,7,9,11,13
515	116	70	CL2	36	Odd	1,3,5,7,9,11,13
516	118	7	LT19	2	Weekly	1,2,3,4,5,6,7,8,9,10,11,12,13
517	118	7	LT19	44	Weekly	1,2,3,4,5,6,7,8,9,10,11,12,13
518	118	7	LT19	20	Weekly	1,2,3,4,5,6,7,8,9,10,11,12,13
519	119	7	LT8	31	Weekly	1,2,3,4,5,6,7,8,9,10,11,12,13
520	119	7	LT8	8	Weekly	1,2,3,4,5,6,7,8,9,10,11,12,13
521	119	7	LT8	50	Weekly	1,2,3,4,5,6,7,8,9,10,11,12,13
522	120	158	DB	43	Odd	1,3,5,7,9,11,13
523	120	158	DB	44	Odd	1,3,5,7,9,11,13
524	120	70	DB	21	Odd	1,3,5,7,9,11,13
525	120	70	DB	22	Odd	1,3,5,7,9,11,13
526	121	158	TR19	21	Weekly	1,2,3,4,5,6,7,8,9,10,11,12,13
527	120	160	DB	2	Odd	1,3,5,7,9,11,13
528	120	160	DB	3	Odd	1,3,5,7,9,11,13
529	121	70	TR12	32	Weekly	1,2,3,4,5,6,7,8,9,10,11,12,13
530	121	159	TR13	62	Weekly	1,2,3,4,5,6,7,8,9,10,11,12,13
531	121	160	TR10	17	Weekly	1,2,3,4,5,6,7,8,9,10,11,12,13
532	120	159	DB	43	Even	2,4,6,8,10,12
533	120	159	DB	44	Even	2,4,6,8,10,12
534	123	70	SWE	58	Odd	1,3,5,7,9,11,13
535	123	70	SWE	59	Odd	1,3,5,7,9,11,13
536	124	7	LT10	17	Weekly	1,2,3,4,5,6,7,8,9,10,11,12,13
537	124	7	LT11	51	Weekly	1,2,3,4,5,6,7,8,9,10,11,12,13
538	124	7	LT10	3	Weekly	1,2,3,4,5,6,7,8,9,10,11,12,13
539	122	70	TR58	18	Weekly	1,2,3,4,5,6,7,8,9,10,11,12,13
540	123	164	SWE	15	Even	2,4,6,8,10,12
541	123	164	SWE	16	Even	2,4,6,8,10,12
542	126	160	TR19	45	Weekly	1,2,3,4,5,6,7,8,9,10,11,12,13
543	126	169	TR17	17	Weekly	1,2,3,4,5,6,7,8,9,10,11,12,13
544	126	168	TR19	1	Weekly	1,2,3,4,5,6,7,8,9,10,11,12,13
545	125	8	LT2A	5	Weekly	1,2,3,4,5,6,7,8,9,10,11,12,13
546	125	8	LT2A	64	Weekly	1,2,3,4,5,6,7,8,9,10,11,12,13
547	126	159	TR12	59	Weekly	1,2,3,4,5,6,7,8,9,10,11,12,13
548	126	167	TR10	3	Weekly	1,2,3,4,5,6,7,8,9,10,11,12,13
549	126	158	TR17	62	Weekly	1,2,3,4,5,6,7,8,9,10,11,12,13
550	126	151	TR10	63	Weekly	1,2,3,4,5,6,7,8,9,10,11,12,13
551	125	8	LT2A	19	Weekly	1,2,3,4,5,6,7,8,9,10,11,12,13
552	128	168	TR12	48	Weekly	1,2,3,4,5,6,7,8,9,10,11,12,13
553	127	8	LT8	59	Weekly	1,2,3,4,5,6,7,8,9,10,11,12,13
554	127	8	LT8	16	Weekly	1,2,3,4,5,6,7,8,9,10,11,12,13
555	129	169	CL1	8	Weekly	1,2,3,4,5,6,7,8,9,10,11,12,13
556	129	169	CL1	9	Weekly	1,2,3,4,5,6,7,8,9,10,11,12,13
557	129	167	CL1	43	Weekly	1,2,3,4,5,6,7,8,9,10,11,12,13
558	129	167	CL1	44	Weekly	1,2,3,4,5,6,7,8,9,10,11,12,13
559	129	151	CL1	31	Weekly	1,2,3,4,5,6,7,8,9,10,11,12,13
560	129	151	CL1	32	Weekly	1,2,3,4,5,6,7,8,9,10,11,12,13
561	129	168	CL1	31	Weekly	1,2,3,4,5,6,7,8,9,10,11,12,13
562	129	168	CL1	32	Weekly	1,2,3,4,5,6,7,8,9,10,11,12,13
563	128	167	TR12	22	Weekly	1,2,3,4,5,6,7,8,9,10,11,12,13
564	128	151	TR14	58	Weekly	1,2,3,4,5,6,7,8,9,10,11,12,13
565	127	8	LT4	51	Weekly	1,2,3,4,5,6,7,8,9,10,11,12,13
566	128	169	TR13	50	Weekly	1,2,3,4,5,6,7,8,9,10,11,12,13
567	131	160	SWE	43	Even	2,4,6,8,10,12
568	131	160	SWE	44	Even	2,4,6,8,10,12
569	131	168	SWE	43	Odd	1,3,5,7,9,11,13
570	131	168	SWE	44	Odd	1,3,5,7,9,11,13
571	132	158	TR45	49	Weekly	1,2,3,4,5,6,7,8,9,10,11,12,13
572	132	168	TR45	50	Weekly	1,2,3,4,5,6,7,8,9,10,11,12,13
573	131	158	SWE	2	Even	2,4,6,8,10,12
574	131	158	SWE	3	Even	2,4,6,8,10,12
575	131	167	SWE	35	Even	2,4,6,8,10,12
576	131	167	SWE	36	Even	2,4,6,8,10,12
577	130	8	TCT-LT	57	Weekly	1,2,3,4,5,6,7,8,9,10,11,12,13
578	131	159	SWE	2	Odd	1,3,5,7,9,11,13
579	131	159	SWE	3	Odd	1,3,5,7,9,11,13
580	130	8	LT4	46	Weekly	1,2,3,4,5,6,7,8,9,10,11,12,13
581	132	167	TR45	47	Weekly	1,2,3,4,5,6,7,8,9,10,11,12,13
582	132	159	TR45	9	Weekly	1,2,3,4,5,6,7,8,9,10,11,12,13
583	132	160	TR45	59	Weekly	1,2,3,4,5,6,7,8,9,10,11,12,13
584	130	8	LT8	15	Weekly	1,2,3,4,5,6,7,8,9,10,11,12,13
585	134	160	TR15	9	Weekly	1,2,3,4,5,6,7,8,9,10,11,12,13
586	134	151	TR13	60	Weekly	1,2,3,4,5,6,7,8,9,10,11,12,13
587	134	158	TR19	63	Weekly	1,2,3,4,5,6,7,8,9,10,11,12,13
588	134	168	TR22	58	Weekly	1,2,3,4,5,6,7,8,9,10,11,12,13
589	133	8	LT8	62	Weekly	1,2,3,4,5,6,7,8,9,10,11,12,13
590	133	8	LT8	6	Weekly	1,2,3,4,5,6,7,8,9,10,11,12,13
591	133	8	LT11	18	Weekly	1,2,3,4,5,6,7,8,9,10,11,12,13
592	134	167	TR19	50	Weekly	1,2,3,4,5,6,7,8,9,10,11,12,13
593	135	9	LT4	29	Weekly	1,2,3,4,5,6,7,8,9,10,11,12,13
594	135	9	LT19	46	Weekly	1,2,3,4,5,6,7,8,9,10,11,12,13
595	135	9	LT4	7	Weekly	1,2,3,4,5,6,7,8,9,10,11,12,13
596	136	9	LT19	47	Weekly	1,2,3,4,5,6,7,8,9,10,11,12,13
597	137	9	LT8	23	Weekly	1,2,3,4,5,6,7,8,9,10,11,12,13
598	137	9	LT19	66	Weekly	1,2,3,4,5,6,7,8,9,10,11,12,13
599	137	9	LT8	24	Weekly	1,2,3,4,5,6,7,8,9,10,11,12,13
600	138	9	LT19	67	Weekly	1,2,3,4,5,6,7,8,9,10,11,12,13
601	139	9	LT19	54	Weekly	1,2,3,4,5,6,7,8,9,10,11,12,13
602	139	9	LT19	1	Weekly	1,2,3,4,5,6,7,8,9,10,11,12,13
603	139	9	LT8	22	Weekly	1,2,3,4,5,6,7,8,9,10,11,12,13
604	140	9	LT19	55	Weekly	1,2,3,4,5,6,7,8,9,10,11,12,13
605	143	9	LT8	52	Weekly	1,2,3,4,5,6,7,8,9,10,11,12,13
606	143	9	LT8	11	Weekly	1,2,3,4,5,6,7,8,9,10,11,12,13
607	143	9	LT8	10	Weekly	1,2,3,4,5,6,7,8,9,10,11,12,13
608	144	9	LT8	53	Weekly	1,2,3,4,5,6,7,8,9,10,11,12,13
609	145	9	LT8	36	Weekly	1,2,3,4,5,6,7,8,9,10,11,12,13
610	146	9	LT19	39	Weekly	1,2,3,4,5,6,7,8,9,10,11,12,13
611	146	9	LT19	40	Weekly	1,2,3,4,5,6,7,8,9,10,11,12,13
612	146	9	LT19	41	Weekly	1,2,3,4,5,6,7,8,9,10,11,12,13
613	147	9	LT10	30	Weekly	1,2,3,4,5,6,7,8,9,10,11,12,13
614	147	9	LT10	31	Weekly	1,2,3,4,5,6,7,8,9,10,11,12,13
615	147	9	LT11	45	Weekly	1,2,3,4,5,6,7,8,9,10,11,12,13
616	148	9	LT18	63	Weekly	1,2,3,4,5,6,7,8,9,10,11,12,13
617	149	9	LT8	35	Weekly	1,2,3,4,5,6,7,8,9,10,11,12,13
618	149	9	LT8	4	Weekly	1,2,3,4,5,6,7,8,9,10,11,12,13
619	149	9	LT8	60	Weekly	1,2,3,4,5,6,7,8,9,10,11,12,13
620	150	9	LT8	61	Weekly	1,2,3,4,5,6,7,8,9,10,11,12,13
621	151	9	LT8	20	Weekly	1,2,3,4,5,6,7,8,9,10,11,12,13
622	152	9	LT8	3	Weekly	1,2,3,4,5,6,7,8,9,10,11,12,13
623	151	9	LT8	44	Weekly	1,2,3,4,5,6,7,8,9,10,11,12,13
624	151	9	LT8	2	Weekly	1,2,3,4,5,6,7,8,9,10,11,12,13
625	213	9	LT4	31	Weekly	1,2,3,4,5,6,7,8,9,10,11,12,13
626	212	9	LT8	57	Weekly	1,2,3,4,5,6,7,8,9,10,11,12,13
627	212	9	LT10	48	Weekly	1,2,3,4,5,6,7,8,9,10,11,12,13
628	213	9	LT10	49	Weekly	1,2,3,4,5,6,7,8,9,10,11,12,13
629	224	7	LT1A	32	Weekly	1,2,3,4,5,6,7,8,9,10,11,12,13
630	224	7	LT1A	33	Weekly	1,2,3,4,5,6,7,8,9,10,11,12,13
631	224	7	LT1A	52	Weekly	1,2,3,4,5,6,7,8,9,10,11,12,13
632	189	33	TR12	31	Weekly	1,2,3,4,5,6,7,8,9,10,11,12,13
633	189	125	TR13	63	Weekly	1,2,3,4,5,6,7,8,9,10,11,12,13
634	189	35	TR15	1	Weekly	1,2,3,4,5,6,7,8,9,10,11,12,13
635	189	36	TR14	8	Weekly	1,2,3,4,5,6,7,8,9,10,11,12,13
636	189	124	TR17	2	Weekly	1,2,3,4,5,6,7,8,9,10,11,12,13
637	189	123	TR17	32	Weekly	1,2,3,4,5,6,7,8,9,10,11,12,13
638	190	182	C&I	37	Odd	1,3,5,7,9,11,13
639	190	182	C&I	38	Odd	1,3,5,7,9,11,13
640	190	185	C&I	35	Even	2,4,6,8,10,12
641	190	185	C&I	36	Even	2,4,6,8,10,12
642	190	149	C&I	33	Odd	1,3,5,7,9,11,13
643	190	149	C&I	34	Odd	1,3,5,7,9,11,13
644	190	34	C&I	29	Even	2,4,6,8,10,12
645	190	34	C&I	30	Even	2,4,6,8,10,12
646	190	33	C&I	1	Even	2,4,6,8,10,12
647	190	33	C&I	2	Even	2,4,6,8,10,12
648	190	38	C&I	7	Odd	1,3,5,7,9,11,13
649	190	38	C&I	8	Odd	1,3,5,7,9,11,13
650	190	126	C&I	29	Odd	1,3,5,7,9,11,13
651	190	126	C&I	30	Odd	1,3,5,7,9,11,13
652	190	124	C&I	57	Even	2,4,6,8,10,12
653	190	124	C&I	58	Even	2,4,6,8,10,12
654	190	125	C&I	43	Odd	1,3,5,7,9,11,13
655	190	125	C&I	44	Odd	1,3,5,7,9,11,13
656	189	38	TR18	59	Weekly	1,2,3,4,5,6,7,8,9,10,11,12,13
657	189	127	TR11	60	Weekly	1,2,3,4,5,6,7,8,9,10,11,12,13
658	189	126	TR12	20	Weekly	1,2,3,4,5,6,7,8,9,10,11,12,13
659	189	37	TR18	44	Weekly	1,2,3,4,5,6,7,8,9,10,11,12,13
660	188	6	LT2A	4	Weekly	1,2,3,4,5,6,7,8,9,10,11,12,13
661	188	6	LT2A	45	Weekly	1,2,3,4,5,6,7,8,9,10,11,12,13
662	189	34	TR13	58	Weekly	1,2,3,4,5,6,7,8,9,10,11,12,13
663	189	185	TR20	16	Weekly	1,2,3,4,5,6,7,8,9,10,11,12,13
664	189	182	TR+37	17	Weekly	1,2,3,4,5,6,7,8,9,10,11,12,13
665	190	127	C&I	19	Odd	1,3,5,7,9,11,13
666	190	127	C&I	20	Odd	1,3,5,7,9,11,13
667	190	37	C&I	7	Even	2,4,6,8,10,12
668	190	36	C&I	21	Even	2,4,6,8,10,12
669	190	36	C&I	22	Even	2,4,6,8,10,12
670	190	123	C&I	1	Odd	1,3,5,7,9,11,13
671	190	123	C&I	2	Odd	1,3,5,7,9,11,13
672	190	35	C&I	21	Odd	1,3,5,7,9,11,13
673	190	35	C&I	22	Odd	1,3,5,7,9,11,13
674	192	123	TR17	31	Weekly	1,2,3,4,5,6,7,8,9,10,11,12,13
675	193	149	ELE	33	Even	2,4,6,8,10,12
676	193	149	ELE	34	Even	2,4,6,8,10,12
677	193	33	ELE	1	Odd	1,3,5,7,9,11,13
678	193	33	ELE	2	Odd	1,3,5,7,9,11,13
679	193	126	ELE	29	Even	2,4,6,8,10,12
680	193	126	ELE	30	Even	2,4,6,8,10,12
681	193	34	ELE	29	Odd	1,3,5,7,9,11,13
682	193	34	ELE	30	Odd	1,3,5,7,9,11,13
683	193	127	ELE	7	Odd	1,3,5,7,9,11,13
684	193	127	ELE	8	Odd	1,3,5,7,9,11,13
685	193	182	ELE	37	Odd	1,3,5,7,9,11,13
686	193	182	ELE	38	Odd	1,3,5,7,9,11,13
687	192	34	TR+37	19	Weekly	1,2,3,4,5,6,7,8,9,10,11,12,13
688	192	126	TR+37	58	Weekly	1,2,3,4,5,6,7,8,9,10,11,12,13
689	192	127	TR11	59	Weekly	1,2,3,4,5,6,7,8,9,10,11,12,13
690	191	6	LT2A	44	Weekly	1,2,3,4,5,6,7,8,9,10,11,12,13
691	191	6	LT2A	22	Weekly	1,2,3,4,5,6,7,8,9,10,11,12,13
692	193	123	ELE	1	Even	2,4,6,8,10,12
693	193	123	ELE	2	Even	2,4,6,8,10,12
694	192	182	TR+37	16	Weekly	1,2,3,4,5,6,7,8,9,10,11,12,13
695	196	125	CL2	21	Even	2,4,6,8,10,12
696	196	125	CL2	22	Even	2,4,6,8,10,12
697	196	149	CL2	33	Odd	1,3,5,7,9,11,13
698	196	149	CL2	34	Odd	1,3,5,7,9,11,13
699	196	185	CL2	35	Even	2,4,6,8,10,12
700	196	185	CL2	36	Even	2,4,6,8,10,12
701	194	6	LT2A	3	Weekly	1,2,3,4,5,6,7,8,9,10,11,12,13
702	195	35	TR+37	2	Weekly	1,2,3,4,5,6,7,8,9,10,11,12,13
703	195	126	TR19	32	Weekly	1,2,3,4,5,6,7,8,9,10,11,12,13
704	195	34	TR18	31	Weekly	1,2,3,4,5,6,7,8,9,10,11,12,13
705	195	33	TR18	7	Weekly	1,2,3,4,5,6,7,8,9,10,11,12,13
706	195	123	TR+37	57	Weekly	1,2,3,4,5,6,7,8,9,10,11,12,13
707	196	35	CL2	43	Odd	1,3,5,7,9,11,13
708	196	35	CL2	44	Odd	1,3,5,7,9,11,13
709	196	126	CL2	7	Even	2,4,6,8,10,12
710	196	126	CL2	8	Even	2,4,6,8,10,12
711	196	127	CL2	63	Even	2,4,6,8,10,12
712	196	127	CL2	64	Even	2,4,6,8,10,12
713	196	124	CL2	21	Odd	1,2,4,6,8,10,12
714	196	124	CL2	22	Odd	1,2,4,6,8,10,12
715	196	182	CL2	37	Odd	1,3,5,7,9,11,13
716	196	182	CL2	38	Odd	1,3,5,7,9,11,13
717	196	26	CL2	63	Odd	1,3,5,7,9,11,13
718	196	26	CL2	64	Odd	1,3,5,7,9,11,13
719	194	6	LT2A	49	Weekly	1,2,3,4,5,6,7,8,9,10,11,12,13
720	195	127	TR19	6	Weekly	1,2,3,4,5,6,7,8,9,10,11,12,13
721	195	125	TR12	1	Weekly	1,2,3,4,5,6,7,8,9,10,11,12,13
722	195	124	TR19	59	Weekly	1,2,3,4,5,6,7,8,9,10,11,12,13
723	195	38	TR+37	21	Weekly	1,2,3,4,5,6,7,8,9,10,11,12,13
724	195	36	TR+37	30	Weekly	1,2,3,4,5,6,7,8,9,10,11,12,13
725	195	185	TR19	16	Weekly	1,2,3,4,5,6,7,8,9,10,11,12,13
726	196	34	CL2	7	Odd	1,3,5,7,9,11,13
727	196	34	CL2	8	Odd	1,3,5,7,9,11,13
728	196	123	CL2	59	Even	2,4,6,8,10,12
729	196	123	CL2	60	Even	2,4,6,8,10,12
730	196	37	CL2	1	Even	2,4,6,8,10,12
731	196	37	CL2	2	Even	2,4,6,8,10,12
732	196	36	CL2	43	Even	2,4,6,8,10,12
733	196	36	CL2	44	Even	2,4,6,8,10,12
734	196	33	CL2	59	Odd	1,3,5,7,9,11,13
735	196	33	CL2	60	Odd	1,3,5,7,9,11,13
736	196	38	CL2	1	Odd	1,3,5,7,9,11,13
737	196	38	CL2	2	Odd	1,3,5,7,9,11,13
738	197	6	LT2A	23	Weekly	1,2,3,4,5,6,7,8,9,10,11,12,13
739	198	37	TR13	59	Weekly	1,2,3,4,5,6,7,8,9,10,11,12,13
740	198	36	TR14	9	Weekly	1,2,3,4,5,6,7,8,9,10,11,12,13
741	198	35	TR11	29	Weekly	1,2,3,4,5,6,7,8,9,10,11,12,13
742	198	127	TR19	58	Weekly	1,2,3,4,5,6,7,8,9,10,11,12,13
743	198	126	TR12	19	Weekly	1,2,3,4,5,6,7,8,9,10,11,12,13
744	198	149	TR+37	15	Weekly	1,2,3,4,5,6,7,8,9,10,11,12,13
745	199	36	C&I	21	Even	2,4,6,8,10,12
746	199	36	C&I	22	Even	2,4,6,8,10,12
747	199	35	C&I	21	Odd	1,3,5,7,9,11,13
748	199	35	C&I	22	Odd	1,3,5,7,9,11,13
749	199	33	COMM	29	Even	2,4,6,8,10,12
750	199	33	COMM	30	Even	2,4,6,8,10,12
751	199	125	C&I	43	Even	2,4,6,8,10,12
752	199	125	C&I	44	Even	2,4,6,8,10,12
753	199	124	COMM	57	Odd	1,3,5,7,9,11,13
754	199	124	COMM	58	Odd	1,3,5,7,9,11,13
755	199	123	COMM	29	Odd	1,3,5,7,9,11,13
756	199	123	COMM	30	Odd	1,3,5,7,9,11,13
757	199	38	CE	7	Even	2,4,6,8,10,12
758	199	38	CE	8	Even	2,4,6,8,10,12
759	199	37	CE	7	Odd	1,3,5,7,9,11,13
760	199	37	CE	8	Odd	1,3,5,7,9,11,13
761	199	34	C&I	59	Odd	1,3,5,7,9,11,13
762	199	34	C&I	60	Odd	1,3,5,7,9,11,13
763	199	149	C&I	33	Even	2,4,6,8,10,12
764	199	149	C&I	34	Even	2,4,6,8,10,12
765	199	185	CE	35	Odd	1,3,5,7,9,11,13
766	199	185	CE	36	Odd	1,3,5,7,9,11,13
767	199	182	C&I	37	Even	2,4,6,8,10,12
768	199	182	C&I	38	Even	2,4,6,8,10,12
769	198	34	TR13	20	Weekly	1,2,3,4,5,6,7,8,9,10,11,12,13
770	198	33	TR11	57	Weekly	1,2,3,4,5,6,7,8,9,10,11,12,13
771	198	123	TR17	8	Weekly	1,2,3,4,5,6,7,8,9,10,11,12,13
772	198	125	TR13	2	Weekly	1,2,3,4,5,6,7,8,9,10,11,12,13
773	198	124	TR17	1	Weekly	1,2,3,4,5,6,7,8,9,10,11,12,13
774	198	38	TR17	30	Weekly	1,2,3,4,5,6,7,8,9,10,11,12,13
775	198	185	TR18	16	Weekly	1,2,3,4,5,6,7,8,9,10,11,12,13
776	199	127	C&I	19	Even	2,4,6,8,10,12
777	199	127	C&I	20	Even	2,4,6,8,10,12
778	199	126	C&I	59	Even	2,4,6,8,10,12
779	199	126	C&I	60	Even	2,4,6,8,10,12
780	200	6	LT2A	16	Weekly	1,2,3,4,5,6,7,8,9,10,11,12,13
781	200	6	LT2A	50	Weekly	1,2,3,4,5,6,7,8,9,10,11,12,13
782	202	182	DIG	37	Odd	1,3,5,7,9,11,13
783	202	182	DIG	38	Odd	1,3,5,7,9,11,13
784	202	34	DIG	7	Even	2,4,6,8,10,12
785	202	34	DIG	8	Even	2,4,6,8,10,12
786	201	124	TR19	60	Weekly	1,2,3,4,5,6,7,8,9,10,11,12,13
787	201	127	TR16	2	Weekly	1,2,3,4,5,6,7,8,9,10,11,12,13
788	201	38	TR11	44	Weekly	1,2,3,4,5,6,7,8,9,10,11,12,13
789	201	126	TR19	31	Weekly	1,2,3,4,5,6,7,8,9,10,11,12,13
790	201	37	TR13	30	Weekly	1,2,3,4,5,6,7,8,9,10,11,12,13
791	201	34	TR18	32	Weekly	1,2,3,4,5,6,7,8,9,10,11,12,13
792	201	36	TR+37	29	Weekly	1,2,3,4,5,6,7,8,9,10,11,12,13
793	201	33	TR16	8	Weekly	1,2,3,4,5,6,7,8,9,10,11,12,13
794	201	35	TR11	30	Weekly	1,2,3,4,5,6,7,8,9,10,11,12,13
795	201	123	TR17	7	Weekly	1,2,3,4,5,6,7,8,9,10,11,12,13
796	202	38	DIG	57	Even	2,4,6,8,10,12
797	202	38	DIG	58	Even	2,4,6,8,10,12
798	202	37	DIG	57	Odd	1,2,4,6,8,10,12
799	202	37	DIG	58	Odd	1,2,4,6,8,10,12
800	202	36	DIG	43	Odd	1,3,5,7,9,11,13
801	202	36	DIG	44	Odd	1,3,5,7,9,11,13
802	202	127	DIG	63	Odd	1,3,5,7,9,11,13
803	202	127	DIG	64	Odd	1,3,5,7,9,11,13
804	202	126	DIG	7	Odd	1,3,5,7,9,11,13
805	202	126	DIG	8	Odd	1,3,5,7,9,11,13
806	202	33	DIG	59	Even	2,4,6,8,10,12
807	202	33	DIG	60	Even	2,4,6,8,10,12
808	202	125	DIG	21	Odd	1,3,5,7,9,11,13
809	202	125	DIG	22	Odd	1,3,5,7,9,11,13
810	202	124	DIG	21	Even	2,4,6,8,10,12
811	202	124	DIG	22	Even	2,4,6,8,10,12
812	202	185	DIG	35	Even	2,4,6,8,10,12
813	202	185	DIG	36	Even	2,4,6,8,10,12
814	201	125	TR+37	64	Weekly	1,2,3,4,5,6,7,8,9,10,11,12,13
815	202	123	DIG	59	Odd	1,3,5,7,9,11,13
816	202	123	DIG	60	Odd	1,3,5,7,9,11,13
817	202	35	DIG	43	Even	2,4,6,8,10,12
818	202	35	DIG	44	Even	2,4,6,8,10,12
819	203	6	LT10	51	Weekly	1,2,3,4,5,6,7,8,9,10,11,12,13
820	204	128	TR+37	7	Weekly	1,2,3,4,5,6,7,8,9,10,11,12,13
821	205	128	ELE	5	Even	2,4,6,8,10,12
822	205	128	ELE	6	Even	2,4,6,8,10,12
823	203	6	LT10	18	Weekly	1,2,3,4,5,6,7,8,9,10,11,12,13
824	225	189	LT25	64	Weekly	1,2,3,4,5,6,7,8,9,10,11,12,13
825	225	189	LT25	65	Weekly	1,2,3,4,5,6,7,8,9,10,11,12,13
826	226	109	TR+37	63	Weekly	2,3,4,5,6,7,8,9,10,11,12,13
827	226	110	TR15	32	Weekly	2,3,4,5,6,7,8,9,10,11,12,13
828	226	106	TR16	21	Weekly	2,3,4,5,6,7,8,9,10,11,12,13
829	226	99	TR15	59	Weekly	2,3,4,5,6,7,8,9,10,11,12,13
830	226	104	TR11	32	Weekly	2,3,4,5,6,7,8,9,10,11,12,13
831	226	108	TR12	63	Weekly	2,3,4,5,6,7,8,9,10,11,12,13
832	226	105	TR14	32	Weekly	2,3,4,5,6,7,8,9,10,11,12,13
833	226	103	TR18	34	Weekly	2,3,4,5,6,7,8,9,10,11,12,13
834	226	107	TR18	21	Weekly	2,3,4,5,6,7,8,9,10,11,12,13
835	227	108	MM2	62	Weekly	1,2,3,4,5,6,7,8,9,10,11,12,13
836	187	47	LT19A	17	Weekly	1,2,3,4,5,6,7,8,9,10,11,12,13
837	227	105	MM2	30	Weekly	1,2,3,4,5,6,7,8,9,10,11,12,13
838	227	99	MM2	2	Weekly	1,2,3,4,5,6,7,8,9,10,11,12,13
839	227	106	TR+37	46	Weekly	1,2,3,4,5,6,7,8,9,10,11,12,13
840	227	103	MM2	6	Weekly	1,2,3,4,5,6,7,8,9,10,11,12,13
841	227	107	MM2	48	Weekly	1,2,3,4,5,6,7,8,9,10,11,12,13
842	227	104	TR+37	18	Weekly	1,2,3,4,5,6,7,8,9,10,11,12,13
843	228	103	MM2	17	Weekly	2,3,4,5,6,7,8,9,10,11,12,13
844	228	103	MM2	18	Weekly	2,3,4,5,6,7,8,9,10,11,12,13
845	228	104	MM2	59	Weekly	2,3,4,5,6,7,8,9,10,11,12,13
846	228	104	MM2	60	Weekly	2,3,4,5,6,7,8,9,10,11,12,13
847	228	106	MM2	7	Weekly	2,3,4,5,6,7,8,9,10,11,12,13
848	228	106	MM2	8	Weekly	2,3,4,5,6,7,8,9,10,11,12,13
849	228	105	CSKL1	7	Weekly	2,3,4,5,6,7,8,9,10,11,12,13
850	228	105	CSKL1	8	Weekly	2,3,4,5,6,7,8,9,10,11,12,13
851	228	107	CSKL1	35	Weekly	2,3,4,5,6,7,8,9,10,11,12,13
852	228	107	CSKL1	36	Weekly	2,3,4,5,6,7,8,9,10,11,12,13
853	228	108	MM2	35	Weekly	2,3,4,5,6,7,8,9,10,11,12,13
854	228	108	MM2	36	Weekly	2,3,4,5,6,7,8,9,10,11,12,13
855	228	109	MM2	46	Weekly	2,3,4,5,6,7,8,9,10,11,12,13
856	228	109	MM2	47	Weekly	2,3,4,5,6,7,8,9,10,11,12,13
857	228	99	CSKL1	17	Weekly	2,3,4,5,6,7,8,9,10,11,12,13
858	228	99	CSKL1	18	Weekly	2,3,4,5,6,7,8,9,10,11,12,13
859	229	47	LT3	21	Weekly	1,2,3,4,5,6,7,8,9,10,11,12,13
860	230	103	CSKL3	8	Even	2,4,6,8,10,12
861	230	103	CSKL3	9	Even	2,4,6,8,10,12
862	230	105	CSKL3	29	Even	2,4,6,8,10,12
863	230	105	CSKL3	30	Even	2,4,6,8,10,12
864	230	107	CSKL3	48	Even	2,4,6,8,10,12
865	230	107	CSKL3	49	Even	2,4,6,8,10,12
866	230	99	CSKL3	8	Odd	1,3,5,7,9,11,13
867	230	99	CSKL3	9	Odd	1,3,5,7,9,11,13
868	230	109	CSKL3	59	Even	2,4,6,8,10,12
869	230	109	CSKL3	60	Even	2,4,6,8,10,12
870	230	104	CSKL3	29	Odd	1,3,5,7,9,11,13
871	230	104	CSKL3	30	Odd	1,3,5,7,9,11,13
872	230	106	CSKL3	48	Odd	1,3,5,7,9,11,13
873	230	106	CSKL3	49	Odd	1,3,5,7,9,11,13
874	230	108	CSKL3	59	Odd	1,3,5,7,9,11,13
875	230	108	CSKL3	60	Odd	1,3,5,7,9,11,13
