6	14	6	0	2,4,6,8,10,12
7	23	6	0	1,3,5,7,9,11,13
8	19	7	0	1,2,3,4,5,6,7,8,9,10,11,12,13
9	25	7	0	1,2,3,4,5,6,7,8,9,10,11,12,13
10	15	6	0	2,4,6,8,10,12
11	20	6	0	1,3,5,7,9,11,13
12	22	7	0	1,2,3,4,5,6,7,8,9,10,11,12,13
13	17	7	0	1,2,3,4,5,6,7,8,9,10,11,12,13
15	16	6	0	2,4,6,8,10,12
16	21	6	0	1,3,5,7,9,11,13
17	14	7	0	1,2,3,4,5,6,7,8,9,10,11,12,13
18	23	7	0	1,2,3,4,5,6,7,8,9,10,11,12,13
19	26	6	0	1,3,5,7,9,11,13
20	29	7	0	1,2,3,4,5,6,7,8,9,10,11,12,13
21	26	7	0	1,2,3,4,5,6,7,8,9,10,11,12,13
22	30	7	0	1,2,3,4,5,6,7,8,9,10,11,12,13
23	18	6	0	2,4,6,8,10,12
24	22	6	0	1,3,5,7,9,11,13
25	15	7	0	1,2,3,4,5,6,7,8,9,10,11,12,13
26	24	7	0	1,2,3,4,5,6,7,8,9,10,11,12,13
27	29	6	0	1,3,5,7,9,11,13
28	30	6	0	2,4,6,8,10,12
29	19	6	0	1,3,5,7,9,11,13
30	24	6	0	2,4,6,8,10,12
31	20	7	0	1,2,3,4,5,6,7,8,9,10,11,12,13
32	18	7	0	1,2,3,4,5,6,7,8,9,10,11,12,13
33	17	6	0	1,3,5,7,9,11,13
34	25	6	0	2,4,6,8,10,12
35	21	7	0	1,2,3,4,5,6,7,8,9,10,11,12,13
36	16	7	0	1,2,3,4,5,6,7,8,9,10,11,12,13
37	17	9	0	1,2,3,4,5,6,7,8,9,10,11,12,13
38	22	9	0	1,2,3,4,5,6,7,8,9,10,11,12,13
39	25	10	0	1,2,3,4,5,6,7,8,9,10,11,12,13
40	19	10	0	1,2,3,4,5,6,7,8,9,10,11,12,13
41	19	9	0	1,2,3,4,5,6,7,8,9,10,11,12,13
42	25	9	0	1,2,3,4,5,6,7,8,9,10,11,12,13
43	17	10	0	1,2,3,4,5,6,7,8,9,10,11,12,13
44	22	10	0	1,2,3,4,5,6,7,8,9,10,11,12,13
45	15	9	0	1,2,3,4,5,6,7,8,9,10,11,12,13
46	20	9	0	1,2,3,4,5,6,7,8,9,10,11,12,13
47	23	10	0	1,2,3,4,5,6,7,8,9,10,11,12,13
48	14	10	0	1,2,3,4,5,6,7,8,9,10,11,12,13
50	16	9	0	1,2,3,4,5,6,7,8,9,10,11,12,13
51	21	9	0	1,2,3,4,5,6,7,8,9,10,11,12,13
52	24	10	0	1,2,3,4,5,6,7,8,9,10,11,12,13
53	15	10	0	1,2,3,4,5,6,7,8,9,10,11,12,13
54	14	9	0	1,2,3,4,5,6,7,8,9,10,11,12,13
55	23	9	0	1,2,3,4,5,6,7,8,9,10,11,12,13
56	18	10	0	1,2,3,4,5,6,7,8,9,10,11,12,13
57	20	10	0	1,2,3,4,5,6,7,8,9,10,11,12,13
58	18	9	0	1,2,3,4,5,6,7,8,9,10,11,12,13
59	24	9	0	1,2,3,4,5,6,7,8,9,10,11,12,13
60	16	10	0	1,2,3,4,5,6,7,8,9,10,11,12,13
61	21	10	0	1,2,3,4,5,6,7,8,9,10,11,12,13
62	18	12	0	1,2,3,4,5,6,7,8,9,10,11,12,13
63	16	12	0	1,2,3,4,5,6,7,8,9,10,11,12,13
64	21	12	0	1,2,3,4,5,6,7,8,9,10,11,12,13
65	24	12	0	1,2,3,4,5,6,7,8,9,10,11,12,13
66	19	12	0	1,2,3,4,5,6,7,8,9,10,11,12,13
67	25	12	0	1,2,3,4,5,6,7,8,9,10,11,12,13
68	30	12	0	1,2,3,4,5,6,7,8,9,10,11,12,13
70	29	12	0	1,2,3,4,5,6,7,8,9,10,11,12,13
71	20	12	0	1,2,3,4,5,6,7,8,9,10,11,12,13
72	14	12	0	1,2,3,4,5,6,7,8,9,10,11,12,13
73	22	12	0	1,2,3,4,5,6,7,8,9,10,11,12,13
74	17	12	0	1,2,3,4,5,6,7,8,9,10,11,12,13
75	15	12	0	1,2,3,4,5,6,7,8,9,10,11,12,13
76	23	12	0	1,2,3,4,5,6,7,8,9,10,11,12,13
77	27	12	0	1,2,3,4,5,6,7,8,9,10,11,12,13
78	26	12	0	1,2,3,4,5,6,7,8,9,10,11,12,13
79	28	12	0	1,2,3,4,5,6,7,8,9,10,11,12,13
80	31	14	0	2,4,6,8,10,12
81	29	14	0	1,3,5,7,9,11,13
82	30	14	0	2,4,6,8,10,12
83	26	14	0	2,4,6,8,10,12
84	31	15	0	1,2,3,4,5,6,7,8,9,10,11,12,13
86	26	15	0	1,2,3,4,5,6,7,8,9,10,11,12,13
87	30	15	0	1,2,3,4,5,6,7,8,9,10,11,12,13
88	29	15	0	1,2,3,4,5,6,7,8,9,10,11,12,13
89	31	17	0	1,2,3,4,5,6,7,8,9,10,11,12,13
90	29	17	0	1,2,3,4,5,6,7,8,9,10,11,12,13
91	30	17	0	1,2,3,4,5,6,7,8,9,10,11,12,13
93	26	17	0	1,2,3,4,5,6,7,8,9,10,11,12,13
94	29	19	0	1,2,3,4,5,6,7,8,9,10,11,12,13
95	30	19	0	1,2,3,4,5,6,7,8,9,10,11,12,13
96	26	19	0	1,2,3,4,5,6,7,8,9,10,11,12,13
97	28	19	0	1,2,3,4,5,6,7,8,9,10,11,12,13
98	27	19	0	1,2,3,4,5,6,7,8,9,10,11,12,13
99	31	19	0	1,2,3,4,5,6,7,8,9,10,11,12,13
100	27	17	0	1,2,3,4,5,6,7,8,9,10,11,12,13
101	28	17	0	1,2,3,4,5,6,7,8,9,10,11,12,13
102	31	20	0	1,2,3,4,5,6,7,8,9,10,11,12,13
104	1	21	0	1,2,3,4,5,6,7,8,9,10,11,12,13
106	71	23	0	1,2,3,4,5,6,7,8,9,10,11,12,13
108	72	23	0	1,2,3,4,5,6,7,8,9,10,11,12,13
109	74	23	0	1,2,3,4,5,6,7,8,9,10,11,12,13
110	78	23	0	1,2,3,4,5,6,7,8,9,10,11,12,13
111	59	23	0	1,2,3,4,5,6,7,8,9,10,11,12,13
112	80	23	0	1,2,3,4,5,6,7,8,9,10,11,12,13
113	79	23	0	1,2,3,4,5,6,7,8,9,10,11,12,13
114	76	23	0	1,2,3,4,5,6,7,8,9,10,11,12,13
115	73	23	0	1,2,3,4,5,6,7,8,9,10,11,12,13
116	75	23	0	1,2,3,4,5,6,7,8,9,10,11,12,13
117	77	23	0	1,2,3,4,5,6,7,8,9,10,11,12,13
118	27	25	0	1,3,5,7,9,11,13
119	49	25	0	2,4,6,8,10,12
121	58	27	0	1,2,3,4,5,6,7,8,9,10,11,12,13
122	51	27	0	1,2,3,4,5,6,7,8,9,10,11,12,13
123	56	25	0	2,4,6,8,10,12
124	55	25	0	1,3,5,7,9,11,13
125	52	27	0	1,2,3,4,5,6,7,8,9,10,11,12,13
126	28	27	0	1,2,3,4,5,6,7,8,9,10,11,12,13
127	27	27	0	1,2,3,4,5,6,7,8,9,10,11,12,13
128	57	27	0	1,2,3,4,5,6,7,8,9,10,11,12,13
129	49	27	0	1,2,3,4,5,6,7,8,9,10,11,12,13
130	54	25	0	2,4,6,8,10,12
131	53	25	0	1,3,5,7,9,11,13
132	53	27	0	1,2,3,4,5,6,7,8,9,10,11,12,13
133	54	27	0	1,2,3,4,5,6,7,8,9,10,11,12,13
134	52	25	0	2,4,6,8,10,12
135	51	25	0	1,3,5,7,9,11,13
136	55	27	0	1,2,3,4,5,6,7,8,9,10,11,12,13
137	56	27	0	1,2,3,4,5,6,7,8,9,10,11,12,13
138	57	25	0	1,3,5,7,9,11,13
139	50	27	0	1,2,3,4,5,6,7,8,9,10,11,12,13
140	48	27	0	1,2,3,4,5,6,7,8,9,10,11,12,13
141	50	25	0	2,4,6,8,10,12
142	48	25	0	1,3,5,7,9,11,13
143	58	25	0	1,3,5,7,9,11,13
144	28	25	0	2,4,6,8,10,12
146	53	29	0	1,3,5,7,9,11,13
147	50	30	0	1,2,3,4,5,6,7,8,9,10,11,12,13
148	48	30	0	1,2,3,4,5,6,7,8,9,10,11,12,13
149	58	29	0	1,3,5,7,9,11,13
150	54	30	0	1,2,3,4,5,6,7,8,9,10,11,12,13
151	53	30	0	1,2,3,4,5,6,7,8,9,10,11,12,13
152	52	29	0	1,3,5,7,9,11,13
153	51	29	0	2,4,6,8,10,12
154	28	29	0	2,4,6,8,10,12
155	52	30	0	1,2,3,4,5,6,7,8,9,10,11,12,13
156	50	29	0	2,4,6,8,10,12
157	48	29	0	1,3,5,7,9,11,13
158	51	30	0	1,2,3,4,5,6,7,8,9,10,11,12,13
159	57	30	0	1,2,3,4,5,6,7,8,9,10,11,12,13
160	49	30	0	1,2,3,4,5,6,7,8,9,10,11,12,13
161	56	29	0	2,4,6,8,10,12
162	55	29	0	1,3,5,7,9,11,13
163	58	30	0	1,2,3,4,5,6,7,8,9,10,11,12,13
164	54	29	0	2,4,6,8,10,12
165	49	29	0	2,4,6,8,10,12
166	57	29	0	1,3,5,7,9,11,13
167	55	30	0	1,2,3,4,5,6,7,8,9,10,11,12,13
168	27	29	0	1,3,5,7,9,11,13
169	56	30	0	1,2,3,4,5,6,7,8,9,10,11,12,13
170	28	30	0	1,2,3,4,5,6,7,8,9,10,11,12,13
171	27	30	0	1,2,3,4,5,6,7,8,9,10,11,12,13
173	58	32	0	1,2,3,4,5,6,7,8,9,10,11,12,13
174	54	33	0	1,3,5,7,9,11,13
175	53	33	0	2,4,6,8,10,12
176	48	32	0	1,2,3,4,5,6,7,8,9,10,11,12,13
177	50	32	0	1,2,3,4,5,6,7,8,9,10,11,12,13
178	58	33	0	2,4,6,8,10,12
179	53	32	0	1,2,3,4,5,6,7,8,9,10,11,12,13
180	54	32	0	1,2,3,4,5,6,7,8,9,10,11,12,13
181	51	32	0	1,2,3,4,5,6,7,8,9,10,11,12,13
182	50	33	0	1,3,5,7,9,11,13
183	48	33	0	2,4,6,8,10,12
184	52	32	0	1,2,3,4,5,6,7,8,9,10,11,12,13
185	49	32	0	1,2,3,4,5,6,7,8,9,10,11,12,13
186	57	32	0	1,2,3,4,5,6,7,8,9,10,11,12,13
187	56	33	0	1,3,5,7,9,11,13
188	55	33	0	2,4,6,8,10,12
189	56	32	0	1,2,3,4,5,6,7,8,9,10,11,12,13
190	55	32	0	1,2,3,4,5,6,7,8,9,10,11,12,13
191	52	33	0	2,4,6,8,10,12
192	51	33	0	1,3,5,7,9,11,13
193	57	33	0	2,4,6,8,10,12
194	49	33	0	1,3,5,7,9,11,13
196	49	35	0	1,2,3,4,5,6,7,8,9,10,11,12,13
197	57	35	0	1,2,3,4,5,6,7,8,9,10,11,12,13
198	54	35	0	1,2,3,4,5,6,7,8,9,10,11,12,13
199	53	35	0	1,2,3,4,5,6,7,8,9,10,11,12,13
200	56	35	0	1,2,3,4,5,6,7,8,9,10,11,12,13
201	58	35	0	1,2,3,4,5,6,7,8,9,10,11,12,13
202	51	35	0	1,2,3,4,5,6,7,8,9,10,11,12,13
203	55	35	0	1,2,3,4,5,6,7,8,9,10,11,12,13
204	52	35	0	1,2,3,4,5,6,7,8,9,10,11,12,13
205	50	35	0	1,2,3,4,5,6,7,8,9,10,11,12,13
206	48	35	0	1,2,3,4,5,6,7,8,9,10,11,12,13
207	60	36	0	1,2,3,4,5,6,7,8,9,10,11,12,13
209	59	38	0	2,4,6,8,10,12
210	61	38	0	1,3,5,7,9,11,13
211	60	38	0	2,4,6,8,10,12
212	62	36	0	1,2,3,4,5,6,7,8,9,10,11,12,13
213	62	38	0	1,3,5,7,9,11,13
214	59	36	0	1,2,3,4,5,6,7,8,9,10,11,12,13
215	66	36	0	1,2,3,4,5,6,7,8,9,10,11,12,13
216	61	36	0	1,2,3,4,5,6,7,8,9,10,11,12,13
218	61	40	0	1,3,5,7,9,11,13
219	62	40	0	2,4,6,8,10,12
220	61	41	0	1,2,3,4,5,6,7,8,9,10,11,12,13
221	62	41	0	1,2,3,4,5,6,7,8,9,10,11,12,13
222	60	40	0	2,4,6,8,10,12
223	60	41	0	1,2,3,4,5,6,7,8,9,10,11,12,13
224	60	42	0	1,2,3,4,5,6,7,8,9,10,11,12,13
226	61	44	0	1,2,3,4,5,6,7,8,9,10,11,12,13
227	61	42	0	1,2,3,4,5,6,7,8,9,10,11,12,13
229	62	44	0	1,2,3,4,5,6,7,8,9,10,11,12,13
230	58	42	0	1,2,3,4,5,6,7,8,9,10,11,12,13
231	60	44	0	1,2,3,4,5,6,7,8,9,10,11,12,13
232	62	42	0	1,2,3,4,5,6,7,8,9,10,11,12,13
233	58	44	0	1,2,3,4,5,6,7,8,9,10,11,12,13
234	61	45	0	1,2,3,4,5,6,7,8,9,10,11,12,13
235	62	46	0	1,2,3,4,5,6,7,8,9,10,11,12,13
236	60	46	0	1,2,3,4,5,6,7,8,9,10,11,12,13
238	60	45	0	1,2,3,4,5,6,7,8,9,10,11,12,13
239	59	45	0	1,2,3,4,5,6,7,8,9,10,11,12,13
240	59	46	0	1,2,3,4,5,6,7,8,9,10,11,12,13
241	61	46	0	1,2,3,4,5,6,7,8,9,10,11,12,13
242	62	45	0	1,2,3,4,5,6,7,8,9,10,11,12,13
243	59	48	0	1,3,5,7,9,11,13
244	59	49	0	1,2,3,4,5,6,7,8,9,10,11,12,13
246	61	48	0	2,4,6,8,10,12
247	60	48	0	1,3,5,7,9,11,13
248	78	49	0	1,2,3,4,5,6,7,8,9,10,11,12,13
249	77	49	0	1,2,3,4,5,6,7,8,9,10,11,12,13
250	72	48	0	2,4,6,8,10,12
251	76	49	0	1,2,3,4,5,6,7,8,9,10,11,12,13
252	75	49	0	1,2,3,4,5,6,7,8,9,10,11,12,13
253	78	48	0	1,3,5,7,9,11,13
254	77	48	0	2,4,6,8,10,12
255	71	49	0	1,2,3,4,5,6,7,8,9,10,11,12,13
256	72	49	0	1,2,3,4,5,6,7,8,9,10,11,12,13
257	75	48	0	2,4,6,8,10,12
258	80	49	0	1,2,3,4,5,6,7,8,9,10,11,12,13
259	74	48	0	1,3,5,7,9,11,13
260	79	49	0	1,2,3,4,5,6,7,8,9,10,11,12,13
261	73	48	0	2,4,6,8,10,12
262	74	49	0	1,2,3,4,5,6,7,8,9,10,11,12,13
263	76	48	0	1,3,5,7,9,11,13
264	80	48	0	1,3,5,7,9,11,13
265	61	49	0	1,2,3,4,5,6,7,8,9,10,11,12,13
266	71	48	0	1,3,5,7,9,11,13
267	60	49	0	1,2,3,4,5,6,7,8,9,10,11,12,13
268	79	48	0	2,4,6,8,10,12
269	73	49	0	1,2,3,4,5,6,7,8,9,10,11,12,13
270	81	51	0	1,3,5,7,9,11,13
271	83	52	0	1,2,3,4,5,6,7,8,9,10,11,12,13
272	80	51	0	2,4,6,8,10,12
273	76	52	0	1,2,3,4,5,6,7,8,9,10,11,12,13
274	82	51	0	1,3,5,7,9,11,13
275	72	51	0	1,3,5,7,9,11,13
276	71	52	0	1,2,3,4,5,6,7,8,9,10,11,12,13
277	75	51	0	1,3,5,7,9,11,13
278	79	52	0	1,2,3,4,5,6,7,8,9,10,11,12,13
279	74	51	0	2,4,6,8,10,12
280	80	52	0	1,2,3,4,5,6,7,8,9,10,11,12,13
281	73	51	0	1,3,5,7,9,11,13
283	77	52	0	1,2,3,4,5,6,7,8,9,10,11,12,13
284	78	52	0	1,2,3,4,5,6,7,8,9,10,11,12,13
285	74	52	0	1,2,3,4,5,6,7,8,9,10,11,12,13
286	76	51	0	2,4,6,8,10,12
287	81	52	0	1,2,3,4,5,6,7,8,9,10,11,12,13
288	78	51	0	2,4,6,8,10,12
289	77	51	0	1,3,5,7,9,11,13
290	72	52	0	1,2,3,4,5,6,7,8,9,10,11,12,13
291	83	51	0	2,4,6,8,10,12
292	75	52	0	1,2,3,4,5,6,7,8,9,10,11,12,13
293	71	51	0	2,4,6,8,10,12
294	79	51	0	1,3,5,7,9,11,13
295	73	52	0	1,2,3,4,5,6,7,8,9,10,11,12,13
296	82	52	0	1,2,3,4,5,6,7,8,9,10,11,12,13
297	59	54	0	2,4,6,8,10,12
298	75	55	0	1,2,3,4,5,6,7,8,9,10,11,12,13
300	59	55	0	1,2,3,4,5,6,7,8,9,10,11,12,13
301	77	54	0	2,4,6,8,10,12
302	76	54	0	2,4,6,8,10,12
303	80	55	0	1,2,3,4,5,6,7,8,9,10,11,12,13
304	74	54	0	1,3,5,7,9,11,13
305	83	54	0	1,3,5,7,9,11,13
306	82	54	0	2,4,6,8,10,12
307	79	55	0	1,2,3,4,5,6,7,8,9,10,11,12,13
308	73	54	0	2,4,6,8,10,12
309	74	55	0	1,2,3,4,5,6,7,8,9,10,11,12,13
310	72	55	0	1,2,3,4,5,6,7,8,9,10,11,12,13
311	76	55	0	1,2,3,4,5,6,7,8,9,10,11,12,13
312	78	55	0	1,2,3,4,5,6,7,8,9,10,11,12,13
313	80	54	0	1,3,5,7,9,11,13
314	75	54	0	2,4,6,8,10,12
315	79	54	0	2,4,6,8,10,12
316	78	54	0	1,3,5,7,9,11,13
317	71	55	0	1,2,3,4,5,6,7,8,9,10,11,12,13
318	77	55	0	1,2,3,4,5,6,7,8,9,10,11,12,13
319	83	55	0	1,2,3,4,5,6,7,8,9,10,11,12,13
320	72	54	0	2,4,6,8,10,12
321	73	55	0	1,2,3,4,5,6,7,8,9,10,11,12,13
322	71	54	0	1,3,5,7,9,11,13
323	82	55	0	1,2,3,4,5,6,7,8,9,10,11,12,13
326	2	167	0	1,2,3,4,5,6,7,8,9,10,11,12,13
327	14	168	0	1,2,3,4,5,6,7,8,9,10,11,12,13
328	14	169	0	1,3,5,7,9,11,13
329	18	168	0	1,2,3,4,5,6,7,8,9,10,11,12,13
330	18	169	0	1,3,5,7,9,11,13
331	19	168	0	1,2,3,4,5,6,7,8,9,10,11,12,13
332	19	169	0	1,3,5,7,9,11,13
333	20	168	0	1,2,3,4,5,6,7,8,9,10,11,12,13
334	20	169	0	1,3,5,7,9,11,13
335	97	168	0	1,2,3,4,5,6,7,8,9,10,11,12,13
336	97	169	0	1,3,5,7,9,11,13
337	98	168	0	1,2,3,4,5,6,7,8,9,10,11,12,13
338	98	169	0	1,3,5,7,9,11,13
339	26	168	0	1,2,3,4,5,6,7,8,9,10,11,12,13
340	26	169	0	1,3,5,7,9,11,13
341	2	170	0	1,2,3,4,5,6,7,8,9,10,11,12,13
342	2	173	0	1,2,3,4,5,6,7,8,9,10,11,12,13
343	2	176	0	1,2,3,4,5,6,7,8,9,10,11,12,13
344	2	179	0	1,2,3,4,5,6,7,8,9,10,11,12,13
345	45	1	0	1,2,3,4,5,6,7,8,9,10,11,12,13
346	45	2	0	1,2,3,4,5,6,7,8,9,10,11,12,13
347	45	3	0	1,2,3,4,5,6,7,8,9,10,11,12,13
348	45	4	0	1,2,3,4,5,6,7,8,9,10,11,12,13
349	45	5	0	1,2,3,4,5,6,7,8,9,10,11,12,13
350	97	6	0	1,3,5,7,9,11,13
351	98	6	0	2,4,6,8,10,12
352	97	7	0	1,2,3,4,5,6,7,8,9,10,11,12,13
353	98	7	0	1,2,3,4,5,6,7,8,9,10,11,12,13
354	2	8	0	1,2,3,4,5,6,7,8,9,10,11,12,13
355	2	11	0	1,2,3,4,5,6,7,8,9,10,11,12,13
356	98	12	0	1,2,3,4,5,6,7,8,9,10,11,12,13
357	97	12	0	1,2,3,4,5,6,7,8,9,10,11,12,13
358	2	13	0	1,2,3,4,5,6,7,8,9,10,11,12,13
359	97	14	0	1,3,5,7,9,11,13
360	98	14	0	2,4,6,8,10,12
361	98	15	0	1,2,3,4,5,6,7,8,9,10,11,12,13
362	97	15	0	1,2,3,4,5,6,7,8,9,10,11,12,13
363	2	16	0	1,2,3,4,5,6,7,8,9,10,11,12,13
364	97	17	0	1,2,3,4,5,6,7,8,9,10,11,12,13
365	98	17	0	1,2,3,4,5,6,7,8,9,10,11,12,13
366	2	18	0	1,2,3,4,5,6,7,8,9,10,11,12,13
367	97	19	0	1,2,3,4,5,6,7,8,9,10,11,12,13
368	98	19	0	1,2,3,4,5,6,7,8,9,10,11,12,13
369	2	21	0	1,2,3,4,5,6,7,8,9,10,11,12,13
370	5	22	0	1,2,3,4,5,6,7,8,9,10,11,12,13
371	3	24	0	1,2,3,4,5,6,7,8,9,10,11,12,13
372	3	26	0	1,2,3,4,5,6,7,8,9,10,11,12,13
373	3	28	0	1,2,3,4,5,6,7,8,9,10,11,12,13
374	3	31	0	1,2,3,4,5,6,7,8,9,10,11,12,13
375	3	34	0	1,2,3,4,5,6,7,8,9,10,11,12,13
376	3	37	0	1,2,3,4,5,6,7,8,9,10,11,12,13
377	3	39	0	1,2,3,4,5,6,7,8,9,10,11,12,13
378	3	43	0	1,2,3,4,5,6,7,8,9,10,11,12,13
379	3	47	0	1,2,3,4,5,6,7,8,9,10,11,12,13
380	4	50	0	1,2,3,4,5,6,7,8,9,10,11,12,13
381	4	53	0	1,2,3,4,5,6,7,8,9,10,11,12,13
382	4	56	0	1,2,3,4,5,6,7,8,9,10,11,12,13
383	5	57	0	1,2,3,4,5,6,7,8,9,10,11,12,13
384	5	58	0	1,2,3,4,5,6,7,8,9,10,11,12,13
385	5	59	0	1,2,3,4,5,6,7,8,9,10,11,12,13
386	5	60	0	1,2,3,4,5,6,7,8,9,10,11,12,13
387	5	61	0	1,2,3,4,5,6,7,8,9,10,11,12,13
388	5	62	0	1,2,3,4,5,6,7,8,9,10,11,12,13
389	5	63	0	1,2,3,4,5,6,7,8,9,10,11,12,13
390	5	64	0	1,2,3,4,5,6,7,8,9,10,11,12,13
391	5	65	0	1,2,3,4,5,6,7,8,9,10,11,12,13
392	5	66	0	1,2,3,4,5,6,7,8,9,10,11,12,13
393	5	67	0	1,2,3,4,5,6,7,8,9,10,11,12,13
394	5	68	0	1,2,3,4,5,6,7,8,9,10,11,12,13
399	5	70	0	1,2,3,4,5,6,7,8,9,10,11,12,13
402	5	71	0	1,2,3,4,5,6,7,8,9,10,11,12,13
403	5	72	0	1,2,3,4,5,6,7,8,9,10,11,12,13
404	5	73	0	1,2,3,4,5,6,7,8,9,10,11,12,13
405	5	74	0	1,2,3,4,5,6,7,8,9,10,11,12,13
406	5	75	0	1,2,3,4,5,6,7,8,9,10,11,12,13
407	5	76	0	1,2,3,4,5,6,7,8,9,10,11,12,13
408	5	77	0	1,2,3,4,5,6,7,8,9,10,11,12,13
409	5	78	0	1,2,3,4,5,6,7,8,9,10,11,12,13
410	5	79	0	1,2,3,4,5,6,7,8,9,10,11,12,13
411	5	80	0	1,2,3,4,5,6,7,8,9,10,11,12,13
412	5	81	0	1,2,3,4,5,6,7,8,9,10,11,12,13
413	5	82	0	1,2,3,4,5,6,7,8,9,10,11,12,13
414	5	83	0	1,2,3,4,5,6,7,8,9,10,11,12,13
415	5	84	0	1,2,3,4,5,6,7,8,9,10,11,12,13
416	5	85	0	1,2,3,4,5,6,7,8,9,10,11,12,13
417	47	86	0	1,2,3,4,5,6,7,8,9,10,11,12,13
418	34	87	0	1,2,3,4,5,6,7,8,9,10,11,12,13
419	121	87	0	1,2,3,4,5,6,7,8,9,10,11,12,13
420	33	87	0	1,2,3,4,5,6,7,8,9,10,11,12,13
421	36	87	0	1,2,3,4,5,6,7,8,9,10,11,12,13
422	11	87	0	1,2,3,4,5,6,7,8,9,10,11,12,13
423	37	87	0	1,2,3,4,5,6,7,8,9,10,11,12,13
424	35	87	0	1,2,3,4,5,6,7,8,9,10,11,12,13
425	38	87	0	1,2,3,4,5,6,7,8,9,10,11,12,13
426	6	88	0	1,2,3,4,5,6,7,8,9,10,11,12,13
427	34	89	0	1,2,3,4,5,6,7,8,9,10,11,12,13
428	11	89	0	1,2,3,4,5,6,7,8,9,10,11,12,13
429	33	89	0	1,2,3,4,5,6,7,8,9,10,11,12,13
430	10	89	0	1,2,3,4,5,6,7,8,9,10,11,12,13
431	121	89	0	1,2,3,4,5,6,7,8,9,10,11,12,13
432	11	90	0	1,2,3,4,5,6,7,8,9,10,11,12,13
433	121	90	0	1,2,3,4,5,6,7,8,9,10,11,12,13
434	33	90	0	1,2,3,4,5,6,7,8,9,10,11,12,13
435	34	90	0	1,2,3,4,5,6,7,8,9,10,11,12,13
436	6	91	0	1,2,3,4,5,6,7,8,9,10,11,12,13
437	11	92	0	1,2,3,4,5,6,7,8,9,10,11,12,13
438	33	92	0	1,2,3,4,5,6,7,8,9,10,11,12,13
439	37	92	0	1,2,3,4,5,6,7,8,9,10,11,12,13
440	121	92	0	1,2,3,4,5,6,7,8,9,10,11,12,13
441	36	92	0	1,2,3,4,5,6,7,8,9,10,11,12,13
442	35	92	0	1,2,3,4,5,6,7,8,9,10,11,12,13
443	34	92	0	1,2,3,4,5,6,7,8,9,10,11,12,13
444	38	92	0	1,2,3,4,5,6,7,8,9,10,11,12,13
445	6	93	0	1,2,3,4,5,6,7,8,9,10,11,12,13
446	121	94	0	1,3,5,7,9,11,13
447	36	94	0	2,4,6,8,10,12
448	38	94	0	2,4,6,8,10,12
449	35	94	0	1,3,5,7,9,11,13
450	37	94	0	1,3,5,7,9,11,13
451	36	95	0	1,2,3,4,5,6,7,8,9,10,11,12,13
452	37	95	0	1,2,3,4,5,6,7,8,9,10,11,12,13
453	38	95	0	1,2,3,4,5,6,7,8,9,10,11,12,13
454	121	95	0	1,2,3,4,5,6,7,8,9,10,11,12,13
455	35	95	0	1,2,3,4,5,6,7,8,9,10,11,12,13
456	6	96	0	1,2,3,4,5,6,7,8,9,10,11,12,13
457	35	97	0	1,2,3,4,5,6,7,8,9,10,11,12,13
458	37	97	0	1,2,3,4,5,6,7,8,9,10,11,12,13
459	38	97	0	1,2,3,4,5,6,7,8,9,10,11,12,13
460	36	97	0	1,2,3,4,5,6,7,8,9,10,11,12,13
461	38	98	0	1,2,3,4,5,6,7,8,9,10,11,12,13
462	35	98	0	1,2,3,4,5,6,7,8,9,10,11,12,13
463	37	98	0	1,2,3,4,5,6,7,8,9,10,11,12,13
464	36	98	0	1,2,3,4,5,6,7,8,9,10,11,12,13
465	6	99	0	1,2,3,4,5,6,7,8,9,10,11,12,13
466	36	100	0	1,2,3,4,5,6,7,8,9,10,11,12,13
467	37	100	0	1,2,3,4,5,6,7,8,9,10,11,12,13
468	38	100	0	1,2,3,4,5,6,7,8,9,10,11,12,13
469	35	100	0	1,2,3,4,5,6,7,8,9,10,11,12,13
470	6	101	0	1,2,3,4,5,6,7,8,9,10,11,12,13
471	9	102	0	1,2,3,4,5,6,7,8,9,10,11,12,13
472	66	103	0	1,2,3,4,5,6,7,8,9,10,11,12,13
474	68	103	0	1,2,3,4,5,6,7,8,9,10,11,12,13
475	69	103	0	1,2,3,4,5,6,7,8,9,10,11,12,13
476	67	103	0	1,2,3,4,5,6,7,8,9,10,11,12,13
477	78	103	0	1,2,3,4,5,6,7,8,9,10,11,12,13
479	7	104	0	1,2,3,4,5,6,7,8,9,10,11,12,13
481	119	105	0	1,3,5,7,9,11,13
482	13	105	0	1,3,5,7,9,11,13
484	7	106	0	1,2,3,4,5,6,7,8,9,10,11,12,13
486	119	107	0	1,2,3,4,5,6,7,8,9,10,11,12,13
488	119	108	0	1,2,3,4,5,6,7,8,9,10,11,12,13
489	13	108	0	1,2,3,4,5,6,7,8,9,10,11,12,13
493	69	108	0	1,2,3,4,5,6,7,8,9,10,11,12,13
494	7	109	0	1,2,3,4,5,6,7,8,9,10,11,12,13
497	69	110	0	2,4,6,8,10,12
498	119	110	0	1,3,5,7,9,11,13
500	7	111	0	1,2,3,4,5,6,7,8,9,10,11,12,13
501	69	112	0	1,2,3,4,5,6,7,8,9,10,11,12,13
504	119	112	0	1,2,3,4,5,6,7,8,9,10,11,12,13
512	7	115	0	1,2,3,4,5,6,7,8,9,10,11,12,13
513	66	116	0	2,4,6,8,10,12
514	68	116	0	2,4,6,8,10,12
515	67	116	0	1,3,5,7,9,11,13
516	70	116	0	2,4,6,8,10,12
517	68	117	0	1,2,3,4,5,6,7,8,9,10,11,12,13
518	70	117	0	1,2,3,4,5,6,7,8,9,10,11,12,13
519	67	117	0	1,2,3,4,5,6,7,8,9,10,11,12,13
520	66	117	0	1,2,3,4,5,6,7,8,9,10,11,12,13
521	88	117	0	1,2,3,4,5,6,7,8,9,10,11,12,13
522	7	118	0	1,2,3,4,5,6,7,8,9,10,11,12,13
523	7	119	0	1,2,3,4,5,6,7,8,9,10,11,12,13
524	66	120	0	2,4,6,8,10,12
525	68	120	0	1,3,5,7,9,11,13
526	67	120	0	2,4,6,8,10,12
527	70	120	0	1,3,5,7,9,11,13
528	67	121	0	1,2,3,4,5,6,7,8,9,10,11,12,13
529	66	121	0	1,2,3,4,5,6,7,8,9,10,11,12,13
530	70	121	0	1,2,3,4,5,6,7,8,9,10,11,12,13
531	68	121	0	1,2,3,4,5,6,7,8,9,10,11,12,13
533	70	122	0	1,2,3,4,5,6,7,8,9,10,11,12,13
534	70	123	0	2,4,6,8,10,12
536	7	124	0	1,2,3,4,5,6,7,8,9,10,11,12,13
537	8	125	0	1,2,3,4,5,6,7,8,9,10,11,12,13
538	120	126	0	1,2,3,4,5,6,7,8,9,10,11,12,13
539	87	126	0	1,2,3,4,5,6,7,8,9,10,11,12,13
542	66	126	0	1,2,3,4,5,6,7,8,9,10,11,12,13
543	8	127	0	1,2,3,4,5,6,7,8,9,10,11,12,13
544	120	128	0	1,2,3,4,5,6,7,8,9,10,11,12,13
547	86	128	0	1,2,3,4,5,6,7,8,9,10,11,12,13
549	86	129	0	1,2,3,4,5,6,7,8,9,10,11,12,13
550	120	129	0	1,2,3,4,5,6,7,8,9,10,11,12,13
552	8	130	0	1,2,3,4,5,6,7,8,9,10,11,12,13
553	66	131	0	2,4,6,8,10,12
555	67	131	0	2,4,6,8,10,12
558	66	132	0	1,2,3,4,5,6,7,8,9,10,11,12,13
560	67	132	0	1,2,3,4,5,6,7,8,9,10,11,12,13
561	8	133	0	1,2,3,4,5,6,7,8,9,10,11,12,13
562	67	134	0	1,2,3,4,5,6,7,8,9,10,11,12,13
564	68	134	0	1,2,3,4,5,6,7,8,9,10,11,12,13
565	120	134	0	1,2,3,4,5,6,7,8,9,10,11,12,13
566	66	134	0	1,2,3,4,5,6,7,8,9,10,11,12,13
567	88	134	0	1,2,3,4,5,6,7,8,9,10,11,12,13
568	9	135	0	1,2,3,4,5,6,7,8,9,10,11,12,13
569	9	136	0	1,2,3,4,5,6,7,8,9,10,11,12,13
570	9	137	0	1,2,3,4,5,6,7,8,9,10,11,12,13
571	9	138	0	1,2,3,4,5,6,7,8,9,10,11,12,13
572	9	139	0	1,2,3,4,5,6,7,8,9,10,11,12,13
573	9	140	0	1,2,3,4,5,6,7,8,9,10,11,12,13
574	9	141	0	1,2,3,4,5,6,7,8,9,10,11,12,13
575	9	142	0	1,2,3,4,5,6,7,8,9,10,11,12,13
576	9	143	0	1,2,3,4,5,6,7,8,9,10,11,12,13
577	9	144	0	1,2,3,4,5,6,7,8,9,10,11,12,13
578	9	145	0	1,2,3,4,5,6,7,8,9,10,11,12,13
579	9	146	0	1,2,3,4,5,6,7,8,9,10,11,12,13
580	9	147	0	1,2,3,4,5,6,7,8,9,10,11,12,13
581	9	148	0	1,2,3,4,5,6,7,8,9,10,11,12,13
582	9	149	0	1,2,3,4,5,6,7,8,9,10,11,12,13
583	9	150	0	1,2,3,4,5,6,7,8,9,10,11,12,13
584	9	151	0	1,2,3,4,5,6,7,8,9,10,11,12,13
585	9	152	0	1,2,3,4,5,6,7,8,9,10,11,12,13
586	99	160	0	1,2,3,4,5,6,7,8,9,10,11,12,13
587	103	160	0	1,2,3,4,5,6,7,8,9,10,11,12,13
588	99	161	0	1,2,3,4,5,6,7,8,9,10,11,12,13
589	101	161	0	1,2,3,4,5,6,7,8,9,10,11,12,13
590	104	161	0	1,2,3,4,5,6,7,8,9,10,11,12,13
591	106	161	0	1,2,3,4,5,6,7,8,9,10,11,12,13
592	108	161	0	1,2,3,4,5,6,7,8,9,10,11,12,13
593	100	161	0	1,2,3,4,5,6,7,8,9,10,11,12,13
594	110	161	0	1,2,3,4,5,6,7,8,9,10,11,12,13
595	103	161	0	1,2,3,4,5,6,7,8,9,10,11,12,13
596	105	161	0	1,2,3,4,5,6,7,8,9,10,11,12,13
597	107	161	0	1,2,3,4,5,6,7,8,9,10,11,12,13
598	109	161	0	1,2,3,4,5,6,7,8,9,10,11,12,13
599	102	161	0	1,2,3,4,5,6,7,8,9,10,11,12,13
600	99	162	0	1,2,3,4,5,6,7,8,9,10,11,12,13
601	103	163	0	1,2,3,4,5,6,7,8,9,10,11,12,13
602	105	163	0	1,2,3,4,5,6,7,8,9,10,11,12,13
603	107	163	0	1,2,3,4,5,6,7,8,9,10,11,12,13
604	99	163	0	1,2,3,4,5,6,7,8,9,10,11,12,13
605	104	163	0	1,2,3,4,5,6,7,8,9,10,11,12,13
606	106	163	0	1,2,3,4,5,6,7,8,9,10,11,12,13
607	108	163	0	1,2,3,4,5,6,7,8,9,10,11,12,13
608	99	164	0	1,2,3,4,5,6,7,8,9,10,11,12,13
609	99	165	0	1,2,3,4,5,6,7,8,9,10,11,12,13
610	103	166	0	2,4,6,8,10,12
611	105	166	0	2,4,6,8,10,12
612	107	166	0	2,4,6,8,10,12
613	99	166	0	1,3,5,7,9,11,13
614	109	166	0	2,4,6,8,10,12
615	104	166	0	1,3,5,7,9,11,13
616	106	166	0	1,3,5,7,9,11,13
617	108	166	0	1,3,5,7,9,11,13
618	14	171	0	1,2,3,4,5,6,7,8,9,10,11,12,13
619	14	172	0	1,3,5,7,9,11,13
620	18	171	0	1,2,3,4,5,6,7,8,9,10,11,12,13
621	18	172	0	1,3,5,7,9,11,13
622	19	171	0	1,2,3,4,5,6,7,8,9,10,11,12,13
623	19	172	0	1,3,5,7,9,11,13
624	20	171	0	1,2,3,4,5,6,7,8,9,10,11,12,13
625	20	172	0	1,3,5,7,9,11,13
626	14	174	0	1,2,3,4,5,6,7,8,9,10,11,12,13
627	14	175	0	1,3,5,7,9,11,13
628	18	174	0	1,2,3,4,5,6,7,8,9,10,11,12,13
629	18	175	0	1,3,5,7,9,11,13
630	19	174	0	1,2,3,4,5,6,7,8,9,10,11,12,13
631	19	175	0	1,3,5,7,9,11,13
632	20	174	0	1,2,3,4,5,6,7,8,9,10,11,12,13
633	20	175	0	1,3,5,7,9,11,13
634	97	174	0	1,2,3,4,5,6,7,8,9,10,11,12,13
635	97	175	0	1,3,5,7,9,11,13
636	98	174	0	1,2,3,4,5,6,7,8,9,10,11,12,13
637	98	175	0	1,3,5,7,9,11,13
638	26	174	0	1,2,3,4,5,6,7,8,9,10,11,12,13
639	26	175	0	1,3,5,7,9,11,13
640	14	177	0	1,2,3,4,5,6,7,8,9,10,11,12,13
641	14	178	0	1,3,5,7,9,11,13
642	18	177	0	1,2,3,4,5,6,7,8,9,10,11,12,13
643	18	178	0	1,3,5,7,9,11,13
644	19	177	0	1,2,3,4,5,6,7,8,9,10,11,12,13
645	19	178	0	1,3,5,7,9,11,13
646	20	177	0	1,2,3,4,5,6,7,8,9,10,11,12,13
647	20	178	0	1,3,5,7,9,11,13
648	97	177	0	1,2,3,4,5,6,7,8,9,10,11,12,13
649	97	178	0	1,3,5,7,9,11,13
650	98	177	0	1,2,3,4,5,6,7,8,9,10,11,12,13
651	98	178	0	1,3,5,7,9,11,13
652	26	177	0	1,2,3,4,5,6,7,8,9,10,11,12,13
653	26	178	0	1,3,5,7,9,11,13
654	14	180	0	1,2,3,4,5,6,7,8,9,10,11,12,13
655	14	181	0	1,3,5,7,9,11,13
656	18	180	0	1,2,3,4,5,6,7,8,9,10,11,12,13
657	18	181	0	1,3,5,7,9,11,13
658	19	180	0	1,2,3,4,5,6,7,8,9,10,11,12,13
659	19	181	0	1,3,5,7,9,11,13
660	20	180	0	1,2,3,4,5,6,7,8,9,10,11,12,13
661	20	181	0	1,3,5,7,9,11,13
662	97	180	0	1,2,3,4,5,6,7,8,9,10,11,12,13
663	97	181	0	1,3,5,7,9,11,13
664	98	180	0	1,2,3,4,5,6,7,8,9,10,11,12,13
665	98	181	0	1,3,5,7,9,11,13
666	26	180	0	1,2,3,4,5,6,7,8,9,10,11,12,13
667	26	181	0	1,3,5,7,9,11,13
668	2	182	0	1,2,3,4,5,6,7,8,9,10,11,12,13
669	31	183	0	1,2,3,4,5,6,7,8,9,10,11,12,13
670	31	184	0	1,3,5,7,9,11,13
671	2	185	0	1,2,3,4,5,6,7,8,9,10,11,12,13
672	97	186	0	1,2,3,4,5,6,7,8,9,10,11,12,13
673	98	186	0	1,2,3,4,5,6,7,8,9,10,11,12,13
674	26	186	0	1,2,3,4,5,6,7,8,9,10,11,12,13
675	6	188	0	1,2,3,4,5,6,7,8,9,10,11,12,13
676	123	189	0	1,2,3,4,5,6,7,8,9,10,11,12,13
677	33	189	0	1,2,3,4,5,6,7,8,9,10,11,12,13
678	34	189	0	1,2,3,4,5,6,7,8,9,10,11,12,13
679	126	189	0	1,2,3,4,5,6,7,8,9,10,11,12,13
680	127	189	0	1,2,3,4,5,6,7,8,9,10,11,12,13
681	35	189	0	1,2,3,4,5,6,7,8,9,10,11,12,13
682	36	189	0	1,2,3,4,5,6,7,8,9,10,11,12,13
683	37	189	0	1,2,3,4,5,6,7,8,9,10,11,12,13
684	38	189	0	1,2,3,4,5,6,7,8,9,10,11,12,13
685	124	189	0	1,2,3,4,5,6,7,8,9,10,11,12,13
686	125	189	0	1,2,3,4,5,6,7,8,9,10,11,12,13
687	123	190	0	1,3,5,7,9,11,13
688	33	190	0	1,3,5,7,9,11,13
689	34	190	0	1,3,5,7,9,11,13
690	126	190	0	1,3,5,7,9,11,13
691	127	190	0	1,3,5,7,9,11,13
692	35	190	0	1,3,5,7,9,11,13
693	36	190	0	1,3,5,7,9,11,13
694	37	190	0	1,3,5,7,9,11,13
695	38	190	0	1,3,5,7,9,11,13
696	124	190	0	1,3,5,7,9,11,13
697	125	190	0	1,3,5,7,9,11,13
698	6	191	0	1,2,3,4,5,6,7,8,9,10,11,12,13
699	123	192	0	1,2,3,4,5,6,7,8,9,10,11,12,13
700	33	192	0	1,2,3,4,5,6,7,8,9,10,11,12,13
701	34	192	0	1,2,3,4,5,6,7,8,9,10,11,12,13
702	126	192	0	1,2,3,4,5,6,7,8,9,10,11,12,13
703	127	192	0	1,2,3,4,5,6,7,8,9,10,11,12,13
704	123	193	0	1,3,5,7,9,11,13
705	33	193	0	1,3,5,7,9,11,13
706	34	193	0	1,3,5,7,9,11,13
707	126	193	0	1,3,5,7,9,11,13
708	127	193	0	1,3,5,7,9,11,13
709	6	194	0	1,2,3,4,5,6,7,8,9,10,11,12,13
710	123	195	0	1,2,3,4,5,6,7,8,9,10,11,12,13
711	33	195	0	1,2,3,4,5,6,7,8,9,10,11,12,13
712	34	195	0	1,2,3,4,5,6,7,8,9,10,11,12,13
713	126	195	0	1,2,3,4,5,6,7,8,9,10,11,12,13
714	127	195	0	1,2,3,4,5,6,7,8,9,10,11,12,13
715	35	195	0	1,2,3,4,5,6,7,8,9,10,11,12,13
716	36	195	0	1,2,3,4,5,6,7,8,9,10,11,12,13
717	37	195	0	1,2,3,4,5,6,7,8,9,10,11,12,13
718	38	195	0	1,2,3,4,5,6,7,8,9,10,11,12,13
719	124	195	0	1,2,3,4,5,6,7,8,9,10,11,12,13
720	125	195	0	1,2,3,4,5,6,7,8,9,10,11,12,13
721	123	196	0	1,3,5,7,9,11,13
722	33	196	0	1,3,5,7,9,11,13
723	34	196	0	1,3,5,7,9,11,13
724	126	196	0	1,3,5,7,9,11,13
725	35	196	0	1,3,5,7,9,11,13
726	36	196	0	1,3,5,7,9,11,13
727	37	196	0	1,3,5,7,9,11,13
728	6	197	0	1,2,3,4,5,6,7,8,9,10,11,12,13
729	123	198	0	1,2,3,4,5,6,7,8,9,10,11,12,13
730	33	198	0	1,2,3,4,5,6,7,8,9,10,11,12,13
731	34	198	0	1,2,3,4,5,6,7,8,9,10,11,12,13
732	126	198	0	1,2,3,4,5,6,7,8,9,10,11,12,13
733	127	198	0	1,2,3,4,5,6,7,8,9,10,11,12,13
734	35	198	0	1,2,3,4,5,6,7,8,9,10,11,12,13
735	36	198	0	1,2,3,4,5,6,7,8,9,10,11,12,13
736	37	198	0	1,2,3,4,5,6,7,8,9,10,11,12,13
737	38	198	0	1,2,3,4,5,6,7,8,9,10,11,12,13
738	124	198	0	1,2,3,4,5,6,7,8,9,10,11,12,13
739	125	198	0	1,2,3,4,5,6,7,8,9,10,11,12,13
740	123	199	0	1,3,5,7,9,11,13
741	33	199	0	1,3,5,7,9,11,13
742	34	199	0	1,3,5,7,9,11,13
743	126	199	0	1,3,5,7,9,11,13
744	127	199	0	1,3,5,7,9,11,13
745	131	199	0	1,3,5,7,9,11,13
746	35	199	0	1,3,5,7,9,11,13
747	36	199	0	1,3,5,7,9,11,13
748	37	199	0	1,3,5,7,9,11,13
749	38	199	0	1,3,5,7,9,11,13
750	124	199	0	1,3,5,7,9,11,13
751	125	199	0	1,3,5,7,9,11,13
752	132	199	0	1,3,5,7,9,11,13
753	6	200	0	1,2,3,4,5,6,7,8,9,10,11,12,13
754	123	201	0	1,2,3,4,5,6,7,8,9,10,11,12,13
755	33	201	0	1,2,3,4,5,6,7,8,9,10,11,12,13
756	34	201	0	1,2,3,4,5,6,7,8,9,10,11,12,13
757	126	201	0	1,2,3,4,5,6,7,8,9,10,11,12,13
758	127	201	0	1,2,3,4,5,6,7,8,9,10,11,12,13
759	35	201	0	1,2,3,4,5,6,7,8,9,10,11,12,13
760	36	201	0	1,2,3,4,5,6,7,8,9,10,11,12,13
761	37	201	0	1,2,3,4,5,6,7,8,9,10,11,12,13
762	38	201	0	1,2,3,4,5,6,7,8,9,10,11,12,13
763	124	201	0	1,2,3,4,5,6,7,8,9,10,11,12,13
764	125	201	0	1,2,3,4,5,6,7,8,9,10,11,12,13
765	123	202	0	1,3,5,7,9,11,13
766	33	202	0	1,3,5,7,9,11,13
767	34	202	0	1,3,5,7,9,11,13
768	126	202	0	1,3,5,7,9,11,13
769	127	202	0	1,3,5,7,9,11,13
770	35	202	0	1,3,5,7,9,11,13
771	36	202	0	1,3,5,7,9,11,13
772	37	202	0	1,3,5,7,9,11,13
773	38	202	0	1,3,5,7,9,11,13
774	124	202	0	1,3,5,7,9,11,13
775	125	202	0	1,3,5,7,9,11,13
776	132	202	0	1,3,5,7,9,11,13
777	6	203	0	1,2,3,4,5,6,7,8,9,10,11,12,13
778	128	204	0	1,2,3,4,5,6,7,8,9,10,11,12,13
779	128	205	0	1,3,5,7,9,11,13
780	6	206	0	1,2,3,4,5,6,7,8,9,10,11,12,13
781	35	207	0	1,2,3,4,5,6,7,8,9,10,11,12,13
782	36	207	0	1,2,3,4,5,6,7,8,9,10,11,12,13
783	37	207	0	1,2,3,4,5,6,7,8,9,10,11,12,13
784	38	207	0	1,2,3,4,5,6,7,8,9,10,11,12,13
785	124	207	0	1,2,3,4,5,6,7,8,9,10,11,12,13
786	125	207	0	1,2,3,4,5,6,7,8,9,10,11,12,13
871	3	22	0	1,2,3,4,5,6,7,8,9,10,11,12,13
872	147	32	0	1,2,3,4,5,6,7,8,9,10,11,12,13
873	146	32	0	1,2,3,4,5,6,7,8,9,10,11,12,13
874	147	33	0	1,3,5,7,9,11,13
875	146	33	0	1,3,5,7,9,11,13
876	147	35	0	1,2,3,4,5,6,7,8,9,10,11,12,13
877	146	35	0	1,2,3,4,5,6,7,8,9,10,11,12,13
878	147	40	0	2,4,6,8,10,12
879	147	41	0	1,2,3,4,5,6,7,8,9,10,11,12,13
880	146	41	0	1,2,3,4,5,6,7,8,9,10,11,12,13
881	146	40	0	2,4,6,8,10,12
882	146	44	0	1,2,3,4,5,6,7,8,9,10,11,12,13
883	146	42	0	1,2,3,4,5,6,7,8,9,10,11,12,13
884	147	42	0	1,2,3,4,5,6,7,8,9,10,11,12,13
885	147	44	0	1,2,3,4,5,6,7,8,9,10,11,12,13
886	148	45	0	1,2,3,4,5,6,7,8,9,10,11,12,13
887	148	46	0	1,2,3,4,5,6,7,8,9,10,11,12,13
888	146	46	0	1,2,3,4,5,6,7,8,9,10,11,12,13
889	146	48	0	1,3,5,7,9,11,13
890	147	48	0	2,4,6,8,10,12
891	146	49	0	1,2,3,4,5,6,7,8,9,10,11,12,13
892	147	49	0	1,2,3,4,5,6,7,8,9,10,11,12,13
893	5	214	0	1,2,3,4,5,6,7,8,9,10,11,12,13
894	5	215	0	1,2,3,4,5,6,7,8,9,10,11,12,13
980	7	102	0	1,2,3,4,5,6,7,8,9,10,11,12,13
981	168	103	0	1,2,3,4,5,6,7,8,9,10,11,12,13
982	152	103	0	1,2,3,4,5,6,7,8,9,10,11,12,13
983	153	103	0	1,2,3,4,5,6,7,8,9,10,11,12,13
984	154	103	0	1,2,3,4,5,6,7,8,9,10,11,12,13
985	167	103	0	1,2,3,4,5,6,7,8,9,10,11,12,13
986	153	105	0	2,4,6,8,10,12
987	150	105	0	1,3,5,7,9,11,13
988	152	105	0	1,3,5,7,9,11,13
989	150	107	0	1,2,3,4,5,6,7,8,9,10,11,12,13
990	152	107	0	1,2,3,4,5,6,7,8,9,10,11,12,13
991	154	107	0	1,2,3,4,5,6,7,8,9,10,11,12,13
992	154	105	0	1,3,5,7,9,11,13
993	153	107	0	1,2,3,4,5,6,7,8,9,10,11,12,13
994	152	108	0	1,2,3,4,5,6,7,8,9,10,11,12,13
995	150	108	0	1,2,3,4,5,6,7,8,9,10,11,12,13
996	154	108	0	1,2,3,4,5,6,7,8,9,10,11,12,13
997	160	108	0	1,2,3,4,5,6,7,8,9,10,11,12,13
998	159	108	0	1,2,3,4,5,6,7,8,9,10,11,12,13
999	158	108	0	1,2,3,4,5,6,7,8,9,10,11,12,13
1000	153	108	0	1,2,3,4,5,6,7,8,9,10,11,12,13
1001	160	110	0	2,4,6,8,10,12
1002	159	110	0	2,4,6,8,10,12
1003	158	110	0	1,3,5,7,9,11,13
1004	154	112	0	1,2,3,4,5,6,7,8,9,10,11,12,13
1005	154	110	0	2,4,6,8,10,12
1006	159	112	0	1,2,3,4,5,6,7,8,9,10,11,12,13
1007	153	112	0	1,2,3,4,5,6,7,8,9,10,11,12,13
1008	152	112	0	1,2,3,4,5,6,7,8,9,10,11,12,13
1009	158	112	0	1,2,3,4,5,6,7,8,9,10,11,12,13
1010	153	110	0	1,3,5,7,9,11,13
1011	150	110	0	1,3,5,7,9,11,13
1012	152	110	0	2,4,6,8,10,12
1013	150	112	0	1,2,3,4,5,6,7,8,9,10,11,12,13
1014	160	112	0	1,2,3,4,5,6,7,8,9,10,11,12,13
1015	154	114	0	1,2,3,4,5,6,7,8,9,10,11,12,13
1016	154	113	0	2,4,6,8,10,12
1017	152	114	0	1,2,3,4,5,6,7,8,9,10,11,12,13
1018	153	113	0	2,4,6,8,10,12
1019	152	113	0	1,3,5,7,9,11,13
1020	155	114	0	1,2,3,4,5,6,7,8,9,10,11,12,13
1021	155	113	0	1,3,5,7,9,11,13
1022	153	114	0	1,2,3,4,5,6,7,8,9,10,11,12,13
1023	71	120	0	1,3,5,7,9,11,13
1024	158	120	0	1,3,5,7,9,11,13
1025	160	121	0	1,2,3,4,5,6,7,8,9,10,11,12,13
1026	159	121	0	1,2,3,4,5,6,7,8,9,10,11,12,13
1027	158	121	0	1,2,3,4,5,6,7,8,9,10,11,12,13
1028	159	120	0	2,4,6,8,10,12
1029	160	120	0	1,3,5,7,9,11,13
1030	164	122	0	1,2,3,4,5,6,7,8,9,10,11,12,13
1031	164	123	0	2,4,6,8,10,12
1032	151	126	0	1,2,3,4,5,6,7,8,9,10,11,12,13
1033	168	126	0	1,2,3,4,5,6,7,8,9,10,11,12,13
1034	158	126	0	1,2,3,4,5,6,7,8,9,10,11,12,13
1035	169	126	0	1,2,3,4,5,6,7,8,9,10,11,12,13
1036	167	126	0	1,2,3,4,5,6,7,8,9,10,11,12,13
1037	160	126	0	1,2,3,4,5,6,7,8,9,10,11,12,13
1038	159	126	0	1,2,3,4,5,6,7,8,9,10,11,12,13
1039	151	128	0	1,2,3,4,5,6,7,8,9,10,11,12,13
1040	168	128	0	1,2,3,4,5,6,7,8,9,10,11,12,13
1041	167	128	0	1,2,3,4,5,6,7,8,9,10,11,12,13
1042	169	128	0	1,2,3,4,5,6,7,8,9,10,11,12,13
1043	168	129	0	1,2,3,4,5,6,7,8,9,10,11,12,13
1044	151	129	0	1,2,3,4,5,6,7,8,9,10,11,12,13
1045	167	129	0	1,2,3,4,5,6,7,8,9,10,11,12,13
1046	169	129	0	1,2,3,4,5,6,7,8,9,10,11,12,13
1047	159	131	0	1,3,5,7,9,11,13
1048	160	131	0	2,4,6,8,10,12
1049	167	132	0	1,2,3,4,5,6,7,8,9,10,11,12,13
1050	167	131	0	2,4,6,8,10,12
1051	168	131	0	1,3,5,7,9,11,13
1052	168	132	0	1,2,3,4,5,6,7,8,9,10,11,12,13
1053	158	131	0	2,4,6,8,10,12
1054	159	132	0	1,2,3,4,5,6,7,8,9,10,11,12,13
1055	158	132	0	1,2,3,4,5,6,7,8,9,10,11,12,13
1056	160	132	0	1,2,3,4,5,6,7,8,9,10,11,12,13
1057	158	134	0	1,2,3,4,5,6,7,8,9,10,11,12,13
1058	159	134	0	1,2,3,4,5,6,7,8,9,10,11,12,13
1059	151	134	0	1,2,3,4,5,6,7,8,9,10,11,12,13
1060	168	134	0	1,2,3,4,5,6,7,8,9,10,11,12,13
1061	160	134	0	1,2,3,4,5,6,7,8,9,10,11,12,13
1062	167	134	0	1,2,3,4,5,6,7,8,9,10,11,12,13
1063	9	212	0	1,2,3,4,5,6,7,8,9,10,11,12,13
1064	9	213	0	1,2,3,4,5,6,7,8,9,10,11,12,13
1065	99	187	0	1,2,3,4,5,6,7,8,9,10,11,12,13
1091	31	6	0	1,3,5,7,9,11,13
1092	31	7	0	1,2,3,4,5,6,7,8,9,10,11,12,13
1093	31	9	0	1,2,3,4,5,6,7,8,9,10,11,12,13
1094	31	10	0	1,2,3,4,5,6,7,8,9,10,11,12,13
1095	31	12	0	1,2,3,4,5,6,7,8,9,10,11,12,13
1096	128	87	0	1,2,3,4,5,6,7,8,9,10,11,12,13
1097	128	89	0	1,2,3,4,5,6,7,8,9,10,11,12,13
1098	128	90	0	1,2,3,4,5,6,7,8,9,10,11,12,13
1099	2	91	0	1,2,3,4,5,6,7,8,9,10,11,12,13
1100	128	92	0	1,2,3,4,5,6,7,8,9,10,11,12,13
1101	128	94	0	2,4,6,8,10,12
1102	128	95	0	1,2,3,4,5,6,7,8,9,10,11,12,13
1103	128	97	0	1,2,3,4,5,6,7,8,9,10,11,12,13
1104	128	98	0	1,2,3,4,5,6,7,8,9,10,11,12,13
1105	128	100	0	1,2,3,4,5,6,7,8,9,10,11,12,13
1107	146	45	0	1,2,3,4,5,6,7,8,9,10,11,12,13
1108	127	196	0	1,3,5,7,9,11,13
1109	38	196	0	1,3,5,7,9,11,13
1110	124	196	0	1,3,5,7,9,11,13
1111	125	196	0	1,3,5,7,9,11,13
1112	173	168	0	1,2,3,4,5,6,7,8,9,10,11,12,13
1113	176	168	0	1,2,3,4,5,6,7,8,9,10,11,12,13
1114	179	168	0	1,2,3,4,5,6,7,8,9,10,11,12,13
1115	173	171	0	1,2,3,4,5,6,7,8,9,10,11,12,13
1116	176	171	0	1,2,3,4,5,6,7,8,9,10,11,12,13
1117	173	174	0	1,2,3,4,5,6,7,8,9,10,11,12,13
1118	176	174	0	1,2,3,4,5,6,7,8,9,10,11,12,13
1119	179	174	0	1,2,3,4,5,6,7,8,9,10,11,12,13
1120	173	177	0	1,2,3,4,5,6,7,8,9,10,11,12,13
1121	176	177	0	1,2,3,4,5,6,7,8,9,10,11,12,13
1122	179	177	0	1,2,3,4,5,6,7,8,9,10,11,12,13
1123	176	180	0	1,2,3,4,5,6,7,8,9,10,11,12,13
1124	179	180	0	1,2,3,4,5,6,7,8,9,10,11,12,13
1125	173	186	0	1,2,3,4,5,6,7,8,9,10,11,12,13
1126	179	186	0	1,2,3,4,5,6,7,8,9,10,11,12,13
1127	149	189	0	1,2,3,4,5,6,7,8,9,10,11,12,13
1128	185	189	0	1,2,3,4,5,6,7,8,9,10,11,12,13
1129	182	189	0	1,2,3,4,5,6,7,8,9,10,11,12,13
1130	149	192	0	1,2,3,4,5,6,7,8,9,10,11,12,13
1131	182	192	0	1,2,3,4,5,6,7,8,9,10,11,12,13
1132	149	195	0	1,2,3,4,5,6,7,8,9,10,11,12,13
1133	185	195	0	1,2,3,4,5,6,7,8,9,10,11,12,13
1134	182	195	0	1,2,3,4,5,6,7,8,9,10,11,12,13
1135	149	198	0	1,2,3,4,5,6,7,8,9,10,11,12,13
1136	185	198	0	1,2,3,4,5,6,7,8,9,10,11,12,13
1137	182	198	0	1,2,3,4,5,6,7,8,9,10,11,12,13
1138	185	201	0	1,2,3,4,5,6,7,8,9,10,11,12,13
1139	182	201	0	1,2,3,4,5,6,7,8,9,10,11,12,13
