1	167	2	LT2A	45	Weekly	1,2,3,4,5,6,7,8,9,10,11,12,13
2	167	2	LT2A	4	Weekly	1,2,3,4,5,6,7,8,9,10,11,12,13
3	168	20	TR11	32	Weekly	1,2,3,4,5,6,7,8,9,10,11,12,13
4	168	19	TR13	31	Weekly	1,2,3,4,5,6,7,8,9,10,11,12,13
5	168	26	TR10	21	Weekly	1,2,3,4,5,6,7,8,9,10,11,12,13
6	168	18	TR12	7	Weekly	1,2,3,4,5,6,7,8,9,10,11,12,13
7	168	98	TR11	2	Weekly	1,2,3,4,5,6,7,8,9,10,11,12,13
8	168	14	TR13	8	Weekly	1,2,3,4,5,6,7,8,9,10,11,12,13
9	168	97	TR12	44	Weekly	1,2,3,4,5,6,7,8,9,10,11,12,13
10	168	173	TR+37	15	Weekly	1,2,3,4,5,6,7,8,9,10,11,12,13
11	168	176	TR+37	16	Weekly	1,2,3,4,5,6,7,8,9,10,11,12,13
12	168	179	TR+37	17	Weekly	1,2,3,4,5,6,7,8,9,10,11,12,13
13	169	14	ELE	30	Even	2,4,6,8,10,12
14	169	20	ELE	63	Even	2,4,6,8,10,12
15	169	19	ELE	64	Odd	1,3,5,7,9,11,13
16	169	26	ELE	44	Even	2,4,6,8,10,12
17	169	26	ELE	43	Even	2,4,6,8,10,12
18	169	18	ELE	29	Odd	1,3,5,7,9,11,13
19	169	20	ELE	64	Even	2,4,6,8,10,12
20	169	98	ELE	58	Even	2,4,6,8,10,12
21	169	98	ELE	57	Even	2,4,6,8,10,12
22	169	14	ELE	29	Even	2,4,6,8,10,12
23	169	19	ELE	63	Odd	1,3,5,7,9,11,13
24	169	97	ELE	58	Odd	1,3,5,7,9,11,13
25	169	97	ELE	57	Odd	1,3,5,7,9,11,13
26	169	18	ELE	30	Odd	1,3,5,7,9,11,13
27	170	2	LT2A	44	Weekly	1,2,3,4,5,6,7,8,9,10,11,12,13
28	170	2	LT2A	22	Weekly	1,2,3,4,5,6,7,8,9,10,11,12,13
29	171	18	TR12	6	Weekly	1,2,3,4,5,6,7,8,9,10,11,12,13
30	171	14	TR11	7	Weekly	1,2,3,4,5,6,7,8,9,10,11,12,13
31	171	20	TR15	59	Weekly	1,2,3,4,5,6,7,8,9,10,11,12,13
32	171	19	TR14	60	Weekly	1,2,3,4,5,6,7,8,9,10,11,12,13
33	171	173	TR+37	15	Weekly	1,2,3,4,5,6,7,8,9,10,11,12,13
34	171	176	TR11	16	Weekly	1,2,3,4,5,6,7,8,9,10,11,12,13
35	172	19	CI	63	Even	2,4,6,8,10,12
36	172	20	CI	64	Odd	1,3,5,7,9,11,13
37	172	18	CI	58	Even	2,4,6,8,10,12
38	172	19	CI	64	Even	2,4,6,8,10,12
39	172	14	CI	57	Odd	1,3,5,7,9,11,13
40	172	18	CI	57	Even	2,4,6,8,10,12
41	172	14	CI	58	Odd	1,3,5,7,9,11,13
42	172	20	CI	63	Odd	1,3,5,7,9,11,13
43	173	2	LT2A	3	Weekly	1,2,3,4,5,6,7,8,9,10,11,12,13
44	173	2	LT2A	49	Weekly	1,2,3,4,5,6,7,8,9,10,11,12,13
45	174	26	TR10	60	Weekly	1,2,3,4,5,6,7,8,9,10,11,12,13
46	174	98	TR18	44	Weekly	1,2,3,4,5,6,7,8,9,10,11,12,13
47	174	20	TR14	7	Weekly	1,2,3,4,5,6,7,8,9,10,11,12,13
48	174	97	TR12	1	Weekly	1,2,3,4,5,6,7,8,9,10,11,12,13
49	174	19	TR15	6	Weekly	1,2,3,4,5,6,7,8,9,10,11,12,13
50	174	18	TR14	62	Weekly	1,2,3,4,5,6,7,8,9,10,11,12,13
51	174	14	TR15	61	Weekly	1,2,3,4,5,6,7,8,9,10,11,12,13
52	174	173	TR+37	15	Weekly	1,2,3,4,5,6,7,8,9,10,11,12,13
53	174	176	TR12	16	Weekly	1,2,3,4,5,6,7,8,9,10,11,12,13
54	174	179	TR10	17	Weekly	1,2,3,4,5,6,7,8,9,10,11,12,13
55	175	14	CL2	29	Odd	1,3,5,7,9,11,13
56	175	26	CL2	64	Even	2,4,6,8,10,12
57	175	26	CL2	63	Even	2,4,6,8,10,12
58	175	20	CL2	19	Even	2,4,6,8,10,12
59	175	19	CL2	20	Odd	1,3,5,7,9,11,13
60	175	20	CL2	20	Even	2,4,6,8,10,12
61	175	18	CL2	29	Even	2,4,6,8,10,12
62	175	19	CL2	19	Odd	1,3,5,7,9,11,13
63	175	14	CL2	30	Odd	1,3,5,7,9,11,13
64	175	18	CL2	30	Even	2,4,6,8,10,12
65	175	98	CL2	57	Odd	1,3,5,7,9,11,13
66	175	98	CL2	58	Odd	1,3,5,7,9,11,13
67	175	97	CL2	57	Even	2,4,6,8,10,12
68	175	97	CL2	58	Even	2,4,6,8,10,12
69	176	2	LT2A	23	Weekly	1,2,3,4,5,6,7,8,9,10,11,12,13
70	177	18	TR14	61	Weekly	1,2,3,4,5,6,7,8,9,10,11,12,13
71	177	14	TR15	62	Weekly	1,2,3,4,5,6,7,8,9,10,11,12,13
72	177	26	TR10	44	Weekly	1,2,3,4,5,6,7,8,9,10,11,12,13
73	177	20	TR14	6	Weekly	1,2,3,4,5,6,7,8,9,10,11,12,13
74	177	98	TR11	1	Weekly	1,2,3,4,5,6,7,8,9,10,11,12,13
75	177	19	TR15	7	Weekly	1,2,3,4,5,6,7,8,9,10,11,12,13
76	177	97	TR12	2	Weekly	1,2,3,4,5,6,7,8,9,10,11,12,13
77	177	173	TR+37	15	Weekly	1,2,3,4,5,6,7,8,9,10,11,12,13
78	177	176	TR13	16	Weekly	1,2,3,4,5,6,7,8,9,10,11,12,13
79	177	179	TR13	17	Weekly	1,2,3,4,5,6,7,8,9,10,11,12,13
80	178	97	CL1	30	Even	2,4,6,8,10,12
81	178	97	CL1	29	Even	2,4,6,8,10,12
82	178	20	CL1	1	Odd	1,3,5,7,9,11,13
83	178	26	CL1	6	Odd	1,3,5,7,9,11,13
84	178	26	CL1	7	Odd	1,3,5,7,9,11,13
85	178	20	CL1	2	Odd	1,3,5,7,9,11,13
86	178	98	CL1	30	Odd	1,3,5,7,9,11,13
87	178	98	CL1	29	Odd	1,3,5,7,9,11,13
88	178	14	CL1	57	Even	2,4,6,8,10,12
89	178	14	CL1	58	Even	2,4,6,8,10,12
90	178	18	CL1	57	Odd	1,3,5,7,9,11,13
91	178	18	CL1	58	Odd	1,3,5,7,9,11,13
92	178	19	CL1	1	Even	2,4,6,8,10,12
93	178	19	CL1	2	Even	2,4,6,8,10,12
94	179	2	LT2A	50	Weekly	1,2,3,4,5,6,7,8,9,10,11,12,13
95	179	2	LT2A	16	Weekly	1,2,3,4,5,6,7,8,9,10,11,12,13
96	180	20	TR15	60	Weekly	1,2,3,4,5,6,7,8,9,10,11,12,13
97	180	26	TR10	61	Weekly	1,2,3,4,5,6,7,8,9,10,11,12,13
98	180	19	TR14	59	Weekly	1,2,3,4,5,6,7,8,9,10,11,12,13
99	180	98	TR15	20	Weekly	1,2,3,4,5,6,7,8,9,10,11,12,13
100	180	18	TR13	32	Weekly	1,2,3,4,5,6,7,8,9,10,11,12,13
101	180	97	TR13	21	Weekly	1,2,3,4,5,6,7,8,9,10,11,12,13
102	180	14	TR11	31	Weekly	1,2,3,4,5,6,7,8,9,10,11,12,13
103	180	176	TR+37	15	Weekly	1,2,3,4,5,6,7,8,9,10,11,12,13
104	180	179	TR10	17	Weekly	1,2,3,4,5,6,7,8,9,10,11,12,13
105	181	14	DIG	20	Odd	1,3,5,7,9,11,13
106	181	26	DIG	64	Even	2,4,6,8,10,12
107	181	26	DIG	63	Even	2,4,6,8,10,12
108	181	19	DIG	2	Odd	1,3,5,7,9,11,13
109	181	98	DIG	30	Even	2,4,6,8,10,12
110	181	98	DIG	29	Even	2,4,6,8,10,12
111	181	97	DIG	30	Odd	1,3,5,7,9,11,13
112	181	97	DIG	29	Odd	1,3,5,7,9,11,13
113	181	19	DIG	1	Odd	1,3,5,7,9,11,13
114	181	14	DIG	19	Odd	1,3,5,7,9,11,13
115	181	18	DIG	19	Even	2,4,6,8,10,12
116	181	18	DIG	20	Even	2,4,6,8,10,12
117	181	20	DIG	1	Even	2,4,6,8,10,12
118	181	20	DIG	2	Even	2,4,6,8,10,12
119	182	2	LT10	51	Weekly	1,2,3,4,5,6,7,8,9,10,11,12,13
120	182	2	LT10	18	Weekly	1,2,3,4,5,6,7,8,9,10,11,12,13
121	183	31	TR11	8	Weekly	1,2,3,4,5,6,7,8,9,10,11,12,13
122	184	31	ELE	5	Odd	1,3,5,7,9,11,13
123	184	31	ELE	6	Odd	1,3,5,7,9,11,13
124	185	2	LT19A	32	Weekly	1,2,3,4,5,6,7,8,9,10,11,12,13
125	185	2	LT19A	33	Weekly	1,2,3,4,5,6,7,8,9,10,11,12,13
126	186	98	TR11	21	Weekly	1,2,3,4,5,6,7,8,9,10,11,12,13
127	186	97	TR13	20	Weekly	1,2,3,4,5,6,7,8,9,10,11,12,13
128	186	26	TR10	22	Weekly	1,2,3,4,5,6,7,8,9,10,11,12,13
129	186	173	TR+37	15	Weekly	1,2,3,4,5,6,7,8,9,10,11,12,13
130	186	179	TR+37	17	Weekly	1,2,3,4,5,6,7,8,9,10,11,12,13
131	1	45	CL2	33	Weekly	1,2,3,4,5,6,7,8,9,10,11,12,13
132	1	45	CL2	34	Weekly	1,2,3,4,5,6,7,8,9,10,11,12,13
133	2	45	LT10	38	Weekly	1,2,3,4,5,6,7,8,9,10,11,12,13
134	2	45	LT10	36	Weekly	1,2,3,4,5,6,7,8,9,10,11,12,13
135	2	45	LT10	37	Weekly	1,2,3,4,5,6,7,8,9,10,11,12,13
136	3	45	LT17	38	Weekly	1,2,3,4,5,6,7,8,9,10,11,12,13
137	3	45	LT10	33	Weekly	1,2,3,4,5,6,7,8,9,10,11,12,13
138	3	45	LT17	37	Weekly	1,2,3,4,5,6,7,8,9,10,11,12,13
139	3	45	LT10	34	Weekly	1,2,3,4,5,6,7,8,9,10,11,12,13
140	4	45	CI	35	Weekly	1,2,3,4,5,6,7,8,9,10,11,12,13
141	4	45	CI	36	Weekly	1,2,3,4,5,6,7,8,9,10,11,12,13
142	5	45	LT19	36	Weekly	1,2,3,4,5,6,7,8,9,10,11,12,13
143	5	45	LT19	37	Weekly	1,2,3,4,5,6,7,8,9,10,11,12,13
144	5	45	LT10	39	Weekly	1,2,3,4,5,6,7,8,9,10,11,12,13
145	5	45	LT19	38	Weekly	1,2,3,4,5,6,7,8,9,10,11,12,13
146	6	31	ELE	47	Odd	1,3,5,7,9,11,13
147	6	31	ELE	46	Odd	1,3,5,7,9,11,13
148	7	31	TR11	10	Weekly	1,2,3,4,5,6,7,8,9,10,11,12,13
149	8	2	TR11	9	Weekly	1,2,3,4,5,6,7,8,9,10,11,12,13
150	8	2	TR11	23	Weekly	1,2,3,4,5,6,7,8,9,10,11,12,13
151	8	2	TR11	65	Weekly	1,2,3,4,5,6,7,8,9,10,11,12,13
152	9	31	CL1	60	Weekly	1,2,3,4,5,6,7,8,9,10,11,12,13
153	9	31	CL1	59	Weekly	1,2,3,4,5,6,7,8,9,10,11,12,13
154	10	31	TR12	52	Weekly	1,2,3,4,5,6,7,8,9,10,11,12,13
155	11	2	TR12	24	Weekly	1,2,3,4,5,6,7,8,9,10,11,12,13
156	11	2	TR12	8	Weekly	1,2,3,4,5,6,7,8,9,10,11,12,13
157	11	2	TR12	51	Weekly	1,2,3,4,5,6,7,8,9,10,11,12,13
158	12	31	TR13	44	Weekly	1,2,3,4,5,6,7,8,9,10,11,12,13
159	13	2	LT10	18	Weekly	1,2,3,4,5,6,7,8,9,10,11,12,13
160	14	31	DIG	58	Even	2,4,6,8,10,12
161	14	31	DIG	57	Even	2,4,6,8,10,12
162	15	31	TR13	15	Weekly	1,2,3,4,5,6,7,8,9,10,11,12,13
163	16	2	LT2A	16	Weekly	1,2,3,4,5,6,7,8,9,10,11,12,13
164	16	2	LT4	32	Weekly	1,2,3,4,5,6,7,8,9,10,11,12,13
165	16	2	LT2A	50	Weekly	1,2,3,4,5,6,7,8,9,10,11,12,13
166	17	31	CL1	3	Weekly	1,2,3,4,5,6,7,8,9,10,11,12,13
167	17	31	CL1	4	Weekly	1,2,3,4,5,6,7,8,9,10,11,12,13
168	18	2	LT8	51	Weekly	1,2,3,4,5,6,7,8,9,10,11,12,13
169	18	2	LT4	31	Weekly	1,2,3,4,5,6,7,8,9,10,11,12,13
170	18	2	LT8	17	Weekly	1,2,3,4,5,6,7,8,9,10,11,12,13
171	19	31	TR16	30	Weekly	1,2,3,4,5,6,7,8,9,10,11,12,13
172	20	31	LT12	61	Weekly	1,2,3,4,5,6,7,8,9,10,11,12,13
173	21	2	LT2A	4	Weekly	1,2,3,4,5,6,7,8,9,10,11,12,13
174	21	2	LT2A	45	Weekly	1,2,3,4,5,6,7,8,9,10,11,12,13
175	22	3	LT19A	33	Weekly	1,2,3,4,5,6,7,8,9,10,11,12,13
176	22	3	LT19	52	Weekly	1,2,3,4,5,6,7,8,9,10,11,12,13
177	22	3	LT19A	32	Weekly	1,2,3,4,5,6,7,8,9,10,11,12,13
178	23	74	TR17	47	Weekly	1,2,3,4,5,6,7,8,9,10,11,12,13
179	23	71	TR16	59	Weekly	1,2,3,4,5,6,7,8,9,10,11,12,13
180	23	75	TR18	62	Weekly	1,2,3,4,5,6,7,8,9,10,11,12,13
181	23	73	TR18	7	Weekly	1,2,3,4,5,6,7,8,9,10,11,12,13
182	24	3	LT19	45	Weekly	1,2,3,4,5,6,7,8,9,10,11,12,13
183	24	3	TCT-LT	30	Weekly	1,2,3,4,5,6,7,8,9,10,11,12,13
184	25	53	DIG	18	Even	2,4,6,8,10,12
185	25	53	DIG	17	Even	2,4,6,8,10,12
186	25	54	DIG	17	Odd	1,3,5,7,9,11,13
187	25	54	DIG	18	Odd	1,3,5,7,9,11,13
188	25	50	DIG	4	Even	2,4,6,8,10,12
189	25	50	DIG	5	Even	2,4,6,8,10,12
190	25	52	DIG	49	Even	2,4,6,8,10,12
191	25	52	DIG	50	Even	2,4,6,8,10,12
192	25	51	DIG	49	Odd	1,3,5,7,9,11,13
193	25	51	DIG	50	Odd	1,3,5,7,9,11,13
194	25	48	DIG	4	Odd	1,3,5,7,9,11,13
195	25	48	DIG	5	Odd	1,3,5,7,9,11,13
196	26	3	LT19	3	Weekly	1,2,3,4,5,6,7,8,9,10,11,12,13
197	26	3	LT19	19	Weekly	1,2,3,4,5,6,7,8,9,10,11,12,13
198	26	3	LT10	46	Weekly	1,2,3,4,5,6,7,8,9,10,11,12,13
199	27	48	TR18	64	Weekly	1,2,3,4,5,6,7,8,9,10,11,12,13
200	27	53	TR11	50	Weekly	1,2,3,4,5,6,7,8,9,10,11,12,13
201	27	54	TR13	49	Weekly	1,2,3,4,5,6,7,8,9,10,11,12,13
202	27	52	TR12	16	Weekly	1,2,3,4,5,6,7,8,9,10,11,12,13
203	27	51	TR18	17	Weekly	1,2,3,4,5,6,7,8,9,10,11,12,13
204	27	50	TR14	63	Weekly	1,2,3,4,5,6,7,8,9,10,11,12,13
205	28	3	LT2A	47	Weekly	1,2,3,4,5,6,7,8,9,10,11,12,13
206	28	3	LT2A	59	Weekly	1,2,3,4,5,6,7,8,9,10,11,12,13
207	28	3	LT2A	21	Weekly	1,2,3,4,5,6,7,8,9,10,11,12,13
208	29	52	CE	4	Odd	1,3,5,7,9,11,13
209	29	52	CE	5	Odd	1,3,5,7,9,11,13
210	29	53	CE	17	Odd	1,3,5,7,9,11,13
211	29	53	CE	18	Odd	1,3,5,7,9,11,13
212	29	50	CE	30	Even	2,4,6,8,10,12
213	29	50	CE	31	Even	2,4,6,8,10,12
214	29	54	CE	17	Even	2,4,6,8,10,12
215	29	54	CE	18	Even	2,4,6,8,10,12
216	29	51	CE	4	Even	2,4,6,8,10,12
217	29	51	CE	5	Even	2,4,6,8,10,12
218	29	48	CE	30	Odd	1,3,5,7,9,11,13
219	29	48	CE	31	Odd	1,3,5,7,9,11,13
220	30	48	TR14	15	Weekly	1,2,3,4,5,6,7,8,9,10,11,12,13
221	30	53	TR14	4	Weekly	1,2,3,4,5,6,7,8,9,10,11,12,13
222	30	54	TR15	5	Weekly	1,2,3,4,5,6,7,8,9,10,11,12,13
223	30	51	TR11	62	Weekly	1,2,3,4,5,6,7,8,9,10,11,12,13
224	30	50	TR15	16	Weekly	1,2,3,4,5,6,7,8,9,10,11,12,13
225	30	52	TR15	31	Weekly	1,2,3,4,5,6,7,8,9,10,11,12,13
226	31	3	LT2A	1	Weekly	1,2,3,4,5,6,7,8,9,10,11,12,13
227	31	3	LT19	22	Weekly	1,2,3,4,5,6,7,8,9,10,11,12,13
228	31	3	LT2A	60	Weekly	1,2,3,4,5,6,7,8,9,10,11,12,13
229	32	51	TR14	31	Weekly	1,2,3,4,5,6,7,8,9,10,11,12,13
230	32	54	TR10	8	Weekly	1,2,3,4,5,6,7,8,9,10,11,12,13
231	32	53	TR14	5	Weekly	1,2,3,4,5,6,7,8,9,10,11,12,13
232	32	52	TR15	30	Weekly	1,2,3,4,5,6,7,8,9,10,11,12,13
233	32	50	TR15	15	Weekly	1,2,3,4,5,6,7,8,9,10,11,12,13
234	32	48	TR14	16	Weekly	1,2,3,4,5,6,7,8,9,10,11,12,13
235	32	147	TR15	44	Weekly	1,2,3,4,5,6,7,8,9,10,11,12,13
236	32	146	TR15	46	Weekly	1,2,3,4,5,6,7,8,9,10,11,12,13
237	33	52	MS	4	Even	2,4,6,8,10,12
238	33	52	MS	5	Even	2,4,6,8,10,12
239	33	50	MS	32	Odd	1,3,5,7,9,11,13
240	33	50	MS	31	Odd	1,3,5,7,9,11,13
241	33	48	MS	32	Even	2,4,6,8,10,12
242	33	48	MS	31	Even	2,4,6,8,10,12
243	33	147	MS	17	Odd	1,3,5,7,9,11,13
244	33	147	MS	18	Odd	1,3,5,7,9,11,13
245	33	146	MS	2	Odd	1,3,5,7,9,11,13
246	33	146	MS	3	Odd	1,3,5,7,9,11,13
247	33	53	MS	63	Even	2,4,6,8,10,12
248	33	53	MS	64	Even	2,4,6,8,10,12
249	33	54	MS	63	Odd	1,3,5,7,9,11,13
250	33	54	MS	64	Odd	1,3,5,7,9,11,13
251	33	51	MS	50	Even	2,4,6,8,10,12
252	33	51	MS	49	Even	2,4,6,8,10,12
253	34	3	LT19	29	Weekly	1,2,3,4,5,6,7,8,9,10,11,12,13
254	34	3	LT2A	58	Weekly	1,2,3,4,5,6,7,8,9,10,11,12,13
255	34	3	LT19	7	Weekly	1,2,3,4,5,6,7,8,9,10,11,12,13
256	35	147	TR11	45	Weekly	1,2,3,4,5,6,7,8,9,10,11,12,13
257	35	146	TR16	31	Weekly	1,2,3,4,5,6,7,8,9,10,11,12,13
258	35	48	TR16	63	Weekly	1,2,3,4,5,6,7,8,9,10,11,12,13
259	35	52	TR11	17	Weekly	1,2,3,4,5,6,7,8,9,10,11,12,13
260	35	54	TR16	50	Weekly	1,2,3,4,5,6,7,8,9,10,11,12,13
261	35	53	TR16	49	Weekly	1,2,3,4,5,6,7,8,9,10,11,12,13
262	35	50	TR16	64	Weekly	1,2,3,4,5,6,7,8,9,10,11,12,13
263	35	51	TR16	16	Weekly	1,2,3,4,5,6,7,8,9,10,11,12,13
264	36	62	TR18	45	Weekly	1,2,3,4,5,6,7,8,9,10,11,12,13
265	37	3	LT19	2	Weekly	1,2,3,4,5,6,7,8,9,10,11,12,13
266	37	3	LT19	44	Weekly	1,2,3,4,5,6,7,8,9,10,11,12,13
267	37	3	LT19	20	Weekly	1,2,3,4,5,6,7,8,9,10,11,12,13
268	38	62	CL2	51	Odd	1,3,5,7,9,11,13
269	38	62	CL2	50	Odd	1,3,5,7,9,11,13
270	39	3	LT19	48	Weekly	1,2,3,4,5,6,7,8,9,10,11,12,13
271	39	3	LT19	57	Weekly	1,2,3,4,5,6,7,8,9,10,11,12,13
272	39	3	LT19	15	Weekly	1,2,3,4,5,6,7,8,9,10,11,12,13
273	40	147	CE	19	Even	2,4,6,8,10,12
274	40	147	CE	20	Even	2,4,6,8,10,12
275	40	146	CE	2	Even	2,4,6,8,10,12
276	40	146	CE	3	Even	2,4,6,8,10,12
277	40	62	CE	63	Even	2,4,6,8,10,12
278	40	62	CE	64	Even	2,4,6,8,10,12
279	41	147	TR14	21	Weekly	1,2,3,4,5,6,7,8,9,10,11,12,13
280	41	146	TR12	64	Weekly	1,2,3,4,5,6,7,8,9,10,11,12,13
281	41	62	TR14	23	Weekly	1,2,3,4,5,6,7,8,9,10,11,12,13
282	42	62	SWE	37	Weekly	1,2,3,4,5,6,7,8,9,10,11,12,13
283	42	62	SWE	36	Weekly	1,2,3,4,5,6,7,8,9,10,11,12,13
284	42	146	SWE	17	Weekly	1,2,3,4,5,6,7,8,9,10,11,12,13
285	42	146	SWE	18	Weekly	1,2,3,4,5,6,7,8,9,10,11,12,13
286	42	58	SWE	31	Weekly	1,2,3,4,5,6,7,8,9,10,11,12,13
287	42	58	SWE	32	Weekly	1,2,3,4,5,6,7,8,9,10,11,12,13
288	42	147	SWE	63	Weekly	1,2,3,4,5,6,7,8,9,10,11,12,13
289	42	147	SWE	64	Weekly	1,2,3,4,5,6,7,8,9,10,11,12,13
290	43	3	LT10	43	Weekly	1,2,3,4,5,6,7,8,9,10,11,12,13
291	43	3	LT10	4	Weekly	1,2,3,4,5,6,7,8,9,10,11,12,13
292	44	146	TR49	6	Weekly	1,2,3,4,5,6,7,8,9,10,11,12,13
293	44	62	TR49	5	Weekly	1,2,3,4,5,6,7,8,9,10,11,12,13
294	44	147	TR49	8	Weekly	1,2,3,4,5,6,7,8,9,10,11,12,13
295	44	58	TR49	2	Weekly	1,2,3,4,5,6,7,8,9,10,11,12,13
296	45	146	ELE	51	Weekly	1,2,3,4,5,6,7,8,9,10,11,12,13
297	45	146	ELE	50	Weekly	1,2,3,4,5,6,7,8,9,10,11,12,13
298	45	62	ELE	33	Weekly	1,2,3,4,5,6,7,8,9,10,11,12,13
299	45	62	ELE	34	Weekly	1,2,3,4,5,6,7,8,9,10,11,12,13
300	46	62	TR11	9	Weekly	1,2,3,4,5,6,7,8,9,10,11,12,13
301	46	146	TR15	21	Weekly	1,2,3,4,5,6,7,8,9,10,11,12,13
302	47	3	LT19	49	Weekly	1,2,3,4,5,6,7,8,9,10,11,12,13
303	47	3	LT19	6	Weekly	1,2,3,4,5,6,7,8,9,10,11,12,13
304	47	3	LT19	17	Weekly	1,2,3,4,5,6,7,8,9,10,11,12,13
305	48	146	COMM	7	Odd	1,3,5,7,9,11,13
306	48	146	COMM	8	Odd	1,3,5,7,9,11,13
307	48	74	COMM	19	Odd	1,3,5,7,9,11,13
308	48	74	COMM	20	Odd	1,3,5,7,9,11,13
309	48	147	COMM	7	Even	2,4,6,8,10,12
310	48	147	COMM	8	Even	2,4,6,8,10,12
311	48	71	COMM	2	Odd	1,3,5,7,9,11,13
312	48	71	COMM	3	Odd	1,3,5,7,9,11,13
313	48	73	COMM	17	Even	2,4,6,8,10,12
314	48	73	COMM	18	Even	2,4,6,8,10,12
315	48	75	COMM	48	Even	2,4,6,8,10,12
316	48	75	COMM	49	Even	2,4,6,8,10,12
317	49	74	TR16	3	Weekly	1,2,3,4,5,6,7,8,9,10,11,12,13
318	49	75	TR13	5	Weekly	1,2,3,4,5,6,7,8,9,10,11,12,13
319	49	73	TR17	44	Weekly	1,2,3,4,5,6,7,8,9,10,11,12,13
320	49	146	TR16	65	Weekly	1,2,3,4,5,6,7,8,9,10,11,12,13
321	49	71	TR18	22	Weekly	1,2,3,4,5,6,7,8,9,10,11,12,13
322	49	147	TR11	63	Weekly	1,2,3,4,5,6,7,8,9,10,11,12,13
323	50	4	LT19	51	Weekly	1,2,3,4,5,6,7,8,9,10,11,12,13
324	50	4	LT19	61	Weekly	1,2,3,4,5,6,7,8,9,10,11,12,13
325	50	4	LT19	16	Weekly	1,2,3,4,5,6,7,8,9,10,11,12,13
326	51	75	COMM	48	Odd	1,3,5,7,9,11,13
327	51	75	COMM	49	Odd	1,3,5,7,9,11,13
328	51	71	COMM	2	Even	2,4,6,8,10,12
329	51	71	COMM	3	Even	2,4,6,8,10,12
330	51	73	COMM	17	Odd	1,3,5,7,9,11,13
331	51	73	COMM	18	Odd	1,3,5,7,9,11,13
332	51	74	COMM	19	Even	2,4,6,8,10,12
333	51	74	COMM	20	Even	2,4,6,8,10,12
334	52	75	TR13	6	Weekly	1,2,3,4,5,6,7,8,9,10,11,12,13
335	52	71	TR11	7	Weekly	1,2,3,4,5,6,7,8,9,10,11,12,13
336	52	74	TR16	22	Weekly	1,2,3,4,5,6,7,8,9,10,11,12,13
337	52	73	TR17	58	Weekly	1,2,3,4,5,6,7,8,9,10,11,12,13
338	53	4	LT2A	32	Weekly	1,2,3,4,5,6,7,8,9,10,11,12,13
339	53	4	LT2A	46	Weekly	1,2,3,4,5,6,7,8,9,10,11,12,13
340	53	4	LT4	9	Weekly	1,2,3,4,5,6,7,8,9,10,11,12,13
341	54	73	DB	2	Even	2,4,6,8,10,12
342	54	73	DB	3	Even	2,4,6,8,10,12
343	54	75	DB	19	Even	2,4,6,8,10,12
344	54	75	DB	20	Even	2,4,6,8,10,12
345	54	74	DB	5	Odd	1,3,5,7,9,11,13
346	54	74	DB	6	Odd	1,3,5,7,9,11,13
347	54	71	DB	63	Odd	1,3,5,7,9,11,13
348	54	71	DB	64	Odd	1,3,5,7,9,11,13
349	55	73	TR17	59	Weekly	1,2,3,4,5,6,7,8,9,10,11,12,13
350	55	74	TR13	7	Weekly	1,2,3,4,5,6,7,8,9,10,11,12,13
351	55	75	TR18	63	Weekly	1,2,3,4,5,6,7,8,9,10,11,12,13
352	55	71	TR18	20	Weekly	1,2,3,4,5,6,7,8,9,10,11,12,13
353	56	4	LT4	31	Weekly	1,2,3,4,5,6,7,8,9,10,11,12,13
354	56	4	LT4	50	Weekly	1,2,3,4,5,6,7,8,9,10,11,12,13
355	56	4	LT4	8	Weekly	1,2,3,4,5,6,7,8,9,10,11,12,13
356	57	5	LT19	46	Weekly	1,2,3,4,5,6,7,8,9,10,11,12,13
357	57	5	LT4	29	Weekly	1,2,3,4,5,6,7,8,9,10,11,12,13
358	57	5	LT4	7	Weekly	1,2,3,4,5,6,7,8,9,10,11,12,13
359	58	5	LT19	47	Weekly	1,2,3,4,5,6,7,8,9,10,11,12,13
360	59	5	LT19	66	Weekly	1,2,3,4,5,6,7,8,9,10,11,12,13
361	59	5	LT4	23	Weekly	1,2,3,4,5,6,7,8,9,10,11,12,13
362	59	5	LT4	24	Weekly	1,2,3,4,5,6,7,8,9,10,11,12,13
363	60	5	LT19	67	Weekly	1,2,3,4,5,6,7,8,9,10,11,12,13
364	61	5	LT10	45	Weekly	1,2,3,4,5,6,7,8,9,10,11,12,13
365	61	5	LT10	63	Weekly	1,2,3,4,5,6,7,8,9,10,11,12,13
366	61	5	LT10	15	Weekly	1,2,3,4,5,6,7,8,9,10,11,12,13
367	62	5	LT10	16	Weekly	1,2,3,4,5,6,7,8,9,10,11,12,13
368	63	5	LT13	62	Weekly	1,2,3,4,5,6,7,8,9,10,11,12,13
369	63	5	LT5	6	Weekly	1,2,3,4,5,6,7,8,9,10,11,12,13
370	63	5	LT13	18	Weekly	1,2,3,4,5,6,7,8,9,10,11,12,13
371	64	5	TR39	17	Weekly	1,2,3,4,5,6,7,8,9,10,11,12,13
372	65	5	LT19	1	Weekly	1,2,3,4,5,6,7,8,9,10,11,12,13
373	65	5	LT8	22	Weekly	1,2,3,4,5,6,7,8,9,10,11,12,13
374	65	5	LT19	54	Weekly	1,2,3,4,5,6,7,8,9,10,11,12,13
375	66	5	LT19	55	Weekly	1,2,3,4,5,6,7,8,9,10,11,12,13
376	70	5	LT8	30	Weekly	1,2,3,4,5,6,7,8,9,10,11,12,13
377	71	5	LT8	7	Weekly	1,2,3,4,5,6,7,8,9,10,11,12,13
378	71	5	LT8	29	Weekly	1,2,3,4,5,6,7,8,9,10,11,12,13
379	71	5	LT8	43	Weekly	1,2,3,4,5,6,7,8,9,10,11,12,13
380	72	5	LT11	11	Weekly	1,2,3,4,5,6,7,8,9,10,11,12,13
381	72	5	LT11	10	Weekly	1,2,3,4,5,6,7,8,9,10,11,12,13
382	72	5	LT11	52	Weekly	1,2,3,4,5,6,7,8,9,10,11,12,13
383	73	5	LT11	53	Weekly	1,2,3,4,5,6,7,8,9,10,11,12,13
384	74	5	LT4	36	Weekly	1,2,3,4,5,6,7,8,9,10,11,12,13
385	75	5	LT19	41	Weekly	1,2,3,4,5,6,7,8,9,10,11,12,13
386	75	5	LT19	40	Weekly	1,2,3,4,5,6,7,8,9,10,11,12,13
387	75	5	LT19	39	Weekly	1,2,3,4,5,6,7,8,9,10,11,12,13
388	76	5	LT4	60	Weekly	1,2,3,4,5,6,7,8,9,10,11,12,13
389	76	5	LT4	35	Weekly	1,2,3,4,5,6,7,8,9,10,11,12,13
390	76	5	LT4	4	Weekly	1,2,3,4,5,6,7,8,9,10,11,12,13
391	77	5	LT4	61	Weekly	1,2,3,4,5,6,7,8,9,10,11,12,13
392	78	5	LT8	20	Weekly	1,2,3,4,5,6,7,8,9,10,11,12,13
393	78	5	LT8	2	Weekly	1,2,3,4,5,6,7,8,9,10,11,12,13
394	78	5	LT4	44	Weekly	1,2,3,4,5,6,7,8,9,10,11,12,13
395	79	5	LT8	3	Weekly	1,2,3,4,5,6,7,8,9,10,11,12,13
396	80	5	LT12	37	Weekly	1,2,3,4,5,6,7,8,9,10,11,12,13
397	80	5	LT12	38	Weekly	1,2,3,4,5,6,7,8,9,10,11,12,13
398	80	5	LT10	25	Weekly	1,2,3,4,5,6,7,8,9,10,11,12,13
399	81	5	LT10	26	Weekly	1,2,3,4,5,6,7,8,9,10,11,12,13
400	82	5	LT2A	5	Weekly	1,2,3,4,5,6,7,8,9,10,11,12,13
401	82	5	LT2A	64	Weekly	1,2,3,4,5,6,7,8,9,10,11,12,13
402	82	5	LT2A	19	Weekly	1,2,3,4,5,6,7,8,9,10,11,12,13
403	83	5	LT2A	65	Weekly	1,2,3,4,5,6,7,8,9,10,11,12,13
404	84	5	LT8	33	Weekly	1,2,3,4,5,6,7,8,9,10,11,12,13
405	84	5	LT8	34	Weekly	1,2,3,4,5,6,7,8,9,10,11,12,13
406	84	5	LT11	8	Weekly	1,2,3,4,5,6,7,8,9,10,11,12,13
407	85	5	LT11	9	Weekly	1,2,3,4,5,6,7,8,9,10,11,12,13
408	214	5	LT5	31	Weekly	1,2,3,4,5,6,7,8,9,10,11,12,13
409	214	5	LT8	57	Weekly	1,2,3,4,5,6,7,8,9,10,11,12,13
410	214	5	LT10	48	Weekly	1,2,3,4,5,6,7,8,9,10,11,12,13
411	215	5	LT10	49	Weekly	1,2,3,4,5,6,7,8,9,10,11,12,13
412	86	47	LT6	61	Weekly	1,2,3,4,5,6,7,8,9,10,11,12,13
413	86	47	LT6	17	Weekly	1,2,3,4,5,6,7,8,9,10,11,12,13
414	86	47	LT6	62	Weekly	1,2,3,4,5,6,7,8,9,10,11,12,13
415	87	128	TR12	62	Weekly	1,2,3,4,5,6,7,8,9,10,11,12,13
416	88	6	LT2A	45	Weekly	1,2,3,4,5,6,7,8,9,10,11,12,13
417	88	6	LT8	64	Weekly	1,2,3,4,5,6,7,8,9,10,11,12,13
418	88	6	LT2A	22	Weekly	1,2,3,4,5,6,7,8,9,10,11,12,13
419	89	128	TR15	17	Weekly	1,2,3,4,5,6,7,8,9,10,11,12,13
420	90	128	CL1	49	Weekly	1,2,3,4,5,6,7,8,9,10,11,12,13
421	90	128	CL1	50	Weekly	1,2,3,4,5,6,7,8,9,10,11,12,13
422	91	2	TR12	24	Weekly	1,2,3,4,5,6,7,8,9,10,11,12,13
423	91	2	TR12	8	Weekly	1,2,3,4,5,6,7,8,9,10,11,12,13
424	91	2	TR12	51	Weekly	1,2,3,4,5,6,7,8,9,10,11,12,13
425	92	128	TR19	17	Weekly	1,2,3,4,5,6,7,8,9,10,11,12,13
426	93	6	LT10	51	Weekly	1,2,3,4,5,6,7,8,9,10,11,12,13
427	93	6	LT10	18	Weekly	1,2,3,4,5,6,7,8,9,10,11,12,13
428	94	128	DIG	2	Even	2,4,6,8,10,12
429	94	128	DIG	1	Even	2,4,6,8,10,12
430	95	128	TR14	43	Weekly	1,2,3,4,5,6,7,8,9,10,11,12,13
431	96	6	LT2A	50	Weekly	1,2,3,4,5,6,7,8,9,10,11,12,13
432	96	6	LT2A	16	Weekly	1,2,3,4,5,6,7,8,9,10,11,12,13
433	96	6	LT4	32	Weekly	1,2,3,4,5,6,7,8,9,10,11,12,13
434	97	128	TR17	16	Weekly	1,2,3,4,5,6,7,8,9,10,11,12,13
435	98	128	CL1	36	Weekly	1,2,3,4,5,6,7,8,9,10,11,12,13
436	98	128	CL1	35	Weekly	1,2,3,4,5,6,7,8,9,10,11,12,13
437	99	6	LT4	31	Weekly	1,2,3,4,5,6,7,8,9,10,11,12,13
438	99	6	LT8	51	Weekly	1,2,3,4,5,6,7,8,9,10,11,12,13
439	99	6	LT8	17	Weekly	1,2,3,4,5,6,7,8,9,10,11,12,13
440	100	128	TR12	21	Weekly	1,2,3,4,5,6,7,8,9,10,11,12,13
441	101	6	LT2A	45	Weekly	1,2,3,4,5,6,7,8,9,10,11,12,13
442	101	6	LT2A	4	Weekly	1,2,3,4,5,6,7,8,9,10,11,12,13
443	102	7	LT19	52	Weekly	1,2,3,4,5,6,7,8,9,10,11,12,13
444	102	7	LT19A	32	Weekly	1,2,3,4,5,6,7,8,9,10,11,12,13
445	102	7	LT19A	33	Weekly	1,2,3,4,5,6,7,8,9,10,11,12,13
446	103	168	TR19	2	Weekly	1,2,3,4,5,6,7,8,9,10,11,12,13
447	103	152	TR18	58	Weekly	1,2,3,4,5,6,7,8,9,10,11,12,13
448	103	153	TR18	3	Weekly	1,2,3,4,5,6,7,8,9,10,11,12,13
449	103	154	TR19	4	Weekly	1,2,3,4,5,6,7,8,9,10,11,12,13
450	103	167	TR12	60	Weekly	1,2,3,4,5,6,7,8,9,10,11,12,13
451	104	7	LT19	45	Weekly	1,2,3,4,5,6,7,8,9,10,11,12,13
452	104	7	TCT	30	Weekly	1,2,3,4,5,6,7,8,9,10,11,12,13
453	105	153	CE	57	Even	2,4,6,8,10,12
454	105	153	CE	58	Even	2,4,6,8,10,12
455	105	150	CE	43	Odd	1,3,5,7,9,11,13
456	105	150	CE	44	Odd	1,3,5,7,9,11,13
457	105	152	CE	57	Odd	1,3,5,7,9,11,13
458	105	152	CE	58	Odd	1,3,5,7,9,11,13
459	105	154	CE	45	Odd	1,3,5,7,9,11,13
460	105	154	CE	46	Odd	1,3,5,7,9,11,13
461	106	7	LT2A	21	Weekly	1,2,3,4,5,6,7,8,9,10,11,12,13
462	106	7	LT2A	47	Weekly	1,2,3,4,5,6,7,8,9,10,11,12,13
463	106	7	LT2A	59	Weekly	1,2,3,4,5,6,7,8,9,10,11,12,13
464	107	150	TR14	51	Weekly	1,2,3,4,5,6,7,8,9,10,11,12,13
465	107	152	TR14	44	Weekly	1,2,3,4,5,6,7,8,9,10,11,12,13
466	107	154	TR14	30	Weekly	1,2,3,4,5,6,7,8,9,10,11,12,13
467	107	153	TR16	45	Weekly	1,2,3,4,5,6,7,8,9,10,11,12,13
468	108	152	TR15	8	Weekly	1,2,3,4,5,6,7,8,9,10,11,12,13
469	108	150	TR16	57	Weekly	1,2,3,4,5,6,7,8,9,10,11,12,13
470	108	154	TR14	2	Weekly	1,2,3,4,5,6,7,8,9,10,11,12,13
471	108	160	TR15	58	Weekly	1,2,3,4,5,6,7,8,9,10,11,12,13
472	108	159	TR10	45	Weekly	1,2,3,4,5,6,7,8,9,10,11,12,13
473	108	158	TR10	30	Weekly	1,2,3,4,5,6,7,8,9,10,11,12,13
474	108	153	TR16	44	Weekly	1,2,3,4,5,6,7,8,9,10,11,12,13
475	109	7	LT8	48	Weekly	1,2,3,4,5,6,7,8,9,10,11,12,13
476	109	7	LT4	63	Weekly	1,2,3,4,5,6,7,8,9,10,11,12,13
477	109	7	LT4	6	Weekly	1,2,3,4,5,6,7,8,9,10,11,12,13
478	110	160	MS	2	Even	2,4,6,8,10,12
479	110	160	MS	3	Even	2,4,6,8,10,12
480	110	159	MS	44	Odd	1,3,5,7,9,11,13
481	110	159	MS	43	Odd	1,3,5,7,9,11,13
482	110	158	MS	44	Even	2,4,6,8,10,12
483	110	158	MS	43	Even	2,4,6,8,10,12
484	110	154	MS	8	Even	2,4,6,8,10,12
485	110	154	MS	9	Even	2,4,6,8,10,12
486	110	153	MS	57	Odd	1,3,5,7,9,11,13
487	110	153	MS	58	Odd	1,3,5,7,9,11,13
488	110	150	MS	4	Odd	1,3,5,7,9,11,13
489	110	150	MS	5	Odd	1,3,5,7,9,11,13
490	110	152	MS	57	Even	2,4,6,8,10,12
491	110	152	MS	58	Even	2,4,6,8,10,12
492	111	7	LT2A	1	Weekly	1,2,3,4,5,6,7,8,9,10,11,12,13
493	111	7	LT19	22	Weekly	1,2,3,4,5,6,7,8,9,10,11,12,13
494	111	7	LT2A	60	Weekly	1,2,3,4,5,6,7,8,9,10,11,12,13
495	112	154	TR19	17	Weekly	1,2,3,4,5,6,7,8,9,10,11,12,13
496	112	159	TR17	49	Weekly	1,2,3,4,5,6,7,8,9,10,11,12,13
497	112	153	TR19	20	Weekly	1,2,3,4,5,6,7,8,9,10,11,12,13
498	112	152	TR19	62	Weekly	1,2,3,4,5,6,7,8,9,10,11,12,13
499	112	158	TR16	58	Weekly	1,2,3,4,5,6,7,8,9,10,11,12,13
500	112	150	TR14	65	Weekly	1,2,3,4,5,6,7,8,9,10,11,12,13
501	112	160	TR10	7	Weekly	1,2,3,4,5,6,7,8,9,10,11,12,13
502	113	154	CL2	45	Even	2,4,6,8,10,12
503	113	154	CL2	46	Even	2,4,6,8,10,12
504	113	153	CL2	3	Even	2,4,6,8,10,12
505	113	153	CL2	4	Even	2,4,6,8,10,12
506	113	152	CL2	3	Odd	1,3,5,7,9,11,13
507	113	152	CL2	4	Odd	1,3,5,7,9,11,13
508	113	155	CL2	45	Odd	1,3,5,7,9,11,13
509	113	155	CL2	46	Odd	1,3,5,7,9,11,13
510	114	154	TR10	31	Weekly	1,2,3,4,5,6,7,8,9,10,11,12,13
511	114	152	TR18	2	Weekly	1,2,3,4,5,6,7,8,9,10,11,12,13
512	114	155	TR10	18	Weekly	1,2,3,4,5,6,7,8,9,10,11,12,13
513	114	153	TR20	30	Weekly	1,2,3,4,5,6,7,8,9,10,11,12,13
514	115	7	LT8	29	Weekly	1,2,3,4,5,6,7,8,9,10,11,12,13
515	115	7	LT8	7	Weekly	1,2,3,4,5,6,7,8,9,10,11,12,13
516	115	7	LT8	43	Weekly	1,2,3,4,5,6,7,8,9,10,11,12,13
517	116	70	CL2	35	Even	2,4,6,8,10,12
518	116	70	CL2	36	Even	2,4,6,8,10,12
519	117	70	TR18	37	Weekly	1,2,3,4,5,6,7,8,9,10,11,12,13
520	118	7	LT19	2	Weekly	1,2,3,4,5,6,7,8,9,10,11,12,13
521	118	7	LT19	20	Weekly	1,2,3,4,5,6,7,8,9,10,11,12,13
522	118	7	LT19	44	Weekly	1,2,3,4,5,6,7,8,9,10,11,12,13
523	119	7	LT4	31	Weekly	1,2,3,4,5,6,7,8,9,10,11,12,13
524	119	7	LT4	8	Weekly	1,2,3,4,5,6,7,8,9,10,11,12,13
525	119	7	LT4	50	Weekly	1,2,3,4,5,6,7,8,9,10,11,12,13
526	120	71	DB	63	Odd	1,3,5,7,9,11,13
527	120	71	DB	64	Odd	1,3,5,7,9,11,13
528	120	158	DB	44	Odd	1,3,5,7,9,11,13
529	120	158	DB	43	Odd	1,3,5,7,9,11,13
530	120	70	DB	21	Odd	1,3,5,7,9,11,13
531	120	70	DB	22	Odd	1,3,5,7,9,11,13
532	120	159	DB	44	Even	2,4,6,8,10,12
533	120	159	DB	43	Even	2,4,6,8,10,12
534	120	160	DB	2	Odd	1,3,5,7,9,11,13
535	120	160	DB	3	Odd	1,3,5,7,9,11,13
536	121	70	TR12	32	Weekly	1,2,3,4,5,6,7,8,9,10,11,12,13
537	121	160	TR10	17	Weekly	1,2,3,4,5,6,7,8,9,10,11,12,13
538	121	159	TR13	62	Weekly	1,2,3,4,5,6,7,8,9,10,11,12,13
539	121	158	TR19	21	Weekly	1,2,3,4,5,6,7,8,9,10,11,12,13
540	122	164	TR48	2	Weekly	1,2,3,4,5,6,7,8,9,10,11,12,13
541	122	70	TR49	18	Weekly	1,2,3,4,5,6,7,8,9,10,11,12,13
542	123	164	SWE	15	Even	2,4,6,8,10,12
543	123	164	SWE	16	Even	2,4,6,8,10,12
544	123	70	SWE	58	Odd	1,3,5,7,9,11,13
545	123	70	SWE	59	Odd	1,3,5,7,9,11,13
546	124	7	LT10	17	Weekly	1,2,3,4,5,6,7,8,9,10,11,12,13
547	124	7	LT10	3	Weekly	1,2,3,4,5,6,7,8,9,10,11,12,13
548	124	7	LT11	51	Weekly	1,2,3,4,5,6,7,8,9,10,11,12,13
549	125	8	LT2A	19	Weekly	1,2,3,4,5,6,7,8,9,10,11,12,13
550	125	8	LT2A	64	Weekly	1,2,3,4,5,6,7,8,9,10,11,12,13
551	125	8	LT2A	5	Weekly	1,2,3,4,5,6,7,8,9,10,11,12,13
552	126	151	TR10	63	Weekly	1,2,3,4,5,6,7,8,9,10,11,12,13
553	126	168	TR19	1	Weekly	1,2,3,4,5,6,7,8,9,10,11,12,13
554	126	158	TR17	62	Weekly	1,2,3,4,5,6,7,8,9,10,11,12,13
555	126	169	TR17	17	Weekly	1,2,3,4,5,6,7,8,9,10,11,12,13
556	126	167	TR10	3	Weekly	1,2,3,4,5,6,7,8,9,10,11,12,13
557	126	160	TR19	45	Weekly	1,2,3,4,5,6,7,8,9,10,11,12,13
558	126	159	TR12	59	Weekly	1,2,3,4,5,6,7,8,9,10,11,12,13
559	127	8	LT4	16	Weekly	1,2,3,4,5,6,7,8,9,10,11,12,13
560	127	8	LT4	51	Weekly	1,2,3,4,5,6,7,8,9,10,11,12,13
561	127	8	LT4	59	Weekly	1,2,3,4,5,6,7,8,9,10,11,12,13
562	128	151	TR14	58	Weekly	1,2,3,4,5,6,7,8,9,10,11,12,13
563	128	168	TR12	48	Weekly	1,2,3,4,5,6,7,8,9,10,11,12,13
564	128	167	TR12	22	Weekly	1,2,3,4,5,6,7,8,9,10,11,12,13
565	128	169	TR13	50	Weekly	1,2,3,4,5,6,7,8,9,10,11,12,13
566	129	168	CL1	31	Weekly	1,2,3,4,5,6,7,8,9,10,11,12,13
567	129	168	CL1	32	Weekly	1,2,3,4,5,6,7,8,9,10,11,12,13
568	129	151	CL1	31	Weekly	1,2,3,4,5,6,7,8,9,10,11,12,13
569	129	151	CL1	32	Weekly	1,2,3,4,5,6,7,8,9,10,11,12,13
570	129	167	CL1	43	Weekly	1,2,3,4,5,6,7,8,9,10,11,12,13
571	129	167	CL1	44	Weekly	1,2,3,4,5,6,7,8,9,10,11,12,13
572	129	169	CL1	8	Weekly	1,2,3,4,5,6,7,8,9,10,11,12,13
573	129	169	CL1	9	Weekly	1,2,3,4,5,6,7,8,9,10,11,12,13
574	130	8	LT4	15	Weekly	1,2,3,4,5,6,7,8,9,10,11,12,13
575	130	8	LT4	57	Weekly	1,2,3,4,5,6,7,8,9,10,11,12,13
576	130	8	LT4	46	Weekly	1,2,3,4,5,6,7,8,9,10,11,12,13
577	131	159	SWE	2	Odd	1,3,5,7,9,11,13
578	131	159	SWE	3	Odd	1,3,5,7,9,11,13
579	131	160	SWE	43	Even	2,4,6,8,10,12
580	131	160	SWE	44	Even	2,4,6,8,10,12
581	131	167	SWE	34	Even	2,4,6,8,10,12
582	131	167	SWE	35	Even	2,4,6,8,10,12
583	131	168	SWE	43	Odd	1,3,5,7,9,11,13
584	131	168	SWE	44	Odd	1,3,5,7,9,11,13
585	131	158	SWE	2	Even	2,4,6,8,10,12
586	131	158	SWE	3	Even	2,4,6,8,10,12
587	132	167	TR47	47	Weekly	1,2,3,4,5,6,7,8,9,10,11,12,13
588	132	168	NA	50	Weekly	1,2,3,4,5,6,7,8,9,10,11,12,13
589	132	159	TR47	9	Weekly	1,2,3,4,5,6,7,8,9,10,11,12,13
590	132	158	TR47	49	Weekly	1,2,3,4,5,6,7,8,9,10,11,12,13
591	132	160	TR47	59	Weekly	1,2,3,4,5,6,7,8,9,10,11,12,13
592	133	8	LT5	6	Weekly	1,2,3,4,5,6,7,8,9,10,11,12,13
593	133	8	LT13	18	Weekly	1,2,3,4,5,6,7,8,9,10,11,12,13
594	133	8	LT13	62	Weekly	1,2,3,4,5,6,7,8,9,10,11,12,13
595	134	158	TR19	63	Weekly	1,2,3,4,5,6,7,8,9,10,11,12,13
596	134	159	TR17	16	Weekly	1,2,3,4,5,6,7,8,9,10,11,12,13
597	134	151	TR13	60	Weekly	1,2,3,4,5,6,7,8,9,10,11,12,13
598	134	168	TR22	58	Weekly	1,2,3,4,5,6,7,8,9,10,11,12,13
599	134	160	TR15	9	Weekly	1,2,3,4,5,6,7,8,9,10,11,12,13
600	134	167	TR19	50	Weekly	1,2,3,4,5,6,7,8,9,10,11,12,13
601	135	9	LT4	7	Weekly	1,2,3,4,5,6,7,8,9,10,11,12,13
602	135	9	LT4	29	Weekly	1,2,3,4,5,6,7,8,9,10,11,12,13
603	135	9	LT19	46	Weekly	1,2,3,4,5,6,7,8,9,10,11,12,13
604	136	9	LT19	47	Weekly	1,2,3,4,5,6,7,8,9,10,11,12,13
605	137	9	LT4	24	Weekly	1,2,3,4,5,6,7,8,9,10,11,12,13
606	137	9	LT4	23	Weekly	1,2,3,4,5,6,7,8,9,10,11,12,13
607	137	9	LT19	66	Weekly	1,2,3,4,5,6,7,8,9,10,11,12,13
608	138	9	LT19	67	Weekly	1,2,3,4,5,6,7,8,9,10,11,12,13
609	139	9	LT19	54	Weekly	1,2,3,4,5,6,7,8,9,10,11,12,13
610	139	9	LT8	22	Weekly	1,2,3,4,5,6,7,8,9,10,11,12,13
611	139	9	LT19	1	Weekly	1,2,3,4,5,6,7,8,9,10,11,12,13
612	140	9	LT19	55	Weekly	1,2,3,4,5,6,7,8,9,10,11,12,13
613	143	9	LT11	11	Weekly	1,2,3,4,5,6,7,8,9,10,11,12,13
614	143	9	LT11	10	Weekly	1,2,3,4,5,6,7,8,9,10,11,12,13
615	143	9	LT11	52	Weekly	1,2,3,4,5,6,7,8,9,10,11,12,13
616	144	9	LT11	53	Weekly	1,2,3,4,5,6,7,8,9,10,11,12,13
617	145	9	LT4	36	Weekly	1,2,3,4,5,6,7,8,9,10,11,12,13
618	146	9	LT19	41	Weekly	1,2,3,4,5,6,7,8,9,10,11,12,13
619	146	9	LT19	39	Weekly	1,2,3,4,5,6,7,8,9,10,11,12,13
620	146	9	LT19	40	Weekly	1,2,3,4,5,6,7,8,9,10,11,12,13
621	147	9	LT16	30	Weekly	1,2,3,4,5,6,7,8,9,10,11,12,13
622	147	9	LT16	45	Weekly	1,2,3,4,5,6,7,8,9,10,11,12,13
623	147	9	LT16	63	Weekly	1,2,3,4,5,6,7,8,9,10,11,12,13
624	148	9	LT16	31	Weekly	1,2,3,4,5,6,7,8,9,10,11,12,13
625	149	9	LT4	35	Weekly	1,2,3,4,5,6,7,8,9,10,11,12,13
626	149	9	LT4	60	Weekly	1,2,3,4,5,6,7,8,9,10,11,12,13
627	149	9	LT4	4	Weekly	1,2,3,4,5,6,7,8,9,10,11,12,13
628	150	9	LT4	61	Weekly	1,2,3,4,5,6,7,8,9,10,11,12,13
629	151	9	LT8	20	Weekly	1,2,3,4,5,6,7,8,9,10,11,12,13
630	151	9	LT4	44	Weekly	1,2,3,4,5,6,7,8,9,10,11,12,13
631	151	9	LT8	2	Weekly	1,2,3,4,5,6,7,8,9,10,11,12,13
632	152	9	LT8	3	Weekly	1,2,3,4,5,6,7,8,9,10,11,12,13
633	212	9	LT10	48	Weekly	1,2,3,4,5,6,7,8,9,10,11,12,13
634	212	9	LT8	57	Weekly	1,2,3,4,5,6,7,8,9,10,11,12,13
635	212	9	LT5	31	Weekly	1,2,3,4,5,6,7,8,9,10,11,12,13
636	213	9	LT10	49	Weekly	1,2,3,4,5,6,7,8,9,10,11,12,13
637	188	6	LT2A	4	Weekly	1,2,3,4,5,6,7,8,9,10,11,12,13
638	188	6	LT2A	45	Weekly	1,2,3,4,5,6,7,8,9,10,11,12,13
639	189	33	TR12	31	Weekly	1,2,3,4,5,6,7,8,9,10,11,12,13
640	189	123	TR17	32	Weekly	1,2,3,4,5,6,7,8,9,10,11,12,13
641	189	125	TR13	63	Weekly	1,2,3,4,5,6,7,8,9,10,11,12,13
642	189	124	TR17	2	Weekly	1,2,3,4,5,6,7,8,9,10,11,12,13
643	189	38	TR18	59	Weekly	1,2,3,4,5,6,7,8,9,10,11,12,13
644	189	37	TR13	44	Weekly	1,2,3,4,5,6,7,8,9,10,11,12,13
645	189	127	TR11	60	Weekly	1,2,3,4,5,6,7,8,9,10,11,12,13
646	189	36	TR14	8	Weekly	1,2,3,4,5,6,7,8,9,10,11,12,13
647	189	126	TR12	20	Weekly	1,2,3,4,5,6,7,8,9,10,11,12,13
648	189	35	TR15	1	Weekly	1,2,3,4,5,6,7,8,9,10,11,12,13
649	189	34	TR13	58	Weekly	1,2,3,4,5,6,7,8,9,10,11,12,13
650	189	149	TR+37	15	Weekly	1,2,3,4,5,6,7,8,9,10,11,12,13
651	189	185	TR20	16	Weekly	1,2,3,4,5,6,7,8,9,10,11,12,13
652	189	182	TR+37	17	Weekly	1,2,3,4,5,6,7,8,9,10,11,12,13
653	190	127	ELE	19	Odd	1,3,5,7,9,11,13
654	190	37	ELE	8	Even	2,4,6,8,10,12
655	190	37	ELE	7	Even	2,4,6,8,10,12
656	190	126	SWE	30	Odd	1,3,5,7,9,11,13
657	190	36	ELE	21	Even	2,4,6,8,10,12
658	190	36	ELE	22	Even	2,4,6,8,10,12
659	190	34	SWE	30	Even	2,4,6,8,10,12
660	190	123	ELE	1	Odd	1,3,5,7,9,11,13
661	190	35	ELE	21	Odd	1,3,5,7,9,11,13
662	190	35	ELE	22	Odd	1,3,5,7,9,11,13
663	190	123	ELE	2	Odd	1,3,5,7,9,11,13
664	190	125	ELE	43	Odd	1,3,5,7,9,11,13
665	190	125	ELE	44	Odd	1,3,5,7,9,11,13
666	190	127	ELE	20	Odd	1,3,5,7,9,11,13
667	190	124	DB	57	Even	2,4,6,8,10,12
668	190	124	DB	58	Even	2,4,6,8,10,12
669	190	126	SWE	29	Odd	1,3,5,7,9,11,13
670	190	38	ELE	8	Odd	1,3,5,7,9,11,13
671	190	38	ELE	7	Odd	1,3,5,7,9,11,13
672	190	33	ELE	1	Even	2,4,6,8,10,12
673	190	33	ELE	2	Even	2,4,6,8,10,12
674	190	34	SWE	29	Even	2,4,6,8,10,12
675	191	6	LT2A	44	Weekly	1,2,3,4,5,6,7,8,9,10,11,12,13
676	191	6	LT2A	22	Weekly	1,2,3,4,5,6,7,8,9,10,11,12,13
677	192	127	TR11	59	Weekly	1,2,3,4,5,6,7,8,9,10,11,12,13
678	192	126	TR11	58	Weekly	1,2,3,4,5,6,7,8,9,10,11,12,13
679	192	34	TR11	19	Weekly	1,2,3,4,5,6,7,8,9,10,11,12,13
680	192	123	TR17	31	Weekly	1,2,3,4,5,6,7,8,9,10,11,12,13
681	192	33	TR12	32	Weekly	1,2,3,4,5,6,7,8,9,10,11,12,13
682	192	149	TR+37	15	Weekly	1,2,3,4,5,6,7,8,9,10,11,12,13
683	192	182	TR+37	16	Weekly	1,2,3,4,5,6,7,8,9,10,11,12,13
684	193	127	CI	8	Odd	1,3,5,7,9,11,13
685	193	126	CI	30	Even	2,4,6,8,10,12
686	193	127	CI	7	Odd	1,3,5,7,9,11,13
687	193	34	CI	29	Odd	1,3,5,7,9,11,13
688	193	126	CI	29	Even	2,4,6,8,10,12
689	193	33	CI	2	Odd	1,3,5,7,9,11,13
690	193	34	CI	30	Odd	1,3,5,7,9,11,13
691	193	33	CI	1	Odd	1,3,5,7,9,11,13
692	193	123	CI	1	Even	2,4,6,8,10,12
693	193	123	CI	2	Even	2,4,6,8,10,12
694	194	6	LT2A	3	Weekly	1,2,3,4,5,6,7,8,9,10,11,12,13
695	194	6	LT2A	49	Weekly	1,2,3,4,5,6,7,8,9,10,11,12,13
696	195	35	TR15	2	Weekly	1,2,3,4,5,6,7,8,9,10,11,12,13
697	195	127	TR19	6	Weekly	1,2,3,4,5,6,7,8,9,10,11,12,13
698	195	125	TR13	1	Weekly	1,2,3,4,5,6,7,8,9,10,11,12,13
699	195	126	TR19	32	Weekly	1,2,3,4,5,6,7,8,9,10,11,12,13
700	195	124	TR19	59	Weekly	1,2,3,4,5,6,7,8,9,10,11,12,13
701	195	34	TR18	31	Weekly	1,2,3,4,5,6,7,8,9,10,11,12,13
702	195	38	TR17	21	Weekly	1,2,3,4,5,6,7,8,9,10,11,12,13
703	195	33	TR16	7	Weekly	1,2,3,4,5,6,7,8,9,10,11,12,13
704	195	37	TR16	22	Weekly	1,2,3,4,5,6,7,8,9,10,11,12,13
705	195	123	TR12	57	Weekly	1,2,3,4,5,6,7,8,9,10,11,12,13
706	195	36	TR12	30	Weekly	1,2,3,4,5,6,7,8,9,10,11,12,13
707	195	149	TR+37	15	Weekly	1,2,3,4,5,6,7,8,9,10,11,12,13
708	195	185	TR19	16	Weekly	1,2,3,4,5,6,7,8,9,10,11,12,13
709	195	182	TR19	17	Weekly	1,2,3,4,5,6,7,8,9,10,11,12,13
710	196	34	CL2	7	Odd	1,3,5,7,9,11,13
711	196	123	CL2	60	Even	2,4,6,8,10,12
712	196	33	CL2	60	Odd	1,3,5,7,9,11,13
713	196	123	CL2	59	Even	2,4,6,8,10,12
714	196	37	CL2	1	Even	2,4,6,8,10,12
715	196	37	CL2	2	Even	2,4,6,8,10,12
716	196	36	CL2	43	Even	2,4,6,8,10,12
717	196	36	CL2	44	Odd	1,3,5,7,9,11,13
718	196	35	CL2	43	Odd	1,3,5,7,9,11,13
719	196	35	CL2	44	Odd	1,3,5,7,9,11,13
720	196	126	CL2	8	Even	2,4,6,8,10,12
721	196	34	CL2	8	Odd	1,3,5,7,9,11,13
722	196	126	CL2	7	Odd	1,3,5,7,9,11,13
723	196	33	CL2	59	Odd	1,3,5,7,9,11,13
724	196	127	CL2	64	Even	2,4,6,8,10,12
725	196	127	CL2	63	Even	2,4,6,8,10,12
726	196	38	CL2	1	Odd	1,3,5,7,9,11,13
727	196	38	CL2	2	Odd	1,3,5,7,9,11,13
728	196	124	CL2	22	Odd	1,3,5,7,9,11,13
729	196	124	CL2	21	Odd	1,2,4,6,8,10,12
730	196	125	CL2	22	Even	2,4,6,8,10,12
731	196	125	CL2	21	Even	2,4,6,8,10,12
732	197	6	LT2A	23	Weekly	1,2,3,4,5,6,7,8,9,10,11,12,13
733	198	34	TR13	20	Weekly	1,2,3,4,5,6,7,8,9,10,11,12,13
734	198	37	TR13	59	Weekly	1,2,3,4,5,6,7,8,9,10,11,12,13
735	198	33	TR11	57	Weekly	1,2,3,4,5,6,7,8,9,10,11,12,13
736	198	36	TR14	9	Weekly	1,2,3,4,5,6,7,8,9,10,11,12,13
737	198	123	TR17	8	Weekly	1,2,3,4,5,6,7,8,9,10,11,12,13
738	198	35	TR11	29	Weekly	1,2,3,4,5,6,7,8,9,10,11,12,13
739	198	125	TR13	2	Weekly	1,2,3,4,5,6,7,8,9,10,11,12,13
740	198	127	TR19	7	Weekly	1,2,3,4,5,6,7,8,9,10,11,12,13
741	198	124	TR17	1	Weekly	1,2,3,4,5,6,7,8,9,10,11,12,13
742	198	126	TR12	19	Weekly	1,2,3,4,5,6,7,8,9,10,11,12,13
743	198	38	TR17	30	Weekly	1,2,3,4,5,6,7,8,9,10,11,12,13
744	198	149	TR+37	15	Weekly	1,2,3,4,5,6,7,8,9,10,11,12,13
745	198	185	TR18	16	Weekly	1,2,3,4,5,6,7,8,9,10,11,12,13
746	198	182	TR+37	17	Weekly	1,2,3,4,5,6,7,8,9,10,11,12,13
747	199	127	CI	19	Even	2,4,6,8,10,12
748	199	36	CI	22	Even	2,4,6,8,10,12
749	199	36	CI	21	Even	2,4,6,8,10,12
750	199	126	CI	60	Even	2,4,6,8,10,12
751	199	35	CI	22	Odd	1,3,5,7,9,11,13
752	199	35	CI	21	Odd	1,3,5,7,9,11,13
753	199	127	CI	20	Even	2,4,6,8,10,12
754	199	126	CI	59	Even	2,4,6,8,10,12
755	199	33	COMM	29	Even	2,4,6,8,10,12
756	199	123	COMM	30	Odd	1,3,5,7,9,11,13
757	199	125	CI	43	Even	2,4,6,8,10,12
758	199	125	CI	44	Even	2,4,6,8,10,12
759	199	33	COMM	30	Even	2,4,6,8,10,12
760	199	124	COMM	58	Odd	1,3,5,7,9,11,13
761	199	124	COMM	57	Odd	1,3,5,7,9,11,13
762	199	123	COMM	29	Odd	1,3,5,7,9,11,13
763	199	38	CE	8	Even	2,4,6,8,10,12
764	199	38	CE	7	Even	2,4,6,8,10,12
765	199	37	CE	8	Odd	1,3,5,7,9,11,13
766	199	37	CE	7	Odd	1,3,5,7,9,11,13
767	199	34	CI	59	Odd	1,3,5,7,9,11,13
768	199	34	CI	60	Odd	1,3,5,7,9,11,13
769	200	6	LT2A	50	Weekly	1,2,3,4,5,6,7,8,9,10,11,12,13
770	200	6	LT2A	16	Weekly	1,2,3,4,5,6,7,8,9,10,11,12,13
771	201	124	TR19	60	Weekly	1,2,3,4,5,6,7,8,9,10,11,12,13
772	201	127	TR16	2	Weekly	1,2,3,4,5,6,7,8,9,10,11,12,13
773	201	38	TR11	44	Weekly	1,2,3,4,5,6,7,8,9,10,11,12,13
774	201	126	TR19	31	Weekly	1,2,3,4,5,6,7,8,9,10,11,12,13
775	201	37	TR13	30	Weekly	1,2,3,4,5,6,7,8,9,10,11,12,13
776	201	34	TR18	32	Weekly	1,2,3,4,5,6,7,8,9,10,11,12,13
777	201	36	TR12	29	Weekly	1,2,3,4,5,6,7,8,9,10,11,12,13
778	201	33	TR16	8	Weekly	1,2,3,4,5,6,7,8,9,10,11,12,13
779	201	35	TR11	30	Weekly	1,2,3,4,5,6,7,8,9,10,11,12,13
780	201	123	TR17	7	Weekly	1,2,3,4,5,6,7,8,9,10,11,12,13
781	201	125	TR13	64	Weekly	1,2,3,4,5,6,7,8,9,10,11,12,13
782	201	185	TR+37	15	Weekly	1,2,3,4,5,6,7,8,9,10,11,12,13
783	201	182	TR17	17	Weekly	1,2,3,4,5,6,7,8,9,10,11,12,13
784	202	33	DIG	60	Even	2,4,6,8,10,12
785	202	38	DIG	57	Even	2,4,6,8,10,12
786	202	38	DIG	58	Even	2,4,6,8,10,12
787	202	123	DIG	59	Odd	1,3,5,7,9,11,13
788	202	37	DIG	58	Odd	1,2,4,6,8,10,12
789	202	37	DIG	57	Odd	1,2,4,6,8,10,12
790	202	36	DIG	44	Odd	1,3,5,7,9,11,13
791	202	36	DIG	43	Odd	1,3,5,7,9,11,13
792	202	127	DIG	63	Odd	1,3,5,7,9,11,13
793	202	35	DIG	44	Even	2,4,6,8,10,12
794	202	35	DIG	43	Even	2,4,6,8,10,12
795	202	126	DIG	7	Odd	1,3,5,7,9,11,13
796	202	127	DIG	64	Odd	1,3,5,7,9,11,13
797	202	34	DIG	7	Even	2,4,6,8,10,12
798	202	126	DIG	8	Odd	1,2,4,6,8,10,12
799	202	33	DIG	59	Even	2,4,6,8,10,12
800	202	125	DIG	21	Odd	1,3,5,7,9,11,13
801	202	125	DIG	22	Odd	1,2,4,6,8,10,12
802	202	34	DIG	8	Even	2,4,6,8,10,12
803	202	123	DIG	60	Odd	1,2,4,6,8,10,12
804	202	124	DIG	22	Even	2,4,6,8,10,12
805	202	124	DIG	21	Even	2,4,6,8,10,12
806	203	6	LT10	51	Weekly	1,2,3,4,5,6,7,8,9,10,11,12,13
807	203	6	LT10	18	Weekly	1,2,3,4,5,6,7,8,9,10,11,12,13
808	204	128	TR20	7	Weekly	1,2,3,4,5,6,7,8,9,10,11,12,13
809	205	128	ELE	5	Odd	1,3,5,7,9,11,13
810	205	128	ELE	6	Odd	1,3,5,7,9,11,13
811	206	6	LT19A	33	Weekly	1,2,3,4,5,6,7,8,9,10,11,12,13
812	206	6	LT19A	32	Weekly	1,2,3,4,5,6,7,8,9,10,11,12,13
813	207	125	TR19	30	Weekly	1,2,3,4,5,6,7,8,9,10,11,12,13
814	207	124	TR18	30	Weekly	1,2,3,4,5,6,7,8,9,10,11,12,13
815	207	38	TR17	22	Weekly	1,2,3,4,5,6,7,8,9,10,11,12,13
816	207	37	TR16	21	Weekly	1,2,3,4,5,6,7,8,9,10,11,12,13
817	207	36	TR14	20	Weekly	1,2,3,4,5,6,7,8,9,10,11,12,13
818	207	35	TR12	8	Weekly	1,2,3,4,5,6,7,8,9,10,11,12,13
819	160	99	LKCLT	10	Weekly	1,2,3,4,5,6,7,8,9,10,11,12,13
820	160	99	LKCLT	9	Weekly	1,2,3,4,5,6,7,8,9,10,11,12,13
821	160	103	LKCLT	52	Weekly	1,2,3,4,5,6,7,8,9,10,11,12,13
822	160	103	LKCLT	51	Weekly	1,2,3,4,5,6,7,8,9,10,11,12,13
823	161	99	TR11	10	Weekly	1,2,3,4,5,6,7,8,9,10,11,12,13
824	161	101	TR12	65	Weekly	1,2,3,4,5,6,7,8,9,10,11,12,13
825	161	104	TR13	10	Weekly	1,2,3,4,5,6,7,8,9,10,11,12,13
826	161	106	TR12	24	Weekly	1,2,3,4,5,6,7,8,9,10,11,12,13
827	161	108	TR11	52	Weekly	1,2,3,4,5,6,7,8,9,10,11,12,13
828	161	100	TR11	65	Weekly	1,2,3,4,5,6,7,8,9,10,11,12,13
829	161	110	TR13	52	Weekly	1,2,3,4,5,6,7,8,9,10,11,12,13
830	161	103	TR12	10	Weekly	1,2,3,4,5,6,7,8,9,10,11,12,13
831	161	105	TR11	24	Weekly	1,2,3,4,5,6,7,8,9,10,11,12,13
832	161	107	TR13	24	Weekly	1,2,3,4,5,6,7,8,9,10,11,12,13
833	161	109	TR12	52	Weekly	1,2,3,4,5,6,7,8,9,10,11,12,13
834	161	102	TR13	65	Weekly	1,2,3,4,5,6,7,8,9,10,11,12,13
835	187	99	LT19A	17	Weekly	1,2,3,4,5,6,7,8,9,10,11,12,13
836	187	99	LT19A	46	Weekly	1,2,3,4,5,6,7,8,9,10,11,12,13
837	162	99	LT19A	16	Weekly	1,2,3,4,5,6,7,8,9,10,11,12,13
838	163	103	MM2	1	Weekly	1,2,3,4,5,6,7,8,9,10,11,12,13
839	163	105	MM2	45	Weekly	1,2,3,4,5,6,7,8,9,10,11,12,13
840	163	107	MM2	6	Weekly	1,2,3,4,5,6,7,8,9,10,11,12,13
841	163	99	MM2	59	Weekly	1,2,3,4,5,6,7,8,9,10,11,12,13
842	163	104	MM2	30	Weekly	1,2,3,4,5,6,7,8,9,10,11,12,13
843	163	106	MM2	5	Weekly	1,2,3,4,5,6,7,8,9,10,11,12,13
844	163	108	MM2	46	Weekly	1,2,3,4,5,6,7,8,9,10,11,12,13
845	164	99	MM3	45	Weekly	1,2,3,4,5,6,7,8,9,10,11,12,13
846	165	99	LT3	21	Weekly	1,2,3,4,5,6,7,8,9,10,11,12,13
847	166	103	CSKL3	9	Even	2,4,6,8,10,12
848	166	105	CSKL3	30	Even	2,4,6,8,10,12
849	166	107	CSKL3	49	Even	2,4,6,8,10,12
850	166	99	CSKL3	9	Odd	1,3,5,7,9,11,13
851	166	103	CSKL3	8	Even	2,4,6,8,10,12
852	166	105	CSKL3	29	Even	2,4,6,8,10,12
853	166	107	CSKL3	48	Even	2,4,6,8,10,12
854	166	109	CSKL3	60	Even	2,4,6,8,10,12
855	166	99	CSKL3	8	Odd	1,3,5,7,9,11,13
856	166	109	CSKL3	59	Even	2,4,6,8,10,12
857	166	104	CSKL3	30	Odd	1,3,5,7,9,11,13
858	166	106	CSKL3	49	Odd	1,3,5,7,9,11,13
859	166	108	CSKL3	60	Odd	1,3,5,7,9,11,13
860	166	104	CSKL3	29	Odd	1,3,5,7,9,11,13
861	166	106	CSKL3	48	Odd	1,3,5,7,9,11,13
862	166	108	CSKL3	59	Odd	1,3,5,7,9,11,13
863	207	149	TR+37	15	Weekly	1,2,3,4,5,6,7,8,9,10,11,12,13
864	207	185	TR+37	16	Weekly	1,2,3,4,5,6,7,8,9,10,11,12,13
865	169	173	ELE	23	Odd	1,3,5,7,9,11,13
866	169	173	ELE	24	Odd	1,3,5,7,9,11,13
867	169	176	ELE	37	Even	2,4,6,8,10,12
868	169	176	ELE	38	Even	2,4,6,8,10,12
869	169	179	ELE	51	Odd	1,3,5,7,9,11,13
870	169	179	ELE	52	Odd	1,3,5,7,9,11,13
871	172	173	C&I	23	Even	2,4,6,8,10,12
872	172	173	C&I	24	Even	2,4,6,8,10,12
873	175	173	CL2	23	Odd	1,3,5,7,9,11,13
874	175	173	CL2	24	Odd	1,3,5,7,9,11,13
875	178	173	CL1	21	Even	2,4,6,8,10,12
876	178	173	CL1	22	Even	2,4,6,8,10,12
877	172	176	C&I	37	Odd	1,3,5,7,9,11,13
878	172	176	C&I	38	Odd	1,3,5,7,9,11,13
879	175	176	CL2	37	Even	2,4,6,8,10,12
880	175	176	CL2	38	Even	2,4,6,8,10,12
881	178	176	CL1	37	Odd	1,3,5,7,9,11,13
882	178	176	CL1	38	Odd	1,3,5,7,9,11,13
883	181	176	DIG	37	Odd	1,3,5,7,9,11,13
884	181	176	DIG	38	Odd	1,3,5,7,9,11,13
885	175	179	CE	51	Even	2,4,6,8,10,12
886	175	179	CE	52	Even	2,4,6,8,10,12
887	178	179	CL1	51	Odd	1,3,5,7,9,11,13
888	178	179	CL1	52	Odd	1,3,5,7,9,11,13
889	181	179	DIG	51	Even	2,4,6,8,10,12
890	181	179	DIG	52	Even	2,4,6,8,10,12
891	190	149	ELE	33	Odd	1,3,5,7,9,11,13
892	190	149	ELE	34	Odd	1,3,5,7,9,11,13
893	190	185	ELE	35	Even	2,4,6,8,10,12
894	190	185	ELE	36	Even	2,4,6,8,10,12
895	190	182	ELE	37	Odd	1,3,5,7,9,11,13
896	190	182	ELE	38	Odd	1,3,5,7,9,11,13
901	196	149	CL2	33	Odd	1,3,5,7,9,11,13
902	196	149	CL2	34	Odd	1,3,5,7,9,11,13
903	196	185	CL2	35	Even	2,4,6,8,10,12
904	196	185	CL2	36	Even	2,4,6,8,10,12
905	196	182	CL2	37	Odd	1,3,5,7,9,11,13
906	196	182	CL2	38	Odd	1,3,5,7,9,11,13
907	193	149	C&I	33	Even	2,4,6,8,10,12
908	193	149	C&I	34	Even	2,4,6,8,10,12
909	193	182	CE	37	Odd	1,3,5,7,9,11,13
910	193	182	CE	38	Odd	1,3,5,7,9,11,13
911	199	149	CI	33	Even	2,4,6,8,10,12
912	199	149	CI	34	Even	2,4,6,8,10,12
913	199	185	CE	35	Odd	1,3,5,7,9,11,13
914	199	185	CE	36	Odd	1,3,5,7,9,11,13
915	199	182	CI	37	Even	2,4,6,8,10,12
916	199	182	CI	38	Even	2,4,6,8,10,12
917	202	185	DIG	35	Even	2,4,6,8,10,12
918	202	185	DIG	36	Even	2,4,6,8,10,12
919	202	182	DIG	37	Odd	1,3,5,7,9,11,13
920	202	182	DIG	38	Odd	1,3,5,7,9,11,13
